1.503789  1.503789  0.21101109999999998 0.21101109999999998
1.443433  1.443433  0.20954689999999998 0.20954689999999998
1.503789  1.443433  0.21101109999999998 0.21101109999999998
1.383748  1.383748  0.2085419 0.2085419
1.443433  1.383748  0.21026887323094823 0.21028151441827866
1.503789  1.383748  0.21086926519086105 0.2108677272913925
1.3232490000000001  1.3232490000000001  0.2074879 0.2074879
1.383748  1.3232490000000001  0.2083150988336946 0.20831294592998414
1.443433  1.3232490000000001  0.20993281700916555 0.2099371673681349
1.503789  1.3232490000000001  0.2108899178847798 0.21087814253192114
1.263542  1.263542  0.20636529999999997 0.20636529999999997
1.3232490000000001  1.263542  0.20751412006188244 0.207523198873392
1.383748  1.263542  0.20898976026012034 0.20902882728701783
1.443433  1.263542  0.20887763694228884 0.208831112583164
1.503789  1.263542  0.21088839077794216 0.21087561569915
1.202952  1.202952  0.2049274 0.2049274
1.263542  1.202952  0.20621080856801188 0.2062147842872688
1.3232490000000001  1.202952  0.20792676677646948 0.20794336444173833
1.383748  1.202952  0.20775638220635648 0.20772403059073702
1.443433  1.202952  0.20958645277749782 0.20956280592361903
1.503789  1.202952  0.21097371564850695 0.21095188426137015
1.1432090000000001  1.1432090000000001  0.2038925 0.2038925
1.202952  1.1432090000000001  0.20455258072724555 0.20452990667301013
1.263542  1.1432090000000001  0.20594837841926 0.20593919825088491
1.3232490000000001  1.1432090000000001  0.20801207043821146 0.20804017942069844
1.383748  1.1432090000000001  0.2078599594788314 0.20785577908852582
1.443433  1.1432090000000001  0.20972046170801575 0.20967730857366437
1.503789  1.1432090000000001  0.21050991839316446 0.21048924250407858
1.0827360000000001  1.0827360000000001  0.2021848 0.2021848
1.1432090000000001  1.0827360000000001  0.2040189608833301 0.20401911324953367
1.202952  1.0827360000000001  0.20494253133060783 0.20493966276894027
1.263542  1.0827360000000001  0.20539370061945286 0.2053751480188408
1.3232490000000001  1.0827360000000001  0.20799720741345448 0.208016399458007
1.383748  1.0827360000000001  0.20757164823494284 0.20756189870256572
1.443433  1.0827360000000001  0.20949953949793176 0.20950641418225657
1.503789  1.0827360000000001  0.21146287851323478 0.21146301725802796
1.022985  1.022985  0.2012561 0.2012561
1.0827360000000001  1.022985  0.20230179215180483 0.20231702549791264
1.1432090000000001  1.022985  0.203753591497046 0.20376280609582206
1.202952  1.022985  0.20542537284874657 0.20543936457293305
1.263542  1.022985  0.20534909615667524 0.20531909881722063
1.3232490000000001  1.022985  0.20812679634726888 0.20814052022876708
1.383748  1.022985  0.20780933301638244 0.20776695066605116
1.443433  1.022985  0.20892898110857164 0.20892933083957121
1.503789  1.022985  0.21116390379812058 0.21114568558763383
0.9625343000000001  0.9625343000000001  0.1996799 0.1996799
1.022985  0.9625343000000001  0.20088887491727792 0.20091056944230543
1.0827360000000001  0.9625343000000001  0.20212390319487136 0.20213887038614248
1.1432090000000001  0.9625343000000001  0.2035377412828743 0.2035370581160651
1.202952  0.9625343000000001  0.20404515177639418 0.2040203013197187
1.263542  0.9625343000000001  0.20635800194253956 0.20638325272282898
1.3232490000000001  0.9625343000000001  0.2068956061983907 0.2068618041428182
1.383748  0.9625343000000001  0.20793051774644672 0.20793009223242112
1.443433  0.9625343000000001  0.21013476840670345 0.21018339304985112
1.503789  0.9625343000000001  0.21039297118859854 0.21039339921998385
0.9020751  0.9020751  0.1980664 0.1980664
0.9625343000000001  0.9020751  0.19936854457412562 0.19936244970408384
1.022985  0.9020751  0.20101292862248016 0.2010261405336545
1.0827360000000001  0.9020751  0.20222801617690953 0.20222559210079116
1.1432090000000001  0.9020751  0.20273717503877445 0.2027136500733333
1.202952  0.9020751  0.20507953431883863 0.20510417547549228
1.263542  0.9020751  0.20548616326027447 0.2054525353453656
1.3232490000000001  0.9020751  0.2065248722157263 0.2065244035855701
1.383748  0.9020751  0.20925415833599048 0.2093035261129072
1.443433  0.9020751  0.20925767068529755 0.2092514775881193
1.503789  0.9020751  0.21025885586195817 0.21026791992681862
0.8423139  0.8423139  0.1970165 0.1970165
0.9020751  0.8423139  0.19841324360811538 0.19840496312575384
0.9625343000000001  0.8423139  0.1994961525499505 0.19950315870383364
1.022985  0.8423139  0.20024953267724832 0.20023013394781067
1.0827360000000001  0.8423139  0.20256594620158655 0.20257063435399422
1.1432090000000001  0.8423139  0.2032713538610469 0.2033014358454053
1.202952  0.8423139  0.20454555035316946 0.20455654104929727
1.263542  0.8423139  0.20623094174972098 0.20623167093805012
1.3232490000000001  0.8423139  0.20658661498417102 0.20659384880402115
1.383748  0.8423139  0.20823241990771235 0.20821816628799253
1.443433  0.8423139  0.21001715111563457 0.21002913867013717
1.503789  0.8423139  0.2103695720681816 0.21036844590756357
0.7818239  0.7818239  0.1957631 0.1957631
0.8423139  0.7818239  0.1969696148104423 0.19695986157113612
0.9020751  0.7818239  0.19872155376188078 0.19874810381725944
0.9625343000000001  0.7818239  0.19875454230969025 0.19871176978296076
1.022985  0.7818239  0.20128193478306627 0.2012906177466275
1.0827360000000001  0.7818239  0.20198243335496605 0.20200576391802916
1.1432090000000001  0.7818239  0.2028930638186728 0.20289159557832603
1.202952  0.7818239  0.2053933904400508 0.20539752896752023
1.263542  0.7818239  0.205555150421559 0.2055546247510544
1.3232490000000001  0.7818239  0.20697319315964427 0.2069722910036154
1.383748  0.7818239  0.20886493347464682 0.20888001211051918
1.443433  0.7818239  0.2091357185311343 0.20914433811800665
1.503789  0.7818239  0.21011648715279227 0.21013704434872743
0.722076  0.722076  0.1944778 0.1944778
0.7818239  0.722076  0.19584002303335402 0.19586859337232254
0.8423139  0.722076  0.19695912265476961 0.19698417220689557
0.9020751  0.722076  0.19736250414653325 0.19731680875668364
0.9625343000000001  0.722076  0.19947821091802856 0.19946379526707975
1.022985  0.722076  0.20105074591085115 0.2010920190918766
1.0827360000000001  0.722076  0.2015507103599893 0.2015397401715632
1.1432090000000001  0.722076  0.20398354637570423 0.20398530774529464
1.202952  0.722076  0.2046215307420219 0.20464077623648488
1.263542  0.722076  0.20576901388273539 0.2057676049787748
1.3232490000000001  0.722076  0.2076271094038671 0.20764595040637648
1.383748  0.722076  0.20771853932084994 0.20772036121886078
1.443433  0.722076  0.208765367675843 0.2087133557812573
1.503789  0.722076  0.21094046148346807 0.21094242731426344
0.661558  0.661558  0.1926477 0.1926477
0.722076  0.661558  0.1940187534817219 0.19402835630417697
0.7818239  0.661558  0.19573614111991247 0.1957430466879675
0.8423139  0.661558  0.1964716702856729 0.19644857490371936
0.9020751  0.661558  0.19839957560912255 0.19839751473491452
0.9625343000000001  0.661558  0.19980899229240093 0.1998263387292118
1.022985  0.661558  0.20012954407884992 0.20010805692713257
1.0827360000000001  0.661558  0.2031216328088204 0.20312715350799973
1.1432090000000001  0.661558  0.20365745692713455 0.20367780446995218
1.202952  0.661558  0.20438680060576467 0.2043912955678125
1.263542  0.661558  0.2065101448897307 0.2065183622176395
1.3232490000000001  0.661558  0.20719709016683366 0.20720410874505837
1.383748  0.661558  0.20734475074720854 0.2072977547121449
1.443433  0.661558  0.2103448740011552 0.21035692755262506
1.503789  0.661558  0.21065819159824642 0.210647047311841
0.6017396  0.6017396  0.1910717 0.1910717
0.661558  0.6017396  0.19268419552683497 0.19265479379433426
0.722076  0.6017396  0.19400224555517107 0.19397720760339512
0.7818239  0.6017396  0.19589014155402373 0.19591565669448022
0.8423139  0.6017396  0.1973369704742871 0.19736409991776838
0.9020751  0.6017396  0.19783087287567894 0.19779103500775957
0.9625343000000001  0.6017396  0.20020659237812619 0.20020780026360252
1.022985  0.6017396  0.19962178981957315 0.1996193575250924
1.0827360000000001  0.6017396  0.20227495573727733 0.20225450658791294
1.1432090000000001  0.6017396  0.2041045136300678 0.204110675983331
1.202952  0.6017396  0.20363641667645954 0.20359470563377993
1.263542  0.6017396  0.20626165879937614 0.20625863205102046
1.3232490000000001  0.6017396  0.20813085671434894 0.20816012385085536
1.383748  0.6017396  0.20787163601915126 0.207849009972486
1.443433  0.6017396  0.20933286918074936 0.2093372235827288
1.503789  0.6017396  0.21119317913532287 0.21116925532255879
0.5413045  0.5413045  0.1896483 0.1896483
0.6017396  0.5413045  0.19121147269484917 0.19122980607473242
0.661558  0.5413045  0.19289900875726068 0.19292337486796057
0.722076  0.5413045  0.19430933970546663 0.1942931550377162
0.7818239  0.5413045  0.19539144948049078 0.1953773304595415
0.8423139  0.5413045  0.19751904362775075 0.1975340307184201
0.9020751  0.5413045  0.19763708873482297 0.1976064934997064
0.9625343000000001  0.5413045  0.1999074107047925 0.19991026264061568
1.022985  0.5413045  0.20123648158492813 0.2012767643501998
1.0827360000000001  0.5413045  0.20144018978344985 0.20141895663198195
1.1432090000000001  0.5413045  0.20364831859362073 0.20366697495671346
1.202952  0.5413045  0.20544054749211027 0.20545734608292762
1.263542  0.5413045  0.20525498556087993 0.2052217052272034
1.3232490000000001  0.5413045  0.20771763629901496 0.20774541685372783
1.383748  0.5413045  0.20950027973389657 0.20950547427401167
1.443433  0.5413045  0.2088024532973317 0.20881680186210091
1.503789  0.5413045  0.2105247301199085 0.2105527768559835
0.4808693  0.4808693  0.1883196 0.1883196
0.5413045  0.4808693  0.18987790930445395 0.1898699257896294
0.6017396  0.4808693  0.19130216514120657 0.19129639002088766
0.661558  0.4808693  0.19214867498776544 0.19213372151394292
0.722076  0.4808693  0.19523910135190276 0.19526363516427558
0.7818239  0.4808693  0.19512925140533055 0.1951338404940567
0.8423139  0.4808693  0.19739112535756506 0.1974279991353343
0.9020751  0.4808693  0.1987797922534229 0.1987794744006063
0.9625343000000001  0.4808693  0.19925400981503585 0.19923449899120885
1.022985  0.4808693  0.2015692210891645 0.20157403182257277
1.0827360000000001  0.4808693  0.20270558969094904 0.20270968809277656
1.1432090000000001  0.4808693  0.20313426977719082 0.20313338147148055
1.202952  0.4808693  0.20484975770543992 0.2048319681960108
1.263542  0.4808693  0.20660966726315763 0.206627533769169
1.3232490000000001  0.4808693  0.2066032362163292 0.2065945243088317
1.383748  0.4808693  0.2083012573384317 0.20826188970885975
1.443433  0.4808693  0.21056497647508574 0.21057127563345734
1.503789  0.4808693  0.21037851008767197 0.21037035493990153
0.4210471  0.4210471  0.1866142 0.1866142
0.4808693  0.4210471  0.18803049785560808 0.18803359263724156
0.5413045  0.4210471  0.18986117360898705 0.18987263387140824
0.6017396  0.4210471  0.1916138771718105 0.19161742619069025
0.661558  0.4210471  0.19201871628643613 0.1920052681962653
0.722076  0.4210471  0.19474313572964508 0.19474062179052964
0.7818239  0.4210471  0.19519491582024137 0.1951546785538669
0.8423139  0.4210471  0.19695477818110207 0.19695555545454102
0.9020751  0.4210471  0.19922510494219797 0.1992640938009383
0.9625343000000001  0.4210471  0.19894059574753192 0.1989277387341418
1.022985  0.4210471  0.20135067112694008 0.20138342162887157
1.0827360000000001  0.4210471  0.20276813718490197 0.202773461928935
1.1432090000000001  0.4210471  0.20287340155184097 0.20285480775456405
1.202952  0.4210471  0.20463830267822591 0.20464149961523131
1.263542  0.4210471  0.20699836750799194 0.20700398408037615
1.3232490000000001  0.4210471  0.2068729751901861 0.20688322504392603
1.383748  0.4210471  0.20785195205381624 0.20784966609929342
1.443433  0.4210471  0.21053146221585597 0.21052741345982331
1.503789  0.4210471  0.21063865516016303 0.2106379371402529
0.36057089999999997  0.36057089999999997  0.18471739999999998 0.18471739999999998
0.4210471  0.36057089999999997  0.18673031452973218 0.186716228345936
0.4808693  0.36057089999999997  0.1882568423700672 0.1882560863350019
0.5413045  0.36057089999999997  0.18944583031870732 0.1894382804359981
0.6017396  0.36057089999999997  0.19165854950540598 0.19166488166682374
0.661558  0.36057089999999997  0.19232343846524597 0.19234099607049163
0.722076  0.36057089999999997  0.1943779356339934 0.1943899680753159
0.7818239  0.36057089999999997  0.19596367336260848 0.19596466897371168
0.8423139  0.36057089999999997  0.1962576869664136 0.196216464988804
0.9020751  0.36057089999999997  0.19916397928824428 0.1991640429490604
0.9625343000000001  0.36057089999999997  0.19963878108838815 0.19963169224482635
1.022985  0.36057089999999997  0.20008726111498384 0.2000764040952402
1.0827360000000001  0.36057089999999997  0.20289935864211098 0.20287333005437475
1.1432090000000001  0.36057089999999997  0.20351401581651968 0.20349345569916766
1.202952  0.36057089999999997  0.20403560220786948 0.2040331261878508
1.263542  0.36057089999999997  0.2065561274899105 0.20652080355799463
1.3232490000000001  0.36057089999999997  0.20766967364533803 0.20769658540189267
1.383748  0.36057089999999997  0.20703195034877114 0.20699757088724088
1.443433  0.36057089999999997  0.20965860532341865 0.209657633900486
1.503789  0.36057089999999997  0.211020920218351 0.21102414492391627
0.3008055  0.3008055  0.18315 0.18315
0.36057089999999997  0.3008055  0.18466787999356638 0.18469102428469486
0.4210471  0.3008055  0.18663092542523646 0.18664578850744604
0.4808693  0.3008055  0.1879504605842887 0.1879303089103401
0.5413045  0.3008055  0.18937794567889826 0.18935797323677234
0.6017396  0.3008055  0.19167425950057235 0.19168977882108335
0.661558  0.3008055  0.19186071480070813 0.19181023423215496
0.722076  0.3008055  0.1951859914846808 0.195188536275007
0.7818239  0.3008055  0.19603853926761802 0.19607090349646192
0.8423139  0.3008055  0.1967561575826885 0.1967579740913842
0.9020751  0.3008055  0.19948186072855745 0.19950517043877336
0.9625343000000001  0.3008055  0.1998103243639975 0.1998166358586432
1.022985  0.3008055  0.20053458133840196 0.20050852198573765
1.0827360000000001  0.3008055  0.2032902044751248 0.20330704094107385
1.1432090000000001  0.3008055  0.2033688705306556 0.20336231139139915
1.202952  0.3008055  0.2041493518023889 0.204133582209933
1.263542  0.3008055  0.20693689590957734 0.20693872917209344
1.3232490000000001  0.3008055  0.20669194546105613 0.2066287541828958
1.383748  0.3008055  0.20794033815581414 0.2079412779510915
1.443433  0.3008055  0.21029964832627202 0.21024012477447693
1.503789  0.3008055  0.21057012523182425 0.2105373461847427
0.24032810000000002  0.24032810000000002  0.1812637 0.1812637
0.3008055  0.24032810000000002  0.1832385393759297 0.18323773854520944
0.36057089999999997  0.24032810000000002  0.18474373429510618 0.18472828498443372
0.4210471  0.24032810000000002  0.186846173539585 0.186869441020341
0.4808693  0.24032810000000002  0.18781996095653544 0.18781091385473833
0.5413045  0.24032810000000002  0.190217651576041 0.19021622584026032
0.6017396  0.24032810000000002  0.19128157962648765 0.19124469939734134
0.661558  0.24032810000000002  0.19231778337501532 0.1923166210088958
0.722076  0.24032810000000002  0.19506065828729088 0.1950827373012596
0.7818239  0.24032810000000002  0.1953074438199387 0.19529538258237567
0.8423139  0.24032810000000002  0.1966856566329123 0.19668719746495789
0.9020751  0.24032810000000002  0.1993532528198227 0.1993587774713204
0.9625343000000001  0.24032810000000002  0.19949547122551864 0.19950759481101732
1.022985  0.24032810000000002  0.2009245564220487 0.20093324220161612
1.0827360000000001  0.24032810000000002  0.203518919212225 0.2035250000948599
1.1432090000000001  0.24032810000000002  0.20336578829730098 0.20338038440860756
1.202952  0.24032810000000002  0.20450852336991573 0.2044995062847325
1.263542  0.24032810000000002  0.2074948802684222 0.20752351660856277
1.3232490000000001  0.24032810000000002  0.2069901175639191 0.20698981622508036
1.383748  0.24032810000000002  0.2079294022736466 0.20792094699106406
1.443433  0.24032810000000002  0.21039278224997154 0.21037613733771432
1.503789  0.24032810000000002  0.21137240109603378 0.21136905972567674
0.1805994  0.1805994  0.1791557 0.1791557
0.24032810000000002  0.1805994  0.18130241538804256 0.18130265463959078
0.3008055  0.1805994  0.1826523303967025 0.18263830607672696
0.36057089999999997  0.1805994  0.18536210882978693 0.18539391396157165
0.4210471  0.1805994  0.18643802024250472 0.18645173622453393
0.4808693  0.1805994  0.18797682560541332 0.18793832981769448
0.5413045  0.1805994  0.1899843818726823 0.18995127070086476
0.6017396  0.1805994  0.1910003192433026 0.190999885322011
0.661558  0.1805994  0.19329675818316322 0.1933056134989264
0.722076  0.1805994  0.19425636759338044 0.19425303855639928
0.7818239  0.1805994  0.19490826375318474 0.1948909176742835
0.8423139  0.1805994  0.19792760743018692 0.1979285960124779
0.9020751  0.1805994  0.1992977386787923 0.19932309312950353
0.9625343000000001  0.1805994  0.19906584184353115 0.1990395292264922
1.022985  0.1805994  0.2015590259656078 0.20156605647006062
1.0827360000000001  0.1805994  0.20353816842451197 0.2035635172632633
1.1432090000000001  0.1805994  0.20309868862360303 0.20308781855184344
1.202952  0.1805994  0.20488900939902818 0.20491958137958577
1.263542  0.1805994  0.2073953434138874 0.2073973517452115
1.3232490000000001  0.1805994  0.2073140750231868 0.2073231222187235
1.383748  0.1805994  0.20799026514654725 0.2080073901299104
1.443433  0.1805994  0.2110317899892304 0.21103948327407213
1.503789  0.1805994  0.21105404840719919 0.21104765802417552
0.1201007  0.1201007  0.1768103 0.1768103
0.1805994  0.1201007  0.17902085022514067 0.17901522866833086
0.24032810000000002  0.1201007  0.18070645035839242 0.1806912765708663
0.3008055  0.1201007  0.18178354797657897 0.18176011631970945
0.36057089999999997  0.1201007  0.18523621677538757 0.1852561236730363
0.4210471  0.1201007  0.18600396663579816 0.1859926040435227
0.4808693  0.1201007  0.18843040298426358 0.18847544578639067
0.5413045  0.1201007  0.19036140616046168 0.19036197593398083
0.6017396  0.1201007  0.19100534727259874 0.19098005491063658
0.661558  0.1201007  0.19343698144429872 0.19344916183771171
0.722076  0.1201007  0.19386620371650992 0.1938324456213065
0.7818239  0.1201007  0.19483610505269155 0.19482411783441717
0.8423139  0.1201007  0.1978655878080862 0.1978671741712382
0.9020751  0.1201007  0.19877841611315636 0.19875286299661174
0.9625343000000001  0.1201007  0.1988261916496211 0.19881830842686515
1.022985  0.1201007  0.2018717213116441 0.20189811330634658
1.0827360000000001  0.1201007  0.20317971593291026 0.20319196545024745
1.1432090000000001  0.1201007  0.20360178660638212 0.20356751282725352
1.202952  0.1201007  0.20424619853370404 0.20424351990543343
1.263542  0.1201007  0.20702759337769533 0.20702586565618414
1.3232490000000001  0.1201007  0.20836883542368584 0.20838285746329405
1.383748  0.1201007  0.20737263265905992 0.20733620442150447
1.443433  0.1201007  0.21014715174764156 0.21012169324817817
1.503789  0.1201007  0.21094660673275617 0.21092361924664643
0.06038413  0.06038413  0.1745947 0.1745947
0.1201007  0.06038413  0.17636712120070777 0.17632905998110232
0.1805994  0.06038413  0.1784034634752433 0.1783838526429809
0.24032810000000002  0.06038413  0.1807273926302932 0.18073928423613614
0.3008055  0.06038413  0.18291104968153904 0.18292335768341084
0.36057089999999997  0.06038413  0.18401218316372459 0.1840133881463519
0.4210471  0.06038413  0.18657097882262025 0.18661212213548575
0.4808693  0.06038413  0.18820052578983248 0.18820006313679874
0.5413045  0.06038413  0.18870501089012837 0.18864679217343633
0.6017396  0.06038413  0.19173752583959666 0.19174303256132827
0.661558  0.06038413  0.1930336487149197 0.19303044171967235
0.722076  0.06038413  0.19377244025705906 0.19376191971680018
0.7818239  0.06038413  0.19667850422254549 0.19668682098923762
0.8423139  0.06038413  0.19743957419646121 0.19740821323845945
0.9020751  0.06038413  0.1983770640371487 0.19837865554186634
0.9625343000000001  0.06038413  0.2002152764688185 0.20018738256575294
1.022985  0.06038413  0.20179061683874597 0.20179994753592867
1.0827360000000001  0.06038413  0.20136625957230095 0.2013397830347901
1.1432090000000001  0.06038413  0.20386134869835448 0.2038561612435
1.202952  0.06038413  0.20633947028696858 0.20640182619481331
1.263542  0.06038413  0.20567250553443286 0.20564841022361566
1.3232490000000001  0.06038413  0.20714371485870878 0.20714330965835484
1.383748  0.06038413  0.2098587422917373 0.2098649019343367
1.443433  0.06038413  0.21023716311384305 0.21028135752628258
1.503789  0.06038413  0.21067966551811612 0.21069760360131443
-9.172857e-5  -9.172857e-5  0.1705409 0.1705409
0.06038413  -9.172857e-5  0.1735242998115274 0.17359229877027324
0.1201007  -9.172857e-5  0.1764131929807262 0.17641398778161027
0.1805994  -9.172857e-5  0.1771822288875497 0.17713524113075949
0.24032810000000002  -9.172857e-5  0.1803543078422595 0.18035054567032152
0.3008055  -9.172857e-5  0.18246657398385543 0.18248164766688657
0.36057089999999997  -9.172857e-5  0.1836492942185735 0.18365599478681552
0.4210471  -9.172857e-5  0.18696385982650762 0.1869658830915656
0.4808693  -9.172857e-5  0.188190675797799 0.1882161503495375
0.5413045  -9.172857e-5  0.18906715412555986 0.1890736865948193
0.6017396  -9.172857e-5  0.19200247247589125 0.1920240773647318
0.661558  -9.172857e-5  0.19278258613075996 0.19278411679448035
0.722076  -9.172857e-5  0.19373700407732386 0.19371274874114533
0.7818239  -9.172857e-5  0.19653746804445585 0.19655262819448036
0.8423139  -9.172857e-5  0.19685563816833504 0.19684481792904843
0.9020751  -9.172857e-5  0.19793534216537345 0.1979203274369762
0.9625343000000001  -9.172857e-5  0.2007230067274953 0.20073661381494703
1.022985  -9.172857e-5  0.2018734412140021 0.20184940091064657
1.0827360000000001  -9.172857e-5  0.20153667955022148 0.20153443221335987
1.1432090000000001  -9.172857e-5  0.20426906715444654 0.20428031069103172
1.202952  -9.172857e-5  0.20576616383279003 0.20575210083948392
1.263542  -9.172857e-5  0.2051403192824664 0.2051243650881347
1.3232490000000001  -9.172857e-5  0.206911082031115 0.20688351037671168
1.383748  -9.172857e-5  0.2102042951163529 0.21022919683229851
1.443433  -9.172857e-5  0.21010652137923339 0.21008834679154176
1.503789  -9.172857e-5  0.209776139760237 0.20977613181769705
-0.06060252  -0.06060252  0.1512461 0.1512461
-9.172857e-5  -0.06060252  0.1565991082805434 0.15639262801937848
0.06038413  -0.06060252  0.1705980273243265 0.17057643388695073
0.1201007  -0.06060252  0.17534695161323094 0.1753436419697029
0.1805994  -0.06060252  0.177064783214598 0.17706259516898334
0.24032810000000002  -0.06060252  0.17910286605401404 0.17907702361719716
0.3008055  -0.06060252  0.18216900853018275 0.18219441281927243
0.36057089999999997  -0.06060252  0.18291968605694564 0.1829160423866202
0.4210471  -0.06060252  0.18526599498280283 0.18521073421865497
0.4808693  -0.06060252  0.18824470702263757 0.1882769381611934
0.5413045  -0.06060252  0.18898572622729515 0.18896421032506422
0.6017396  -0.06060252  0.1907957454250777 0.19077746277982696
0.661558  -0.06060252  0.19376917200968047 0.1937947261015315
0.722076  -0.06060252  0.19388480788729756 0.19384585769047682
0.7818239  -0.06060252  0.19586454764084404 0.195865711643396
0.8423139  -0.06060252  0.19848602033110116 0.19853777755207877
0.9020751  -0.06060252  0.19795770568985133 0.1979623817508079
0.9625343000000001  -0.06060252  0.20001999055602696 0.2000177740750597
1.022985  -0.06060252  0.20277221258444797 0.2027749259359858
1.0827360000000001  -0.06060252  0.20265543843238856 0.2027084366655696
1.1432090000000001  -0.06060252  0.20302166214536596 0.20300146435478034
1.202952  -0.06060252  0.20553405097001598 0.20554290228186048
1.263542  -0.06060252  0.20707376220842041 0.20711367084358023
1.3232490000000001  -0.06060252  0.20649723144549853 0.20649970379789562
1.383748  -0.06060252  0.20907345269194613 0.2091006016948032
1.443433  -0.06060252  0.21102765224253583 0.21102770436363488
1.503789  -0.06060252  0.21081215493766858 0.21082777817935966
-0.1203181  -0.1203181  0.14208379999999998 0.14208379999999998
-0.06060252  -0.1203181  0.1427844287371492 0.1430691850971013
-9.172857e-5  -0.1203181  0.14672177634256417 0.14718824382880472
0.06038413  -0.1203181  0.16542249772156836 0.1657431419737941
0.1201007  -0.1203181  0.17101314741459983 0.17112338401044014
0.1805994  -0.1203181  0.17305003029311491 0.17341133990532834
0.24032810000000002  -0.1203181  0.1768649883434275 0.1772003725549399
0.3008055  -0.1203181  0.17917870154440985 0.1791815537860455
0.36057089999999997  -0.1203181  0.18138143431334783 0.18154191779759282
0.4210471  -0.1203181  0.18470148252486376 0.18497768508552445
0.4808693  -0.1203181  0.1859946154199447 0.18600538464534294
0.5413045  -0.1203181  0.18825892030394 0.1882669452001863
0.6017396  -0.1203181  0.19168711021558657 0.19181858876027244
0.661558  -0.1203181  0.1922852568247673 0.1922327120445407
0.722076  -0.1203181  0.19388677113082678 0.19388335714805824
0.7818239  -0.1203181  0.19685854925892302 0.19688854870786032
0.8423139  -0.1203181  0.1973258590181686 0.19731282189556001
0.9020751  -0.1203181  0.1975598135865871 0.19752851033083035
0.9625343000000001  -0.1203181  0.20153934252355285 0.20154665386921708
1.022985  -0.1203181  0.20161253730851814 0.20164604050208948
1.0827360000000001  -0.1203181  0.20211960666327003 0.2021194686566778
1.1432090000000001  -0.1203181  0.20453909284679325 0.2045568611810469
1.202952  -0.1203181  0.2058452258841133 0.20588689016637904
1.263542  -0.1203181  0.2053841407406834 0.2053369604511086
1.3232490000000001  -0.1203181  0.2071586801913799 0.2071957110423961
1.383748  -0.1203181  0.21032473000449803 0.2103248044749142
1.443433  -0.1203181  0.20893834443125958 0.20895234634841714
1.503789  -0.1203181  0.21101127213398496 0.2110391464962128
-0.180808  -0.180808  0.09086648 0.09086648
-0.1203181  -0.180808  0.078432318951153 0.07851946428747453
-0.06060252  -0.180808  0.08189693146665741 0.08220288406769899
-9.172857e-5  -0.180808  0.08720988970549969 0.0872341001183354
0.06038413  -0.180808  0.1063322344185277 0.10644008393034689
0.1201007  -0.180808  0.11511973937478694 0.11538409605436059
0.1805994  -0.180808  0.12013059249187164 0.12028770287755627
0.24032810000000002  -0.180808  0.12560262938111924 0.12560090952778072
0.3008055  -0.180808  0.13577491001230735 0.13589054317873783
0.36057089999999997  -0.180808  0.14444996877974925 0.14456260201378493
0.4210471  -0.180808  0.15286234917977487 0.15283486060910867
0.4808693  -0.180808  0.16335799938547127 0.1633656782622324
0.5413045  -0.180808  0.1732817357242494 0.17334177577600848
0.6017396  -0.180808  0.18165401732571027 0.1815786041525165
0.661558  -0.180808  0.19000548819455404 0.19001301751876815
0.722076  -0.180808  0.19474139874345944 0.19479626706978556
0.7818239  -0.180808  0.19508939115729068 0.19506316181332564
0.8423139  -0.180808  0.19729711597689645 0.19731432124091794
0.9020751  -0.180808  0.19977071197249702 0.19977415909325386
0.9625343000000001  -0.180808  0.19964439914494844 0.19966898215824685
1.022985  -0.180808  0.2012935099440119 0.2012991959804235
1.0827360000000001  -0.180808  0.20350406902126647 0.20352400146469188
1.1432090000000001  -0.180808  0.20306187437652898 0.2030773417048527
1.202952  -0.180808  0.20444401915933652 0.20439666860492994
1.263542  -0.180808  0.20812893290744358 0.20820133157276285
1.3232490000000001  -0.180808  0.2074821572052168 0.20748215899793354
1.383748  -0.180808  0.20798620429224787 0.2079951467601319
1.443433  -0.180808  0.21002412797113681 0.21002594976047703
1.503789  -0.180808  0.21238851676942894 0.21238602985427196
-0.2405293  -0.2405293  -0.02087638 -0.02087638
-0.180808  -0.2405293  -0.019613410445912777 -0.02007041947174677
-0.1203181  -0.2405293  -0.015044341259901638 -0.015606587939235658
-0.06060252  -0.2405293  -0.010971839898468054 -0.011206613470632978
-9.172857e-5  -0.2405293  -0.004825317372387761 -0.0050881324676100344
0.06038413  -0.2405293  0.018696603502734072 0.018193387314612713
0.1201007  -0.2405293  0.030220457532543266 0.029719272152834094
0.1805994  -0.2405293  0.03941835993856317 0.03940773547606504
0.24032810000000002  -0.2405293  0.05591687825888554 0.05555611455219855
0.3008055  -0.2405293  0.07501194395698178 0.07458016273479699
0.36057089999999997  -0.2405293  0.09298003349100155 0.09280925180613639
0.4210471  -0.2405293  0.1132860622795441 0.11323269281453889
0.4808693  -0.2405293  0.1331501753570372 0.13291186001004107
0.5413045  -0.2405293  0.15112650013468112 0.15094882867666157
0.6017396  -0.2405293  0.17072940394896624 0.1707388406609789
0.661558  -0.2405293  0.1858185419771857 0.18578650690860724
0.722076  -0.2405293  0.19214225283279665 0.19209442891373707
0.7818239  -0.2405293  0.1948622012477698 0.19485776676262412
0.8423139  -0.2405293  0.19808629480577292 0.1980855427352462
0.9020751  -0.2405293  0.19909801398654917 0.19916143526187172
0.9625343000000001  -0.2405293  0.19906529551535324 0.19906389842209382
1.022985  -0.2405293  0.20289961391976832 0.20292339127257422
1.0827360000000001  -0.2405293  0.20318037972746436 0.20319048219748495
1.1432090000000001  -0.2405293  0.20301113170919768 0.20300620359411067
1.202952  -0.2405293  0.2056029422653279 0.20562887253832526
1.263542  -0.2405293  0.20825592095823117 0.20825594461821909
1.3232490000000001  -0.2405293  0.20722026621134476 0.20723025265212697
1.383748  -0.2405293  0.20759454467249217 0.20758600512401612
1.443433  -0.2405293  0.21116017836294296 0.21119112618886315
1.503789  -0.2405293  0.21131594012129362 0.21130462735197023
-0.30098610000000003  -0.30098610000000003  -0.055961000000000004 -0.055961000000000004
-0.2405293  -0.30098610000000003  -0.0544345420237723 -0.05450383029157967
-0.180808  -0.30098610000000003  -0.05076418016623168 -0.0508157647438797
-0.1203181  -0.30098610000000003  -0.04526443419455531 -0.0452287137247928
-0.06060252  -0.30098610000000003  -0.0408768436824384 -0.04084038370924566
-9.172857e-5  -0.30098610000000003  -0.03178426806432091 -0.03186225729721273
0.06038413  -0.30098610000000003  -0.008912249391434533 -0.008845178999827424
0.1201007  -0.30098610000000003  0.0050925355666035736 0.0050845627129208594
0.1805994  -0.30098610000000003  0.0200201919215613 0.019927023753580554
0.24032810000000002  -0.30098610000000003  0.04028865579047679 0.040238204741036274
0.3008055  -0.30098610000000003  0.06139621361759789 0.061371027505670576
0.36057089999999997  -0.30098610000000003  0.08350609220173832 0.08350452562130473
0.4210471  -0.30098610000000003  0.10637646447118437 0.10634214796098597
0.4808693  -0.30098610000000003  0.12755818691683024 0.12752862958913033
0.5413045  -0.30098610000000003  0.1474704194570766 0.14746156676594824
0.6017396  -0.30098610000000003  0.16896417927898003 0.16892362389541699
0.661558  -0.30098610000000003  0.1850529299012089 0.18503941632332815
0.722076  -0.30098610000000003  0.1913476388053238 0.19126909290855817
0.7818239  -0.30098610000000003  0.19539541062724264 0.19539504432756813
0.8423139  -0.30098610000000003  0.19769422172434442 0.19769050483210474
0.9020751  -0.30098610000000003  0.19841806603536533 0.19837355676445403
0.9625343000000001  -0.30098610000000003  0.19923636662565275 0.1992319787180794
1.022985  -0.30098610000000003  0.20291609918832137 0.20293564774526363
1.0827360000000001  -0.30098610000000003  0.20367379037972064 0.20369639158071962
1.1432090000000001  -0.30098610000000003  0.2026842518048048 0.20262344311223585
1.202952  -0.30098610000000003  0.20540638715546522 0.20540637496948222
1.263542  -0.30098610000000003  0.2079389165696941 0.20797854434000354
1.3232490000000001  -0.30098610000000003  0.20740327025971247 0.20737005999097216
1.383748  -0.30098610000000003  0.20786101752450017 0.2078595407131982
1.443433  -0.30098610000000003  0.210615441560462 0.21061146729871036
1.503789  -0.30098610000000003  0.21145405483865626 0.21144012682872487
-0.360773  -0.360773  -0.08142692 -0.08142692
-0.30098610000000003  -0.360773  -0.07939568595144193 -0.07945130417092604
-0.2405293  -0.360773  -0.07557115718933186 -0.07557118992157316
-0.180808  -0.360773  -0.07057793976985065 -0.07055934876679532
-0.1203181  -0.360773  -0.06622092138118618 -0.06622751417156122
-0.06060252  -0.360773  -0.05984910999888034 -0.059850908133109566
-9.172857e-5  -0.360773  -0.05101452951796153 -0.051197944711278275
0.06038413  -0.360773  -0.026319185575949856 -0.0263124091963521
0.1201007  -0.360773  -0.008421848616038133 -0.008420720873027044
0.1805994  -0.360773  0.009758294027391872 0.009728281640074414
0.24032810000000002  -0.360773  0.030625182413373243 0.03058741347487054
0.3008055  -0.360773  0.05461606788875244 0.0546034742711875
0.36057089999999997  -0.360773  0.07983182533281784 0.07986466278588883
0.4210471  -0.360773  0.10159380587031937 0.10152650156689862
0.4808693  -0.360773  0.12269795880924077 0.12268617149109852
0.5413045  -0.360773  0.14608701076896694 0.14608655877678775
0.6017396  -0.360773  0.16729212690374654 0.16724867903330648
0.661558  -0.360773  0.18240997098481948 0.18234953518715485
0.722076  -0.360773  0.1929396302525765 0.19294082738110813
0.7818239  -0.360773  0.19637526487053464 0.19643101290148607
0.8423139  -0.360773  0.1961958414609756 0.1961595905158346
0.9020751  -0.360773  0.1987502948902034 0.19877242715174842
0.9625343000000001  -0.360773  0.20120216911130062 0.2012481156961313
1.022985  -0.360773  0.2006763668725579 0.20065312092370563
1.0827360000000001  -0.360773  0.20254117675090885 0.20259240261706132
1.1432090000000001  -0.360773  0.20499798160885563 0.2049980059298258
1.202952  -0.360773  0.20533328776517357 0.2053626286118944
1.263542  -0.360773  0.20479061492798603 0.2047348670132585
1.3232490000000001  -0.360773  0.2080407471889576 0.20810288110056147
1.383748  -0.360773  0.210517258740724 0.21055183037744812
1.443433  -0.360773  0.2098618460378281 0.20987938141594076
1.503789  -0.360773  0.21089492291053982 0.2109169391697417
-0.4211977  -0.4211977  -0.10305769999999999 -0.10305769999999999
-0.360773  -0.4211977  -0.10143299194097262 -0.10145543302481297
-0.30098610000000003  -0.4211977  -0.09756733119443534 -0.09755459840139646
-0.2405293  -0.4211977  -0.09399432225203931 -0.09400913322469182
-0.180808  -0.4211977  -0.08867652202655263 -0.08868170340091708
-0.1203181  -0.4211977  -0.08263352119126435 -0.08258923442691685
-0.06060252  -0.4211977  -0.07660891789795439 -0.07659662044068748
-9.172857e-5  -0.4211977  -0.06571059396412371 -0.06572125895049684
0.06038413  -0.4211977  -0.03820671668126922 -0.038070858824347104
0.1201007  -0.4211977  -0.02064361067348004 -0.020642863356863776
0.1805994  -0.4211977  0.0013977971952048274 0.001439418077040062
0.24032810000000002  -0.4211977  0.02646157980774616 0.026475554842392113
0.3008055  -0.4211977  0.05028934269985265 0.05028263412362231
0.36057089999999997  -0.4211977  0.07570821157987592 0.07572792295107306
0.4210471  -0.4211977  0.10041025650822052 0.10041625104246246
0.4808693  -0.4211977  0.12117058550975486 0.12118142960548672
0.5413045  -0.4211977  0.1432549262622646 0.14323231044010773
0.6017396  -0.4211977  0.1670599830635585 0.16709715928160424
0.661558  -0.4211977  0.18334167589695163 0.1833434703175453
0.722076  -0.4211977  0.19111772666702034 0.19107840181985272
0.7818239  -0.4211977  0.19598337759687134 0.195996451507574
0.8423139  -0.4211977  0.19778419586970736 0.19778111066952558
0.9020751  -0.4211977  0.19747621599115192 0.19745839989908362
0.9625343000000001  -0.4211977  0.20002827745048304 0.20000786536881665
1.022985  -0.4211977  0.2019352904808845 0.20192853933086544
1.0827360000000001  -0.4211977  0.20113025473695925 0.20113023247232625
1.1432090000000001  -0.4211977  0.203479514116226 0.20344237000994667
1.202952  -0.4211977  0.20616968041405045 0.20619571806628054
1.263542  -0.4211977  0.20613306352717897 0.20610742754183264
1.3232490000000001  -0.4211977  0.20626859922595003 0.2062394648987318
1.383748  -0.4211977  0.20958094456848123 0.20959362642177262
1.443433  -0.4211977  0.2109633818905902 0.2109644964818652
1.503789  -0.4211977  0.21049924630133748 0.21049650802538572
-0.48104009999999997  -0.48104009999999997  -0.1236653 -0.1236653
-0.4211977  -0.48104009999999997  -0.12198943097746363 -0.12201330734586321
-0.360773  -0.48104009999999997  -0.11878607169059956 -0.1187658935094175
-0.30098610000000003  -0.48104009999999997  -0.11490698122887426 -0.1148947396070506
-0.2405293  -0.48104009999999997  -0.11071636476930181 -0.11070291659368973
-0.180808  -0.48104009999999997  -0.10591102966390922 -0.10590118390093668
-0.1203181  -0.48104009999999997  -0.09895363895059862 -0.09890989489881614
-0.06060252  -0.48104009999999997  -0.09182601435759616 -0.09182401152470687
-9.172857e-5  -0.48104009999999997  -0.07941455562754132 -0.07952664472840451
0.06038413  -0.48104009999999997  -0.05125470962910823 -0.05117796823052742
0.1201007  -0.48104009999999997  -0.03143769895421747 -0.031517248777145214
0.1805994  -0.48104009999999997  -0.007785775905150386 -0.007798040566614913
0.24032810000000002  -0.48104009999999997  0.020809268771077288 0.020805986663776786
0.3008055  -0.48104009999999997  0.048041273679812396 0.04800747005322288
0.36057089999999997  -0.48104009999999997  0.0723290805774084 0.07231966990216812
0.4210471  -0.48104009999999997  0.09677298647761579 0.09673802194054902
0.4808693  -0.48104009999999997  0.12047409153303479 0.12048709323785686
0.5413045  -0.48104009999999997  0.14116351578326708 0.1410576443915625
0.6017396  -0.48104009999999997  0.16462795548978285 0.16462121883457564
0.661558  -0.48104009999999997  0.18346917681233765 0.18345605956541472
0.722076  -0.48104009999999997  0.19129940606555454 0.1912094624947442
0.7818239  -0.48104009999999997  0.1944016712860041 0.19438977531588097
0.8423139  -0.48104009999999997  0.19805273996617473 0.19806048104459473
0.9020751  -0.48104009999999997  0.19924997342109707 0.1992668488650997
0.9625343000000001  -0.48104009999999997  0.1990598481019559 0.19899525348590646
1.022985  -0.48104009999999997  0.20161175677493964 0.20161174623473885
1.0827360000000001  -0.48104009999999997  0.2037296638435347 0.20379427727232233
1.1432090000000001  -0.48104009999999997  0.20334649716408515 0.20331490385811787
1.202952  -0.48104009999999997  0.20479120629840986 0.2047945292375782
1.263542  -0.48104009999999997  0.2082353728920559 0.2082586941360168
1.3232490000000001  -0.48104009999999997  0.20832265356420063 0.2083713916713244
1.383748  -0.48104009999999997  0.2079528531775124 0.2079054345482905
1.443433  -0.48104009999999997  0.21085503589996915 0.21086004495424945
1.503789  -0.48104009999999997  0.2118704628939534 0.2118476976026115
-0.5414266  -0.5414266  -0.1441174 -0.1441174
-0.48104009999999997  -0.5414266  -0.14350027146956593 -0.14351305476332243
-0.4211977  -0.5414266  -0.14003481336363666 -0.1399843877366381
-0.360773  -0.5414266  -0.13748949547559144 -0.13750757538818276
-0.30098610000000003  -0.5414266  -0.1335445947393447 -0.13355125886033825
-0.2405293  -0.5414266  -0.12893699982764686 -0.1288888365709043
-0.180808  -0.5414266  -0.1251328381375388 -0.12514146383917177
-0.1203181  -0.5414266  -0.11813576928957677 -0.11813435817643508
-0.06060252  -0.5414266  -0.10993418508687164 -0.10982711936743256
-9.172857e-5  -0.5414266  -0.09928271440821154 -0.09921039098469557
0.06038413  -0.5414266  -0.06998396172804373 -0.06981937951761233
0.1201007  -0.5414266  -0.043806777039999814 -0.043797263577622036
0.1805994  -0.5414266  -0.015821698688873686 -0.015805404394005622
0.24032810000000002  -0.5414266  0.0145147262256585 0.014422783090215666
0.3008055  -0.5414266  0.046351839940046144 0.04635963328019368
0.36057089999999997  -0.5414266  0.07290868127294874 0.07293448398307158
0.4210471  -0.5414266  0.09477953980410232 0.09474137233346903
0.4808693  -0.5414266  0.11751473426859183 0.11750557528145954
0.5413045  -0.5414266  0.14235313963188465 0.1423533574211351
0.6017396  -0.5414266  0.16455099030671236 0.16458127845309214
0.661558  -0.5414266  0.18166996113531125 0.18161138731135107
0.722076  -0.5414266  0.19251359262508394 0.19252116351600304
0.7818239  -0.5414266  0.19578104111659805 0.19581077861516522
0.8423139  -0.5414266  0.19616799480612196 0.19613161808189017
0.9020751  -0.5414266  0.19914599800665428 0.19921197434964275
0.9625343000000001  -0.5414266  0.20160014128517553 0.20160019043922353
1.022985  -0.5414266  0.20006953109153228 0.20006438286925074
1.0827360000000001  -0.5414266  0.20249381411984038 0.2024930079009361
1.1432090000000001  -0.5414266  0.2053681411730434 0.2054028425505618
1.202952  -0.5414266  0.20474037272731893 0.2047562582523106
1.263542  -0.5414266  0.20513691996016736 0.20508517038593202
1.3232490000000001  -0.5414266  0.20803983101586382 0.2080924041725237
1.383748  -0.5414266  0.20953843491956853 0.20953943521614474
1.443433  -0.5414266  0.20962337398440992 0.20971864588281444
1.503789  -0.5414266  0.21133035261675592 0.2113772245020561
-0.6019301  -0.6019301  -0.1645245 -0.1645245
-0.5414266  -0.6019301  -0.16404097264949707 -0.16406850016967148
-0.48104009999999997  -0.6019301  -0.16170439968195782 -0.1617219591565538
-0.4211977  -0.6019301  -0.15953351366253962 -0.1595632232103234
-0.360773  -0.6019301  -0.15720834974227807 -0.15723516692209294
-0.30098610000000003  -0.6019301  -0.15336149297693946 -0.15337491002520634
-0.2405293  -0.6019301  -0.150563334982143 -0.15060929238264378
-0.180808  -0.6019301  -0.1461580974353775 -0.14615802525589885
-0.1203181  -0.6019301  -0.13960165637917923 -0.13957069371742267
-0.06060252  -0.6019301  -0.13425443593558792 -0.13424632440913675
-9.172857e-5  -0.6019301  -0.12385723047596228 -0.12395666688526133
0.06038413  -0.6019301  -0.09055998678192162 -0.09050362853050999
0.1201007  -0.6019301  -0.062430815323923715 -0.062348914199959915
0.1805994  -0.6019301  -0.02664938191882291 -0.026662429694202103
0.24032810000000002  -0.6019301  0.013054140416961752 0.01306176732186403
0.3008055  -0.6019301  0.047101630378079344 0.04715413483706771
0.36057089999999997  -0.6019301  0.07175851871102441 0.07167077225498357
0.4210471  -0.6019301  0.09608032959366491 0.09610538686770936
0.4808693  -0.6019301  0.1195575794607692 0.11956132642777527
0.5413045  -0.6019301  0.1409762100203823 0.14094904777505432
0.6017396  -0.6019301  0.1631767807544867 0.1631374027701526
0.661558  -0.6019301  0.18295528123797747 0.1829927269114487
0.722076  -0.6019301  0.19172061430535722 0.1917459505365564
0.7818239  -0.6019301  0.1942476895034447 0.1941671241745268
0.8423139  -0.6019301  0.1979198273566488 0.19798649373928348
0.9020751  -0.6019301  0.1990161349110904 0.19901614670116466
0.9625343000000001  -0.6019301  0.19935060061074197 0.19931662176256087
1.022985  -0.6019301  0.2015828408693284 0.20162879379152898
1.0827360000000001  -0.6019301  0.20419380246229135 0.2042244636098835
1.1432090000000001  -0.6019301  0.2032765576291746 0.20326913410592617
1.202952  -0.6019301  0.2044070037074661 0.20435768198704837
1.263542  -0.6019301  0.2073451207282698 0.20741234674206305
1.3232490000000001  -0.6019301  0.20812160653110975 0.20812084920517795
1.383748  -0.6019301  0.2076307796966356 0.20760088002185526
1.443433  -0.6019301  0.2095941235420869 0.20958113320883626
1.503789  -0.6019301  0.21204600908732973 0.2120458191273325
-0.6618184  -0.6618184  -0.17957009999999998 -0.17957009999999998
-0.6019301  -0.6618184  -0.17863916909948674 -0.17870877875923052
-0.5414266  -0.6618184  -0.177263993933171 -0.17735472987739542
-0.48104009999999997  -0.6618184  -0.17558234392036592 -0.1755977052113426
-0.4211977  -0.6618184  -0.17231401431094798 -0.17229565518486006
-0.360773  -0.6618184  -0.17137677824168862 -0.1714597585087236
-0.30098610000000003  -0.6618184  -0.16850875664233916 -0.16855077173741717
-0.2405293  -0.6618184  -0.16586162164455387 -0.1658624461222132
-0.180808  -0.6618184  -0.16319734669474928 -0.1632344299327051
-0.1203181  -0.6618184  -0.1582570448924052 -0.15828226139981472
-0.06060252  -0.6618184  -0.15282709816837156 -0.15283119027657158
-9.172857e-5  -0.6618184  -0.14496270888372678 -0.1450201398735519
0.06038413  -0.6618184  -0.11491669761452447 -0.11484048838945601
0.1201007  -0.6618184  -0.0828221018887998 -0.08281334912615516
0.1805994  -0.6618184  -0.03580897949808819 -0.03579794369290132
0.24032810000000002  -0.6618184  0.010967334613469668 0.010931130324197269
0.3008055  -0.6618184  0.04823834833712337 0.04816402609566502
0.36057089999999997  -0.6618184  0.07656591253656295 0.07658015956288458
0.4210471  -0.6618184  0.09824906402856178 0.09824991071317209
0.4808693  -0.6618184  0.11941880322161318 0.119363520239014
0.5413045  -0.6618184  0.14350148164092222 0.14354086695396032
0.6017396  -0.6618184  0.1648111128152869 0.164801185399705
0.661558  -0.6618184  0.1803374235694468 0.18027704625547886
0.722076  -0.6618184  0.1917854130257896 0.19176387327251243
0.7818239  -0.6618184  0.1961382993770384 0.19614362014952239
0.8423139  -0.6618184  0.19626973857267518 0.19626972289833017
0.9020751  -0.6618184  0.1982573883491788 0.19821066733266487
0.9625343000000001  -0.6618184  0.20126497801527407 0.20130530520005144
1.022985  -0.6618184  0.20125645441092266 0.20122343511076027
1.0827360000000001  -0.6618184  0.20072683667272137 0.20067903407022047
1.1432090000000001  -0.6618184  0.20407641921692435 0.2040931631056884
1.202952  -0.6618184  0.20636211221996523 0.20639333558904024
1.263542  -0.6618184  0.20631092278319707 0.20630872923270424
1.3232490000000001  -0.6618184  0.20699146755585146 0.20696732823721514
1.383748  -0.6618184  0.20934095481725978 0.20937122497453395
1.443433  -0.6618184  0.2105237481721118 0.2104964250712599
1.503789  -0.6618184  0.21078664107457037 0.21079212761086094
-0.7223237  -0.7223237  -0.1868185 -0.1868185
-0.6618184  -0.7223237  -0.18602396645890343 -0.1860606405118862
-0.6019301  -0.7223237  -0.18448543950351312 -0.18451945201225803
-0.5414266  -0.7223237  -0.18237663107961946 -0.18236710946797174
-0.48104009999999997  -0.7223237  -0.18095731217291808 -0.18094784240136827
-0.4211977  -0.7223237  -0.1794386946273623 -0.1795055520882931
-0.360773  -0.7223237  -0.1769897628619425 -0.17699234498484304
-0.30098610000000003  -0.7223237  -0.17626693340247884 -0.1762718603206165
-0.2405293  -0.7223237  -0.17336401583133682 -0.1734157470522572
-0.180808  -0.7223237  -0.17027932874002283 -0.17029794101299
-0.1203181  -0.7223237  -0.16886325268125063 -0.16892196951269464
-0.06060252  -0.7223237  -0.16439189823943715 -0.1643876773213259
-9.172857e-5  -0.7223237  -0.1550597877245751 -0.15503326520446145
0.06038413  -0.7223237  -0.13302424058247705 -0.1329470088202808
0.1201007  -0.7223237  -0.10647417906913353 -0.10653412432473859
0.1805994  -0.7223237  -0.04609581460189181 -0.04633878905853865
0.24032810000000002  -0.7223237  0.015196902110792705 0.01521483966821495
0.3008055  -0.7223237  0.05043192273408744 0.050337476061245084
0.36057089999999997  -0.7223237  0.07773189926825137 0.07772863866657838
0.4210471  -0.7223237  0.10161033150594423 0.1016108999606906
0.4808693  -0.7223237  0.12148205695299569 0.1214611193969027
0.5413045  -0.7223237  0.14231052883307818 0.14228660801921694
0.6017396  -0.7223237  0.1654381155664368 0.16538600617969237
0.661558  -0.7223237  0.18250208377306074 0.18252598149206795
0.722076  -0.7223237  0.18983157949908502 0.18972853813837978
0.7818239  -0.7223237  0.19494379915136173 0.19494377900295742
0.8423139  -0.7223237  0.19790270142140606 0.19791726170298965
0.9020751  -0.7223237  0.19777497107959122 0.1977482892597639
0.9625343000000001  -0.7223237  0.19893269473416084 0.19890732947595866
1.022985  -0.7223237  0.20280070153201596 0.20279395293148278
1.0827360000000001  -0.7223237  0.20299147906746423 0.20307596784203738
1.1432090000000001  -0.7223237  0.2022494147357963 0.20219582247126086
1.202952  -0.7223237  0.20529989982060218 0.20530144201689055
1.263542  -0.7223237  0.20748590564613734 0.20751591451268614
1.3232490000000001  -0.7223237  0.20691776966324738 0.20691100018175387
1.383748  -0.7223237  0.20790837689700845 0.20788626117462314
1.443433  -0.7223237  0.2111380252532539 0.2111359959539696
1.503789  -0.7223237  0.2110346238858416 0.2110123816316681
-0.7821131  -0.7821131  -0.1901117 -0.1901117
-0.7223237  -0.7821131  -0.1889400798033947 -0.18895347517367814
-0.6618184  -0.7821131  -0.1873261424801536 -0.18731460008186188
-0.6019301  -0.7821131  -0.18584789962253437 -0.18584889976991165
-0.5414266  -0.7821131  -0.18485805578396544 -0.18486580709110761
-0.48104009999999997  -0.7821131  -0.18271917415754882 -0.18273730873557809
-0.4211977  -0.7821131  -0.1808495676332377 -0.18086861965080947
-0.360773  -0.7821131  -0.17995883692472267 -0.1799598105525964
-0.30098610000000003  -0.7821131  -0.17789589860078137 -0.17793425287779702
-0.2405293  -0.7821131  -0.17479078931008563 -0.17479054284767184
-0.180808  -0.7821131  -0.1736742698449289 -0.17370456122564418
-0.1203181  -0.7821131  -0.17167181624845024 -0.17168556219477615
-0.06060252  -0.7821131  -0.1670443545598706 -0.1669855950298897
-9.172857e-5  -0.7821131  -0.1630393407382218 -0.16316645044472014
0.06038413  -0.7821131  -0.14220434642551652 -0.1421396041270946
0.1201007  -0.7821131  -0.11953057113342776 -0.11926660920261464
0.1805994  -0.7821131  -0.0544364707665939 -0.05458888336080238
0.24032810000000002  -0.7821131  0.015146637322003614 0.014900095010493162
0.3008055  -0.7821131  0.05240248975263012 0.052393928394524815
0.36057089999999997  -0.7821131  0.08053406392514101 0.08052565115231924
0.4210471  -0.7821131  0.10266173890045693 0.10262373328143913
0.4808693  -0.7821131  0.1224266503591283 0.1224246485488483
0.5413045  -0.7821131  0.14428429524579972 0.14425734757779365
0.6017396  -0.7821131  0.16627585184028715 0.16627992470194303
0.661558  -0.7821131  0.180570502260706 0.18050154227129647
0.722076  -0.7821131  0.190590278915701 0.19059026832491213
0.7818239  -0.7821131  0.19640527704669009 0.19642261417601092
0.8423139  -0.7821131  0.19708413856438559 0.1970454105411039
0.9020751  -0.7821131  0.1974928315292721 0.1974897577692322
0.9625343000000001  -0.7821131  0.20119555674650513 0.20120437416809317
1.022985  -0.7821131  0.20270582560736602 0.20272909002133255
1.0827360000000001  -0.7821131  0.2012209618275937 0.20115037449533382
1.1432090000000001  -0.7821131  0.20394075743186332 0.20394361918555945
1.202952  -0.7821131  0.20653598729585324 0.20658396569709397
1.263542  -0.7821131  0.20631851743113208 0.2062988918962673
1.3232490000000001  -0.7821131  0.2067224982470618 0.20671846242145545
1.383748  -0.7821131  0.20983507730278264 0.20984246180894522
1.443433  -0.7821131  0.21099444806729065 0.21103946108223495
1.503789  -0.7821131  0.21083473412738413 0.21084537157975958
-0.8425897999999999  -0.8425897999999999  -0.1921273 -0.1921273
-0.7821131  -0.8425897999999999  -0.19092289394632028 -0.1909311693351846
-0.7223237  -0.8425897999999999  -0.1892679543340803 -0.18925894527635487
-0.6618184  -0.8425897999999999  -0.1883742900280101 -0.18839496533594027
-0.6019301  -0.8425897999999999  -0.1865028010272467 -0.18649955510343985
-0.5414266  -0.8425897999999999  -0.18495662915295472 -0.1849629818602701
-0.48104009999999997  -0.8425897999999999  -0.18378841615126706 -0.1838235095801152
-0.4211977  -0.8425897999999999  -0.1813244528329388 -0.18132178568497445
-0.360773  -0.8425897999999999  -0.17951820327164866 -0.1794882803142487
-0.30098610000000003  -0.8425897999999999  -0.17863550664767788 -0.17865268494492084
-0.2405293  -0.8425897999999999  -0.1758855208181485 -0.1758636427181457
-0.180808  -0.8425897999999999  -0.1730465922224246 -0.1730365858789189
-0.1203181  -0.8425897999999999  -0.1718772314220857 -0.17185963632314055
-0.06060252  -0.8425897999999999  -0.1687969822443243 -0.16873454955924366
-9.172857e-5  -0.8425897999999999  -0.1635358497509878 -0.16355908050556883
0.06038413  -0.8425897999999999  -0.14473853390446942 -0.14456170630950718
0.1201007  -0.8425897999999999  -0.1328562519311919 -0.1327877859868221
0.1805994  -0.8425897999999999  -0.05540739141256967 -0.0545082010606927
0.24032810000000002  -0.8425897999999999  0.01848671966452443 0.018504567170269146
0.3008055  -0.8425897999999999  0.052809475244515805 0.052636762984732945
0.36057089999999997  -0.8425897999999999  0.080284217751248 0.08024218502602794
0.4210471  -0.8425897999999999  0.10454611655461575 0.10457482129572757
0.4808693  -0.8425897999999999  0.12274614202789379 0.12275249795024344
0.5413045  -0.8425897999999999  0.1436744663438812 0.14361916630263005
0.6017396  -0.8425897999999999  0.16597920887005582 0.16598742392562427
0.661558  -0.8425897999999999  0.18134328780517095 0.18134329730787085
0.722076  -0.8425897999999999  0.19010427710168246 0.19004077333627228
0.7818239  -0.8425897999999999  0.1959916885276203 0.1960034876764405
0.8423139  -0.8425897999999999  0.19799356220011968 0.19798865441277105
0.9020751  -0.8425897999999999  0.19738284055392083 0.19736576195325867
0.9625343000000001  -0.8425897999999999  0.2004167673479324 0.20039067929519347
1.022985  -0.8425897999999999  0.20213714157151488 0.2021119141561092
1.0827360000000001  -0.8425897999999999  0.20117712695575804 0.20117147177802547
1.1432090000000001  -0.8425897999999999  0.20334549721788475 0.2032859666438887
1.202952  -0.8425897999999999  0.2061583703823086 0.20616990596322102
1.263542  -0.8425897999999999  0.20677712232396392 0.2067873536252741
1.3232490000000001  -0.8425897999999999  0.206375781649929 0.20636828415016598
1.383748  -0.8425897999999999  0.2087637757191018 0.2087137581950708
1.443433  -0.8425897999999999  0.21115635997235346 0.21116455999968436
1.503789  -0.8425897999999999  0.2116105533871138 0.21160741240477046
-0.902366  -0.902366  -0.1933518 -0.1933518
-0.8425897999999999  -0.902366  -0.19199062427161565 -0.19198742813158645
-0.7821131  -0.902366  -0.19080834508554884 -0.19080345805611168
-0.7223237  -0.902366  -0.18967268341702045 -0.1896783768548664
-0.6618184  -0.902366  -0.18770422992848462 -0.1876970807085563
-0.6019301  -0.902366  -0.18681709941379443 -0.18680676611532035
-0.5414266  -0.902366  -0.18477926261513403 -0.18474896162843546
-0.48104009999999997  -0.902366  -0.18321491110680316 -0.18321529697950595
-0.4211977  -0.902366  -0.18233809644894192 -0.1823377903775474
-0.360773  -0.902366  -0.1799903264346622 -0.17998180304669434
-0.30098610000000003  -0.902366  -0.1773491858404866 -0.17733751956269034
-0.2405293  -0.902366  -0.17667280144695097 -0.17667118371185736
-0.180808  -0.902366  -0.17450795502247438 -0.1745297538100208
-0.1203181  -0.902366  -0.17029135259737876 -0.17021706696565167
-0.06060252  -0.902366  -0.1690886747282585 -0.16909437350259976
-9.172857e-5  -0.902366  -0.16452573611881752 -0.16471612034022687
0.06038413  -0.902366  -0.14416618585671767 -0.14392612157848206
0.1201007  -0.902366  -0.1370762228885694 -0.13754503391601758
0.1805994  -0.902366  -0.07309026471099589 -0.07317321906283186
0.24032810000000002  -0.902366  0.020726070641417682 0.02117747397645792
0.3008055  -0.902366  0.056198986346241785 0.056108275693823886
0.36057089999999997  -0.902366  0.0816012048950647 0.08159717325590009
0.4210471  -0.902366  0.10197856281327583 0.10194073953611593
0.4808693  -0.902366  0.1240130949761671 0.12399831453929344
0.5413045  -0.902366  0.14494128746327425 0.1449092386866858
0.6017396  -0.902366  0.16428460466132275 0.1642845821987669
0.661558  -0.902366  0.18147939925698744 0.18141981008544975
0.722076  -0.902366  0.192378643100811 0.19236510697076953
0.7818239  -0.902366  0.19388162991243055 0.19381602631803896
0.8423139  -0.902366  0.19621257502589015 0.19618619576387322
0.9020751  -0.902366  0.1994813677962207 0.199493966976875
0.9625343000000001  -0.902366  0.19958925358853424 0.19952396832872682
1.022985  -0.902366  0.20015722157059257 0.20015664433517782
1.0827360000000001  -0.902366  0.20317075185176087 0.2031488480848996
1.1432090000000001  -0.902366  0.20484058513613113 0.20485499972395305
1.202952  -0.902366  0.204643171023013 0.20463072623682096
1.263542  -0.902366  0.20525470942349378 0.20523993408987418
1.3232490000000001  -0.902366  0.20877479865262719 0.2087694830395407
1.383748  -0.902366  0.20964315297195868 0.2096219103461026
1.443433  -0.902366  0.2088389945336505 0.20883019726661167
1.503789  -0.902366  0.21089334167124782 0.21090826313542932
-0.962856  -0.962856  -0.1950877 -0.1950877
-0.902366  -0.962856  -0.1936512433182759 -0.1936451306973083
-0.8425897999999999  -0.962856  -0.19238398510991858 -0.19238206695445448
-0.7821131  -0.962856  -0.19106395630550543 -0.19106374313189334
-0.7223237  -0.962856  -0.1901092029398249 -0.19012166262421953
-0.6618184  -0.962856  -0.18768136837410826 -0.18767393641184585
-0.6019301  -0.962856  -0.18710320647941417 -0.1871380866479402
-0.5414266  -0.962856  -0.18520518711824033 -0.18520371210500944
-0.48104009999999997  -0.962856  -0.18279849544482074 -0.1827750993505843
-0.4211977  -0.962856  -0.18211615133381248 -0.18212546659053971
-0.360773  -0.962856  -0.18073451312605027 -0.1807410634835523
-0.30098610000000003  -0.962856  -0.17734867045255806 -0.17733893935364003
-0.2405293  -0.962856  -0.17676019810391458 -0.17675595584206882
-0.180808  -0.962856  -0.17527368631431678 -0.17527980677996668
-0.1203181  -0.962856  -0.17063133274918885 -0.17061623143156746
-0.06060252  -0.962856  -0.16880078692739267 -0.16874153237835687
-9.172857e-5  -0.962856  -0.16561679931341725 -0.16558453966706863
0.06038413  -0.962856  -0.14597039742117057 -0.1455497767615768
0.1201007  -0.962856  -0.1344305541155447 -0.13437311948290492
0.1805994  -0.962856  -0.08358625068205819 -0.08527731361749241
0.24032810000000002  -0.962856  0.019736716125999313 0.0193771498714775
0.3008055  -0.962856  0.05611447109893802 0.056088073928224486
0.36057089999999997  -0.962856  0.08181384042197276 0.08180362562442431
0.4210471  -0.962856  0.10241184406402659 0.10238823228832397
0.4808693  -0.962856  0.12375178434409927 0.12380091173369945
0.5413045  -0.962856  0.14584881011348438 0.14584884277444626
0.6017396  -0.962856  0.16430895496990855 0.16427617992408425
0.661558  -0.962856  0.18070865626869015 0.18067923421856766
0.722076  -0.962856  0.19251051289060261 0.19252850035209101
0.7818239  -0.962856  0.1951021464164556 0.19511854001763745
0.8423139  -0.962856  0.19530200274174433 0.19524173660799943
0.9020751  -0.962856  0.19893988885862046 0.19897705176587244
0.9625343000000001  -0.962856  0.20042877954737578 0.20042799339920217
1.022985  -0.962856  0.20018303148486938 0.20017986276035524
1.0827360000000001  -0.962856  0.20308497398888467 0.20310520074834063
1.1432090000000001  -0.962856  0.20491983042896625 0.20489408455298933
1.202952  -0.962856  0.204024051529577 0.20401817048105825
1.263542  -0.962856  0.20548185551148446 0.2054359393345092
1.3232490000000001  -0.962856  0.20906398866074824 0.20911367981147433
1.383748  -0.962856  0.20993030243727082 0.20992704884417454
1.443433  -0.962856  0.20897067546487094 0.20893988192394308
1.503789  -0.962856  0.21118772366290905 0.21119753366859567
-1.023321  -1.023321  -0.1963899 -0.1963899
-0.962856  -1.023321  -0.19517810127595547 -0.1951863177508861
-0.902366  -1.023321  -0.19381717323093675 -0.19382943940286898
-0.8425897999999999  -1.023321  -0.19262101562709916 -0.19261969589355227
-0.7821131  -1.023321  -0.19113400177910822 -0.1911316800357718
-0.7223237  -1.023321  -0.1900853594802244 -0.19007434321654734
-0.6618184  -1.023321  -0.18811472020560213 -0.18809124248940248
-0.6019301  -1.023321  -0.18640655326811623 -0.18640549836858727
-0.5414266  -1.023321  -0.18576036661104844 -0.18576098830579288
-0.48104009999999997  -1.023321  -0.1837147615190107 -0.18371722311031147
-0.4211977  -1.023321  -0.1813186590773165 -0.1812919961253598
-0.360773  -1.023321  -0.18064201471998156 -0.1806374701916514
-0.30098610000000003  -1.023321  -0.17894971323028916 -0.178991097273763
-0.2405293  -1.023321  -0.17566589099750884 -0.17560887550401386
-0.180808  -1.023321  -0.17462397189213352 -0.1746299468796951
-0.1203181  -1.023321  -0.17276625170597953 -0.1727981597864697
-0.06060252  -1.023321  -0.16880086024482044 -0.16877059797005628
-9.172857e-5  -1.023321  -0.16564334502076972 -0.16578365169499643
0.06038413  -1.023321  -0.14771162224564588 -0.14769988530686237
0.1201007  -1.023321  -0.13914191072273563 -0.13832538299417516
0.1805994  -1.023321  -0.06462780880014662 -0.06326152310509829
0.24032810000000002  -1.023321  0.017723295734376268 0.01742564253361106
0.3008055  -1.023321  0.053218550204258676 0.053075155697700584
0.36057089999999997  -1.023321  0.0814549160246604 0.08136301963873722
0.4210471  -1.023321  0.10394427549706291 0.10396326207118563
0.4808693  -1.023321  0.12233604803416538 0.12233604369643564
0.5413045  -1.023321  0.1439708151884695 0.14388539458927938
0.6017396  -1.023321  0.16606065983768542 0.16608509185861486
0.661558  -1.023321  0.18034922287312435 0.1803008762009284
0.722076  -1.023321  0.19014382156369725 0.19010075372849652
0.7818239  -1.023321  0.19613603581637157 0.19612695909779462
0.8423139  -1.023321  0.1969507828002943 0.19694956510122835
0.9020751  -1.023321  0.1969414883924946 0.19693557535241624
0.9625343000000001  -1.023321  0.2002177130408674 0.2001489519926135
1.022985  -1.023321  0.2023392326501356 0.2023668273312369
1.0827360000000001  -1.023321  0.20236616898182055 0.2023637176386217
1.1432090000000001  -1.023321  0.2029576136758727 0.20293877699280813
1.202952  -1.023321  0.20625997184137115 0.20624743417635913
1.263542  -1.023321  0.20729058691944524 0.2073048280138085
1.3232490000000001  -1.023321  0.2065925622880112 0.20657797176637166
1.383748  -1.023321  0.20819794228890312 0.20815547466208786
1.443433  -1.023321  0.21091490566654075 0.21088798365028671
1.503789  -1.023321  0.21127149438103807 0.21124563660493412
-1.083067  -1.083067  -0.1979248 -0.1979248
-1.023321  -1.083067  -0.19615610892911742 -0.19613826918447075
-0.962856  -1.083067  -0.19530891834581998 -0.19532087863153763
-0.902366  -1.083067  -0.1934771940123463 -0.19346065093666368
-0.8425897999999999  -1.083067  -0.19250062711134386 -0.1924976146465925
-0.7821131  -1.083067  -0.19144143792399906 -0.19145102361767138
-0.7223237  -1.083067  -0.1898687628539589 -0.18985243617683228
-0.6618184  -1.083067  -0.18808413783858355 -0.18808371182579475
-0.6019301  -1.083067  -0.1873943929400178 -0.1874261746613741
-0.5414266  -1.083067  -0.18490774943301158 -0.18488687326455078
-0.48104009999999997  -1.083067  -0.18349816581105508 -0.18350771929124027
-0.4211977  -1.083067  -0.18291043785929303 -0.18292013327995388
-0.360773  -1.083067  -0.1803675875193748 -0.1803912997179316
-0.30098610000000003  -1.083067  -0.17800184391564336 -0.17798649992332674
-0.2405293  -1.083067  -0.17715017499055094 -0.1771622520289674
-0.180808  -1.083067  -0.1748379024702308 -0.17487242266000427
-0.1203181  -1.083067  -0.17135564307376622 -0.1713038940429894
-0.06060252  -1.083067  -0.16929414155345535 -0.16929826475962603
-9.172857e-5  -1.083067  -0.16631924142696738 -0.16635149667971816
0.06038413  -1.083067  -0.1464132858736687 -0.1463320179891104
0.1201007  -1.083067  -0.14062874639597933 -0.14098007052011172
0.1805994  -1.083067  -0.07373969082148116 -0.07353035063536636
0.24032810000000002  -1.083067  0.019782211779878617 0.02008050584673164
0.3008055  -1.083067  0.05517782800343966 0.05497486244656835
0.36057089999999997  -1.083067  0.0824079734759965 0.08241789089129241
0.4210471  -1.083067  0.10196520458010498 0.1019651700287443
0.4808693  -1.083067  0.12266571654674759 0.12261429276986198
0.5413045  -1.083067  0.14540130921482433 0.14543474513150492
0.6017396  -1.083067  0.16475404593564483 0.16470805958361498
0.661558  -1.083067  0.1803243552231046 0.18030107227317357
0.722076  -1.083067  0.1917855322356927 0.1917716748812087
0.7818239  -1.083067  0.1951896271224216 0.19508547871735046
0.8423139  -1.083067  0.19570697027682166 0.19570542518696468
0.9020751  -1.083067  0.1982507366375198 0.1982257700857901
0.9625343000000001  -1.083067  0.2011935038102787 0.2012229492568651
1.022985  -1.083067  0.20098787284117026 0.20092744654549727
1.0827360000000001  -1.083067  0.2016616277225534 0.20164931598944794
1.1432090000000001  -1.083067  0.20439040633906375 0.20439972595613798
1.202952  -1.083067  0.20632078500880313 0.2063231332893302
1.263542  -1.083067  0.2055613815795915 0.20554298494870937
1.3232490000000001  -1.083067  0.20675415265015717 0.20670426194523947
1.383748  -1.083067  0.20990964767930712 0.20995161118745317
1.443433  -1.083067  0.2108101247781204 0.2107801437819644
1.503789  -1.083067  0.21000464583380535 0.21000460987045927
-1.143553  -1.143553  -0.1987268 -0.1987268
-1.083067  -1.143553  -0.1976207434653418 -0.19762176888736185
-1.023321  -1.143553  -0.1967452814973665 -0.19676158642196448
-0.962856  -1.143553  -0.19470266242442874 -0.1946764309154889
-0.902366  -1.143553  -0.1938975508157025 -0.19389505037561205
-0.8425897999999999  -1.143553  -0.1927113395805654 -0.19272602927577764
-0.7821131  -1.143553  -0.1906198269708325 -0.1905979267047617
-0.7223237  -1.143553  -0.1900873318678203 -0.19009021613563015
-0.6618184  -1.143553  -0.1885293411436393 -0.18855845661927725
-0.6019301  -1.143553  -0.18631737930730688 -0.18629535641172096
-0.5414266  -1.143553  -0.18549012715043348 -0.18551217270903142
-0.48104009999999997  -1.143553  -0.1845985053494122 -0.18461446447039984
-0.4211977  -1.143553  -0.1816052283350793 -0.1815907283104624
-0.360773  -1.143553  -0.1801035954580762 -0.18013365997208752
-0.30098610000000003  -1.143553  -0.17921918019839486 -0.17922689880057469
-0.2405293  -1.143553  -0.17559670338037733 -0.17558328698571027
-0.180808  -1.143553  -0.17356745309647229 -0.17353979946918716
-0.1203181  -1.143553  -0.17290288424724876 -0.17294255079862847
-0.06060252  -1.143553  -0.16959034963615374 -0.1695878816447292
-9.172857e-5  -1.143553  -0.16234514379894377 -0.16232833330263857
0.06038413  -1.143553  -0.14603777967194193 -0.1457473063199129
0.1201007  -1.143553  -0.14035569844609513 -0.1404955112720571
0.1805994  -1.143553  -0.09553146611475156 -0.09695759477469239
0.24032810000000002  -1.143553  0.024854655555983606 0.025337787363300487
0.3008055  -1.143553  0.055458080608412764 0.05526632219934322
0.36057089999999997  -1.143553  0.08018606842204122 0.08018600400379695
0.4210471  -1.143553  0.10413816491312172 0.1041301784235825
0.4808693  -1.143553  0.12419993244051578 0.12417955053560073
0.5413045  -1.143553  0.14342943353656448 0.1433908066157232
0.6017396  -1.143553  0.16568195942859493 0.1656745103870866
0.661558  -1.143553  0.1817866998216283 0.18180443091562667
0.722076  -1.143553  0.1897765652476713 0.18967081200767813
0.7818239  -1.143553  0.19472375211730225 0.19472325854838293
0.8423139  -1.143553  0.1984693363939233 0.19851922315368095
0.9020751  -1.143553  0.19843982524201634 0.19842658477235384
0.9625343000000001  -1.143553  0.19941136672383894 0.19938324344371816
1.022985  -1.143553  0.20289764618929582 0.20290442659040162
1.0827360000000001  -1.143553  0.2035837270296267 0.2036406210706561
1.1432090000000001  -1.143553  0.20311001703150353 0.20304033889758574
1.202952  -1.143553  0.20434188408991216 0.20433599599882776
1.263542  -1.143553  0.20770747695156502 0.20769426825507903
1.3232490000000001  -1.143553  0.20854944967146669 0.20860366785770842
1.383748  -1.143553  0.207211961578508 0.20713263060203194
1.443433  -1.143553  0.2091837365527 0.20917815524980193
1.503789  -1.143553  0.21160260549787724 0.21158205172589784
-1.203258  -1.203258  -0.20021009999999997 -0.20021009999999997
-1.143553  -1.203258  -0.1990081067882473 -0.19900789470205352
-1.083067  -1.203258  -0.1977353852884103 -0.19773286182235725
-1.023321  -1.203258  -0.19683542204947652 -0.19684321587307443
-0.962856  -1.203258  -0.19529952148349553 -0.1953053546607166
-0.902366  -1.203258  -0.19364922858338593 -0.19364660282136473
-0.8425897999999999  -1.203258  -0.19296157941004852 -0.19297956923934953
-0.7821131  -1.203258  -0.19156566513166728 -0.19156587794270666
-0.7223237  -1.203258  -0.18923478094807578 -0.1892188262055513
-0.6618184  -1.203258  -0.18866077855402363 -0.18866440782143556
-0.6019301  -1.203258  -0.18738926358547955 -0.1873920230787276
-0.5414266  -1.203258  -0.1846269902463352 -0.1846213516268808
-0.48104009999999997  -1.203258  -0.1838326401320868 -0.18381518778062214
-0.4211977  -1.203258  -0.18298912137256765 -0.18299971857188438
-0.360773  -1.203258  -0.17983878762239497 -0.17983291330572107
-0.30098610000000003  -1.203258  -0.17775745016545333 -0.17772900428100105
-0.2405293  -1.203258  -0.17738236161573936 -0.17740780966523606
-0.180808  -1.203258  -0.17429483610962934 -0.17424390496200384
-0.1203181  -1.203258  -0.17060474130375247 -0.17059954729438695
-0.06060252  -1.203258  -0.16989159342525 -0.1698252049573108
-9.172857e-5  -1.203258  -0.166938739688188 -0.16702841867469473
0.06038413  -1.203258  -0.14547509811088286 -0.14529387101354094
0.1201007  -1.203258  -0.1360204910606662 -0.1352563725487267
0.1805994  -1.203258  -0.07997834318121415 -0.08055338467442459
0.24032810000000002  -1.203258  0.018738247339100025 0.018005472384504506
0.3008055  -1.203258  0.05617864828700524 0.05617857062773434
0.36057089999999997  -1.203258  0.0817434307050533 0.08176703462407084
0.4210471  -1.203258  0.10203331717118691 0.10196749810855407
0.4808693  -1.203258  0.12421238140319368 0.12425225773346003
0.5413045  -1.203258  0.1459174553370872 0.14593597386879154
0.6017396  -1.203258  0.16472125715474178 0.16469039605443347
0.661558  -1.203258  0.18037890381797272 0.18036580962112517
0.722076  -1.203258  0.1921653220680843 0.19216745647608074
0.7818239  -1.203258  0.196249288124638 0.19629678347926674
0.8423139  -1.203258  0.1961728333429446 0.19612540508734505
0.9020751  -1.203258  0.19885689741975296 0.19890623579914443
0.9625343000000001  -1.203258  0.20185685263589526 0.20187229887087807
1.022985  -1.203258  0.20159029125866834 0.20159747077756252
1.0827360000000001  -1.203258  0.2013501945584019 0.20131784615443468
1.1432090000000001  -1.203258  0.20470149656063483 0.20472069845977506
1.202952  -1.203258  0.20649329604262917 0.20651745739336178
1.263542  -1.203258  0.20658283322603951 0.20656544025946869
1.3232490000000001  -1.203258  0.2060486938264639 0.20601752116009173
1.383748  -1.203258  0.20919998245447677 0.20920085201378347
1.443433  -1.203258  0.2114793126020224 0.2115364467213261
1.503789  -1.203258  0.2106320221124755 0.21061513787099542
-1.2638  -1.2638  -0.2015402 -0.2015402
-1.203258  -1.2638  -0.2003742832134814 -0.20037736900020733
-1.143553  -1.2638  -0.1991362081240061 -0.19913912253561294
-1.083067  -1.2638  -0.19766718464466979 -0.19766179984472337
-1.023321  -1.2638  -0.19690012776459198 -0.19690347216463408
-0.962856  -1.2638  -0.19520650650861596 -0.19520996533612836
-0.902366  -1.2638  -0.19359736595647917 -0.1936080342705621
-0.8425897999999999  -1.2638  -0.19264875067802306 -0.1926486538137835
-0.7821131  -1.2638  -0.1917305846499505 -0.19174156191361283
-0.7223237  -1.2638  -0.18943380815458008 -0.18943443931647114
-0.6618184  -1.2638  -0.18845385810984513 -0.18846272159635283
-0.6019301  -1.2638  -0.18797078431013328 -0.18797476833317106
-0.5414266  -1.2638  -0.18536142498059477 -0.18537857496387575
-0.48104009999999997  -1.2638  -0.1828452875500147 -0.18282444571139872
-0.4211977  -1.2638  -0.18306207894115337 -0.18307210475750268
-0.360773  -1.2638  -0.18071012551933932 -0.18073761852481948
-0.30098610000000003  -1.2638  -0.17720150953284217 -0.1771896562600773
-0.2405293  -1.2638  -0.17618391267399616 -0.17619155222246063
-0.180808  -1.2638  -0.17582491768443045 -0.17582624114140794
-0.1203181  -1.2638  -0.17196840411796888 -0.17200556263520214
-0.06060252  -1.2638  -0.16830713810958645 -0.16825991233572224
-9.172857e-5  -1.2638  -0.1672142627542558 -0.16731639330743217
0.06038413  -1.2638  -0.14708785112414988 -0.14703322851691938
0.1201007  -1.2638  -0.1401704010196914 -0.1398362857368746
0.1805994  -1.2638  -0.06412178631869069 -0.06266132118552149
0.24032810000000002  -1.2638  0.0180181788290205 0.018018422892920043
0.3008055  -1.2638  0.05355979495993273 0.05329758808249905
0.36057089999999997  -1.2638  0.08158217855227909 0.08153682650066138
0.4210471  -1.2638  0.10403269111121748 0.1040330657464848
0.4808693  -1.2638  0.12285226899701855 0.12284877324119427
0.5413045  -1.2638  0.14464340342437557 0.1445911654948256
0.6017396  -1.2638  0.16654088842246534 0.16655266517572653
0.661558  -1.2638  0.18100393037537177 0.18100042020156043
0.722076  -1.2638  0.19005995098722805 0.1900047838843618
0.7818239  -1.2638  0.19618973262747294 0.19618126720785922
0.8423139  -1.2638  0.1973682513362131 0.1973404204163792
0.9020751  -1.2638  0.19719800794777553 0.19718991289846072
0.9625343000000001  -1.2638  0.20023087673696563 0.20020533730935938
1.022985  -1.2638  0.20272136894435977 0.20272341973172492
1.0827360000000001  -1.2638  0.20266600967151915 0.20266437038223167
1.1432090000000001  -1.2638  0.20252913249126975 0.20248390484054518
1.202952  -1.2638  0.20580421399980092 0.20581129047468757
1.263542  -1.2638  0.2077856548594506 0.20780490577120997
1.3232490000000001  -1.2638  0.20665465506936026 0.20665443554907542
1.383748  -1.2638  0.20757930452807294 0.207560747511695
1.443433  -1.2638  0.21015783733101348 0.21014594992469907
1.503789  -1.2638  0.21216189990667123 0.2121667471027202
-1.323526  -1.323526  -0.2027768 -0.2027768
-1.2638  -1.323526  -0.20157441526180914 -0.20158747111958644
-1.203258  -1.323526  -0.20012185023110862 -0.2001176527560055
-1.143553  -1.323526  -0.19910230903241946 -0.1991085724067146
-1.083067  -1.323526  -0.19737676204855964 -0.19737438024535892
-1.023321  -1.323526  -0.19642103812844133 -0.19639949827442416
-0.962856  -1.323526  -0.1957240499493215 -0.195734709993273
-0.902366  -1.323526  -0.1936621526746007 -0.1936614193957344
-0.8425897999999999  -1.323526  -0.1921493890217277 -0.19211432068716208
-0.7821131  -1.323526  -0.19202531038271164 -0.19203865942824405
-0.7223237  -1.323526  -0.18947372550227332 -0.189440171984267
-0.6618184  -1.323526  -0.18792611734269132 -0.18791734826443696
-0.6019301  -1.323526  -0.18763159131248608 -0.18764637890923952
-0.5414266  -1.323526  -0.185721260695497 -0.18571636331017388
-0.48104009999999997  -1.323526  -0.18283388550982896 -0.18282555770214673
-0.4211977  -1.323526  -0.18228617854740958 -0.18226593734173566
-0.360773  -1.323526  -0.18122826865450659 -0.18125297827427198
-0.30098610000000003  -1.323526  -0.1779166793426128 -0.1778851926926649
-0.2405293  -1.323526  -0.17548694059039094 -0.17548050055663503
-0.180808  -1.323526  -0.17542881785233877 -0.17543639399346594
-0.1203181  -1.323526  -0.17210560693210436 -0.17205566004663295
-0.06060252  -1.323526  -0.1679478194598086 -0.16791740457121843
-9.172857e-5  -1.323526  -0.16425273595616954 -0.1643483664407953
0.06038413  -1.323526  -0.1464823842760246 -0.1463105493699285
0.1201007  -1.323526  -0.14099577319841397 -0.14141891231652115
0.1805994  -1.323526  -0.08655073452675245 -0.08655162965638893
0.24032810000000002  -1.323526  0.023220973848535335 0.023930093902133874
0.3008055  -1.323526  0.05410557952409652 0.053904545717426325
0.36057089999999997  -1.323526  0.08041943009950776 0.08043294067647229
0.4210471  -1.323526  0.10418521597002543 0.10419723459812431
0.4808693  -1.323526  0.1233434532538434 0.12336368055958996
0.5413045  -1.323526  0.14404970026850472 0.1440406815353097
0.6017396  -1.323526  0.16632817346967452 0.16632963291988223
0.661558  -1.323526  0.1824070739265706 0.18247163643425857
0.722076  -1.323526  0.18955724452147504 0.1894825467248804
0.7818239  -1.323526  0.19452068273140294 0.1945030800165483
0.8423139  -1.323526  0.1988144516446551 0.19883351524743428
0.9020751  -1.323526  0.19782015157405758 0.1978365336938402
0.9625343000000001  -1.323526  0.19854912658676532 0.19850236887660708
1.022985  -1.323526  0.20212238850430142 0.20213122190566854
1.0827360000000001  -1.323526  0.20367578032144032 0.20366899831199986
1.1432090000000001  -1.323526  0.2032056306257103 0.20322925954796917
1.202952  -1.323526  0.20402954544085 0.20403147753839318
1.263542  -1.323526  0.20745255676919888 0.20745115021533642
1.3232490000000001  -1.323526  0.20793085323531385 0.20798337976723627
1.383748  -1.323526  0.20738831680161326 0.20739003709802728
1.443433  -1.323526  0.20924535812377953 0.20923918682759238
1.503789  -1.323526  0.21186607607753052 0.211847474309054
-1.384018  -1.384018  -0.2040574 -0.2040574
-1.323526  -1.384018  -0.20272437642490262 -0.20270745737579976
-1.2638  -1.384018  -0.2019991982546074 -0.2020075271112933
-1.203258  -1.384018  -0.2007702724252438 -0.20077640197572513
-1.143553  -1.384018  -0.19882366155655973 -0.19881056009684878
-1.083067  -1.384018  -0.19835558351293098 -0.19836592436822592
-1.023321  -1.384018  -0.1965218597894694 -0.19650004065984314
-0.962856  -1.384018  -0.19494812173185883 -0.19494725250401196
-0.902366  -1.384018  -0.19452857792938386 -0.19455612220232515
-0.8425897999999999  -1.384018  -0.19241588133121038 -0.19240252113507783
-0.7821131  -1.384018  -0.19113263552149018 -0.19113500059362196
-0.7223237  -1.384018  -0.19042967701766883 -0.1904309870839515
-0.6618184  -1.384018  -0.18894571984940187 -0.18897862567940077
-0.6019301  -1.384018  -0.18618488690675852 -0.18612665471804474
-0.5414266  -1.384018  -0.18566105700263275 -0.18567173661301947
-0.48104009999999997  -1.384018  -0.18445171501697272 -0.18448855047145551
-0.4211977  -1.384018  -0.1818578066416641 -0.18184157041353946
-0.360773  -1.384018  -0.179412847838952 -0.1793777668692622
-0.30098610000000003  -1.384018  -0.17920559468931946 -0.17920621558170152
-0.2405293  -1.384018  -0.17739956376102167 -0.1774468299340243
-0.180808  -1.384018  -0.17351012681294609 -0.1734396976332812
-0.1203181  -1.384018  -0.17165879687101718 -0.17167319519696553
-0.06060252  -1.384018  -0.17061507302024975 -0.170603968460707
-9.172857e-5  -1.384018  -0.16440278663314806 -0.1643556089627354
0.06038413  -1.384018  -0.1446550497666278 -0.14420100903765495
0.1201007  -1.384018  -0.13701647300804354 -0.13701577041747087
0.1805994  -1.384018  -0.09291084144855873 -0.09491715362131903
0.24032810000000002  -1.384018  0.022201638615024152 0.022009150336462176
0.3008055  -1.384018  0.05666789737800633 0.05660402210047767
0.36057089999999997  -1.384018  0.08117682039222401 0.08119413472062895
0.4210471  -1.384018  0.10181143719391082 0.1017272263096457
0.4808693  -1.384018  0.12357371655052841 0.12360462907287627
0.5413045  -1.384018  0.14578046723940305 0.14578427091474785
0.6017396  -1.384018  0.1647191957891805 0.16471362426996614
0.661558  -1.384018  0.18012819881336462 0.18002833777523924
0.722076  -1.384018  0.19216500205975431 0.19224059450562211
0.7818239  -1.384018  0.19593186783488095 0.19594744317728924
0.8423139  -1.384018  0.19606073324309614 0.1960124253311038
0.9020751  -1.384018  0.19796188971472023 0.19800354597946954
0.9625343000000001  -1.384018  0.20077849898728722 0.2007879450952573
1.022985  -1.384018  0.20250009326010346 0.2025520384184773
1.0827360000000001  -1.384018  0.2019187856366286 0.20188001887216497
1.1432090000000001  -1.384018  0.20244569669979137 0.20243658520807994
1.202952  -1.384018  0.20494397942921339 0.20494375839071263
1.263542  -1.384018  0.2074207809913212 0.20746062675113183
1.3232490000000001  -1.384018  0.20704189182044844 0.20698366825620143
1.383748  -1.384018  0.20711872185409358 0.20711213125090625
1.443433  -1.384018  0.209856787938139 0.20983256697716607
1.503789  -1.384018  0.21135665720701946 0.21133447124859892
-1.443726  -1.443726  -0.20482160000000002 -0.20482160000000002
-1.384018  -1.443726  -0.20365105435976558 -0.203646082556887
-1.323526  -1.443726  -0.2029245015148375 -0.20293390622118684
-1.2638  -1.443726  -0.2015388354493025 -0.20152490864696307
-1.203258  -1.443726  -0.2006618075555506 -0.20065975370728778
-1.143553  -1.443726  -0.1993532873596648 -0.19937220779790846
-1.083067  -1.443726  -0.19828735976393816 -0.19830511914551502
-1.023321  -1.443726  -0.19722475949529306 -0.19722586331769337
-0.962856  -1.443726  -0.1950484394686398 -0.195040442775121
-0.902366  -1.443726  -0.19388764930866742 -0.19386774471533114
-0.8425897999999999  -1.443726  -0.19347201039227374 -0.19351037140063593
-0.7821131  -1.443726  -0.19163493441976798 -0.19164346199363136
-0.7223237  -1.443726  -0.18930054370369181 -0.18929095090481637
-0.6618184  -1.443726  -0.1883857329861271 -0.18839724221456378
-0.6019301  -1.443726  -0.18787077340682964 -0.18788158654072673
-0.5414266  -1.443726  -0.18486204581267682 -0.18488546768632935
-0.48104009999999997  -1.443726  -0.18311068760970758 -0.1830736601177807
-0.4211977  -1.443726  -0.1828895414335729 -0.18293013399390437
-0.360773  -1.443726  -0.18074063721703404 -0.18074678789460882
-0.30098610000000003  -1.443726  -0.17769821311242698 -0.17768892748301965
-0.2405293  -1.443726  -0.17695632869550082 -0.17697541351480295
-0.180808  -1.443726  -0.17570511604527136 -0.1757275523309293
-0.1203181  -1.443726  -0.1711492908152969 -0.17117613449545416
-0.06060252  -1.443726  -0.16817498723143334 -0.16809175721081168
-9.172857e-5  -1.443726  -0.1667315184122948 -0.16693960997926396
0.06038413  -1.443726  -0.14777505646315348 -0.14777502410458906
0.1201007  -1.443726  -0.13808056198119517 -0.13714369971017792
0.1805994  -1.443726  -0.06879439186071709 -0.06776377839509695
0.24032810000000002  -1.443726  0.017890837359379887 0.017431404414484968
0.3008055  -1.443726  0.05357365344118289 0.053461674309921485
0.36057089999999997  -1.443726  0.08104770696587657 0.08093481214569269
0.4210471  -1.443726  0.1046080223348921 0.10465387916556301
0.4808693  -1.443726  0.12304151002560448 0.12303568428084068
0.5413045  -1.443726  0.14364810567807615 0.1435794692140403
0.6017396  -1.443726  0.1658441650346513 0.16583550767174246
0.661558  -1.443726  0.1830773521119478 0.183127168425155
0.722076  -1.443726  0.18926424787512194 0.18925171525672427
0.7818239  -1.443726  0.1944939160257469 0.19441391702585892
0.8423139  -1.443726  0.19844052679898383 0.19850837267079308
0.9020751  -1.443726  0.1989486862693757 0.19894512364597977
0.9625343000000001  -1.443726  0.1989520634373409 0.19897441512741612
1.022985  -1.443726  0.20061431632405957 0.20056610417493212
1.0827360000000001  -1.443726  0.20383759868094262 0.2038768094712998
1.1432090000000001  -1.443726  0.2050053123524437 0.20501138831207505
1.202952  -1.443726  0.20461816870293398 0.2046557468325851
1.263542  -1.443726  0.2055121473511707 0.20547883317430835
1.3232490000000001  -1.443726  0.20859946839614651 0.2086269166593178
1.383748  -1.443726  0.2100002242552294 0.21002170981023588
1.443433  -1.443726  0.2102694967613128 0.2103033152899428
1.503789  -1.443726  0.21005398324923466 0.21005311586945186
-1.504218  -1.504218  -0.20622089999999998 -0.20622089999999998
-1.443726  -1.504218  -0.20550818020463113 -0.20550818020463113
-1.384018  -1.504218  -0.20411051155735271 -0.20411051155735271
-1.323526  -1.504218  -0.20301013721083097 -0.20301013721083097
-1.2638  -1.504218  -0.20156113792792602 -0.20156113792792602
-1.203258  -1.504218  -0.20031100455729994 -0.20031100455729994
-1.143553  -1.504218  -0.19920516176757397 -0.19920516176757397
-1.083067  -1.504218  -0.19823287032766074 -0.19823287032766074
-1.023321  -1.504218  -0.19662813568927495 -0.19662813568927495
-0.962856  -1.504218  -0.19521005187963547 -0.19521005187963547
-0.902366  -1.504218  -0.1945247171148261 -0.1945247171148261
-0.8425897999999999  -1.504218  -0.19318063043358463 -0.19318063043358463
-0.7821131  -1.504218  -0.1907527219685476 -0.1907527219685476
-0.7223237  -1.504218  -0.18989866911002523 -0.18989866911002523
-0.6618184  -1.504218  -0.18863480143881234 -0.18863480143881234
-0.6019301  -1.504218  -0.18642887669652553 -0.18642887669652553
-0.5414266  -1.504218  -0.1846641302795646 -0.1846641302795646
-0.48104009999999997  -1.504218  -0.1846520087002432 -0.1846520087002432
-0.4211977  -1.504218  -0.182126281860997 -0.182126281860997
-0.360773  -1.504218  -0.1796861921381124 -0.1796861921381124
-0.30098610000000003  -1.504218  -0.17855976532526743 -0.17855976532526743
-0.2405293  -1.504218  -0.17760146323120496 -0.17760146323120496
-0.180808  -1.504218  -0.1739845278242917 -0.1739845278242917
-0.1203181  -1.504218  -0.1707639873634216 -0.1707639873634216
-0.06060252  -1.504218  -0.17013636178746327 -0.17013636178746327
-9.172857e-5  -1.504218  -0.16647214528497087 -0.16647214528497087
0.06038413  -1.504218  -0.14549112454792257 -0.14549112454792257
0.1201007  -1.504218  -0.13577472860776033 -0.13577472860776033
0.1805994  -1.504218  -0.06976965992639433 -0.06976965992639433
0.24032810000000002  -1.504218  0.016499754119718234 0.016499754119718234
0.3008055  -1.504218  0.0550836016629892 0.0550836016629892
0.36057089999999997  -1.504218  0.08163567843792174 0.08163567843792174
0.4210471  -1.504218  0.1024804277281463 0.1024804277281463
0.4808693  -1.504218  0.1228077991959571 0.1228077991959571
0.5413045  -1.504218  0.1457788799647478 0.1457788799647478
0.6017396  -1.504218  0.16546078016097335 0.16546078016097335
0.661558  -1.504218  0.18009759106482295 0.18009759106482295
0.722076  -1.504218  0.1899420559515039 0.1899420559515039
0.7818239  -1.504218  0.19579900480128287 0.19579900480128287
0.8423139  -1.504218  0.1967570871998865 0.1967570871998865
0.9020751  -1.504218  0.19704501887090947 0.19704501887090947
0.9625343000000001  -1.504218  0.20009112202712506 0.20009112202712506
1.022985  -1.504218  0.20264340032916128 0.20264340032916128
1.0827360000000001  -1.504218  0.2019805672636473 0.2019805672636473
1.1432090000000001  -1.504218  0.20278911715992629 0.20278911715992629
1.202952  -1.504218  0.20504093729186967 0.20504093729186967
1.263542  -1.504218  0.20803606377822614 0.20803606377822614
1.3232490000000001  -1.504218  0.2081927789015931 0.2081927789015931
1.383748  -1.504218  0.2074055749624108 0.2074055749624108
1.443433  -1.504218  0.20951112168381625 0.20951112168381625
1.503789  -1.504218  0.21147778718845606 0.21147778718845606
