1.443433  1.443433  -0.0492440415812663
1.473536  1.443433  -0.15232190234668672
1.503789  1.443433  -0.2367503890898598
1.383748  1.383748  -0.053460480389956724
1.43069  1.383748  -0.012385564184707123
1.477173  1.383748  0.03302959272399544
1.5097  1.383748  -0.2073270388187876
1.3232490000000001  1.3232490000000001  0.02033461335964685
1.370217  1.3232490000000001  -0.04474669333053991
1.417435  1.3232490000000001  -0.015737897940247412
1.463904  1.3232490000000001  0.01667260047581032
1.509644  1.3232490000000001  0.04728480933654557
1.263542  1.263542  0.0878725151382604
1.30978  1.263542  -0.019137391467327305
1.3569369999999998  1.263542  -0.06179587345037832
1.404164  1.263542  0.049856041325861494
1.451358  1.263542  -0.033595012789763186
1.49783  1.263542  0.013017097414709203
1.509778  1.263542  -0.010288704055582793
1.202952  1.202952  -0.041342276958809585
1.25006  1.202952  0.04577108372572813
1.297272  1.202952  0.01656589353206013
1.34369  1.202952  -0.03471650689925631
1.3909179999999999  1.202952  -0.026785008583637422
1.438088  1.202952  0.03466324155796175
1.485297  1.202952  0.07307571602673585
1.509734  1.202952  -0.15565877217908974
1.1432090000000001  1.1432090000000001  0.09144940839587211
1.1894760000000002  1.1432090000000001  -0.053146437667351006
1.236807  1.1432090000000001  -0.015265331548036231
1.283978  1.1432090000000001  0.013753553420595291
1.3311549999999999  1.1432090000000001  0.030270846854094542
1.377621  1.1432090000000001  -0.06822641642455647
1.424825  1.1432090000000001  0.051160226825022914
1.472032  1.1432090000000001  0.10252584235308583
1.509676  1.1432090000000001  -0.05813575595047145
1.0827360000000001  1.0827360000000001  -0.029404673650865146
1.1297080000000002  1.0827360000000001  -0.024604851226552624
1.176898  1.0827360000000001  0.03277988985795043
1.223414  1.0827360000000001  -0.010143868663773474
1.270712  1.0827360000000001  -0.06360752766767742
1.317906  1.0827360000000001  0.04814143888454484
1.3643409999999998  1.0827360000000001  -0.041964689894468714
1.411552  1.0827360000000001  -0.0506192813105003
1.458751  1.0827360000000001  0.03070914563423815
1.505938  1.0827360000000001  0.14938507827508776
1.022985  1.022985  0.07856194862106518
1.069237  1.022985  0.0039894532438942394
1.116454  1.022985  -0.03732078920827932
1.163657  1.022985  0.04282744639521894
1.210131  1.022985  0.08242851544685292
1.2574349999999999  1.022985  -0.0806974514690151
1.304635  1.022985  0.025918235780517825
1.351801  1.022985  0.13200098566472435
1.3982809999999999  1.022985  -0.04690668310566055
1.445499  1.022985  -0.1428848768938433
1.492661  1.022985  -0.01500058137560441
1.5097639999999999  1.022985  0.12490412584561986
0.9625343000000001  0.9625343000000001  -0.014962974630978822
1.009523  0.9625343000000001  0.07478198325152281
1.055971  0.9625343000000001  0.013157155556510642
1.103183  0.9625343000000001  -0.03159741151301978
1.1503910000000002  0.9625343000000001  -0.015591211944265772
1.197598  0.9625343000000001  0.008095335493151572
1.244206  0.9625343000000001  0.004848466916345932
1.291373  0.9625343000000001  -0.03930353535521798
1.338533  0.9625343000000001  0.05877584496568837
1.385033  0.9625343000000001  0.08678156095612785
1.432217  0.9625343000000001  -0.05119040126619852
1.4794200000000002  0.9625343000000001  -0.15095526789524488
1.50971  0.9625343000000001  0.009648903061959768
0.9020751  0.9020751  -0.0981837222208029
0.9490593  0.9020751  -0.06068534468353713
0.9962555  0.9020751  0.04204812250498352
1.043453  0.9020751  0.03550411278310259
1.089931  0.9020751  -0.015383491026724637
1.1371310000000001  0.9020751  -0.04610228262579022
1.1843309999999998  0.9020751  0.04161719430246374
1.230932  0.9020751  0.01166585342058392
1.2781179999999999  0.9020751  -0.0707243949579208
1.3252709999999999  0.9020751  -0.008222769242656339
1.37247  0.9020751  0.1256213697118602
1.4189390000000002  0.9020751  0.001189674551715063
1.4661440000000001  0.9020751  -0.1026893070171057
1.509662  0.9020751  -0.020518353726358733
0.8423139  0.8423139  -0.023154739866413556
0.8893016  0.8423139  -0.06658327494943334
0.9358213  0.8423139  0.022527043253849778
0.9829797  0.8423139  -0.03706488740804967
1.0301790000000002  0.8423139  -0.058872052096600014
1.0766710000000002  0.8423139  0.03908172758003629
1.1238540000000001  0.8423139  0.04552843777046661
1.171033  0.8423139  -0.038958519370391846
1.218254  0.8423139  -0.0020415903766062946
1.264825  0.8423139  0.059411363513860393
1.3120239999999999  0.8423139  -0.017135748456388655
1.3592080000000002  0.8423139  -0.08744014198843832
1.405669  0.8423139  -0.017703695454274627
1.4528599999999998  0.8423139  0.06685160786397612
1.5000660000000001  0.8423139  0.043341428748957106
1.509787  0.8423139  -0.012752897792056938
0.7818239  0.7818239  0.019313996923736122
0.8288434  0.7818239  -0.026077466099045727
0.8760291  0.7818239  0.015348677684307088
0.9226251999999999  0.7818239  0.062463240674684596
0.9697197  0.7818239  -0.024684775771094424
1.016899  0.7818239  0.003954969246334356
1.064091  0.7818239  0.00970471227488347
1.110583  0.7818239  -0.0006932623662263894
1.157759  0.7818239  -0.014507915490661334
1.204979  0.7818239  0.021868283895672382
1.2515530000000001  0.7818239  0.029479741745462223
1.298747  0.7818239  -0.016752357093842603
1.345936  0.7818239  -0.06400562450933521
1.3931369999999998  0.7818239  0.01480024183130132
1.439581  0.7818239  0.055696156820977824
1.486769  0.7818239  0.004031180508721969
1.5097429999999998  0.7818239  0.05616975147030245
0.722076  0.722076  0.05524034978645202
0.7686656000000001  0.722076  0.08820233777124606
0.8155730999999999  0.722076  -0.028944611926842313
0.8627566000000001  0.722076  0.013559023964671764
0.9099668000000001  0.722076  0.009454931188280497
0.9564633  0.722076  -0.04793946828503953
1.0036420000000001  0.722076  0.03872989927715744
1.0508279999999999  0.722076  0.04553537097022209
1.097315  0.722076  0.00822776226996123
1.1445029999999998  0.722076  -0.04792456461144403
1.19173  0.722076  -0.009717560473790843
1.239095  0.722076  0.04020252446020837
1.2854780000000001  0.722076  0.004319293247443531
1.3326500000000001  0.722076  -0.06470508253200556
1.3798409999999999  0.722076  -0.018447235708714257
1.427046  0.722076  0.07658816844611951
1.4735070000000001  0.722076  0.06910672783941481
1.509682  0.722076  -0.04459212557329379
0.661558  0.661558  -0.030535475330396945
0.7085665  0.661558  -0.02278877265066125
0.7557989  0.661558  0.057774707098502055
0.8023387000000001  0.661558  0.05728482731101277
0.8494785  0.661558  -0.06138415876528325
0.8966824  0.661558  0.03860282430798354
0.9432155  0.661558  0.059120215871790185
0.9903699  0.661558  -0.10961882431982517
1.037652  0.661558  -0.03120677231093206
1.0847660000000001  0.661558  0.16936223985989893
1.131226  0.661558  -0.013150149008306376
1.17843  0.661558  -0.13729710232445239
1.225638  0.661558  0.046692074738314986
1.272958  0.661558  0.13635459141632605
1.319396  0.661558  -0.01344046839473525
1.366561  0.661558  -0.13459203937720743
1.413775  0.661558  0.01617891826134688
1.460267  0.661558  0.1214609544061635
1.507418  0.661558  -0.057756173730488414
0.6017396  0.6017396  -0.012962927624673484
0.6480988  0.6017396  0.022253288945709618
0.6952853  0.6017396  0.03276027277422271
0.742504  0.6017396  -0.10817324350070485
0.7890368  0.6017396  0.07860669692807237
0.8362394000000001  0.6017396  0.04137346765256944
0.8834124000000001  0.6017396  -0.13725194372045646
0.9306946  0.6017396  0.07845807293067937
0.9770841  0.6017396  0.0967256659268778
1.0243019999999998  0.6017396  -0.13664207488082308
1.071468  0.6017396  -0.08054109991714622
1.118685  0.6017396  0.1167683664930308
1.165152  0.6017396  0.06304758880713753
1.2123599999999999  0.6017396  -0.12685746709011547
1.259662  0.6017396  -0.03987803519080344
1.306347  0.6017396  0.17680173560532916
1.353273  0.6017396  0.09633910037747183
1.400509  0.6017396  -0.17296872217418652
1.447675  0.6017396  -0.14912707061387173
1.494155  0.6017396  0.08097640909449272
1.509757  0.6017396  0.19885129821024095
0.5413045  0.5413045  -0.017959651375134715
0.5882609  0.5413045  -0.0696663083209112
0.6348537  0.5413045  -0.04697993362471399
0.6820237  0.5413045  0.0990189232874709
0.7292282999999999  0.5413045  -0.02897734429155819
0.7764932  0.5413045  -0.10625797734062423
0.8229489999999999  0.5413045  0.15094441405817244
0.8701495  0.5413045  0.021247709517230623
0.9173573  0.5413045  -0.1873582134316045
0.9645663  0.5413045  0.09594682307271438
1.011038  0.5413045  0.1823263429736575
1.058208  0.5413045  -0.1616422225338221
1.105434  0.5413045  -0.18406402162919333
1.1518789999999999  0.5413045  0.12733815725032477
1.199088  0.5413045  0.15731216110405344
1.246414  0.5413045  -0.1576925886172009
1.293584  0.5413045  -0.16395684897767535
1.340041  0.5413045  0.15315736678878497
1.3872449999999998  0.5413045  0.2149816615192994
1.434414  0.5413045  -0.14679808566779046
1.480885  0.5413045  -0.2352562250497984
1.5097170000000002  0.5413045  0.07927808736726978
0.4808693  0.4808693  0.029942728043225116
0.5278153  0.4808693  0.04078110501840257
0.5749902  0.4808693  0.023640770322811405
0.6223379  0.4808693  -0.08195228264849665
0.6687525000000001  0.4808693  -0.0451048029416929
0.7160118  0.4808693  0.13128777373455586
0.7631891000000001  0.4808693  -0.08207258028719312
0.8104172  0.4808693  -0.07624302893584152
0.8568821000000001  0.4808693  0.1885558019734421
0.9040853  0.4808693  -0.01162632456744934
0.9513347999999999  0.4808693  -0.1762388800466799
0.9977495000000001  0.4808693  0.10077649669786155
1.044929  0.4808693  0.16494952492095047
1.092153  0.4808693  -0.08273710991739085
1.1393469999999999  0.4808693  -0.14637760659523974
1.185813  0.4808693  0.09286023609894592
1.2331500000000002  0.4808693  0.14051229455368128
1.280312  0.4808693  -0.08849832448585215
1.326771  0.4808693  -0.22605564731997307
1.373955  0.4808693  0.06761491651052937
1.421165  0.4808693  0.25631665494279726
1.4683620000000002  0.4808693  -0.006643483023902213
1.509664  0.4808693  -0.23436769906735727
0.4210471  0.4210471  -0.006321617561717788
0.4680733  0.4210471  -0.03514255272507952
0.5145298  0.4210471  -0.009950537323621056
0.5617435000000001  0.4210471  0.05873486962317724
0.6089163  0.4210471  0.013210811053835696
0.6562294000000001  0.4210471  -0.09676167896043952
0.702692  0.4210471  0.054842225517320146
0.7498822  0.4210471  0.07125111233062557
0.7971218999999999  0.4210471  -0.10430548355176415
0.8435898999999999  0.4210471  0.009620965908497987
0.8907758  0.4210471  0.15558859118683382
0.9380475  0.4210471  -0.10096614137284823
0.9852021  0.4210471  -0.15586803376143069
1.031667  0.4210471  0.119642402558612
1.078891  0.4210471  0.11998366737614227
1.126066  0.4210471  -0.11123038297217147
1.172547  0.4210471  -0.10852354158188422
1.219737  0.4210471  0.09430237458774007
1.26704  0.4210471  0.11949890656902185
1.314227  0.4210471  -0.10848470060736003
1.360651  0.4210471  -0.17683559608007993
1.40787  0.4210471  0.07559100256403602
1.455087  0.4210471  0.18619603578572902
1.501525  0.4210471  -0.019239277915377048
1.509786  0.4210471  -0.13395308695271627
0.36057089999999997  0.36057089999999997  0.027570278299699557
0.4075724  0.36057089999999997  -0.010519670932819948
0.4547772  0.36057089999999997  0.020329992223581173
0.5019992  0.36057089999999997  -0.0005899647341024305
0.5484894  0.36057089999999997  -0.02248717423440354
0.5956433  0.36057089999999997  0.0224490456229881
0.6429497  0.36057089999999997  0.0232103998521292
0.6894262999999999  0.36057089999999997  -0.03203044956525079
0.7366053  0.36057089999999997  0.02846448804750308
0.78386  0.36057089999999997  0.020944182160127663
0.8311185000000001  0.36057089999999997  -0.08234290512171842
0.8775183  0.36057089999999997  0.03600397681597194
0.9248172  0.36057089999999997  0.06884805031052457
0.971928  0.36057089999999997  -0.05649817842581166
1.018431  0.36057089999999997  -0.07319465917334654
1.065574  0.36057089999999997  0.05486710046827076
1.112787  0.36057089999999997  0.058579377973615857
1.159991  0.36057089999999997  -0.064202396893628
1.206453  0.36057089999999997  -0.037103836753060025
1.253786  0.36057089999999997  0.008207963729914813
1.300959  0.36057089999999997  0.07789034838478687
1.34739  0.36057089999999997  -0.020559517863694973
1.3946020000000001  0.36057089999999997  -0.07606117557560133
1.4417950000000002  0.36057089999999997  0.0005906430075009228
1.488982  0.36057089999999997  0.05702564796316112
1.5097349999999998  0.36057089999999997  -0.04251913818780059
0.3008055  0.3008055  0.007037971531182222
0.3478442  0.3008055  0.033731474020955755
0.39436649999999995  0.3008055  -0.08747756078691717
0.4415118  0.3008055  0.052916341293209435
0.4887353  0.3008055  0.04453322939024701
0.5352148999999999  0.3008055  -0.045112924791757575
0.5823844  0.3008055  -0.001007235030471591
0.6297358000000001  0.3008055  0.046228593951698385
0.6768774  0.3008055  -0.05039306831253035
0.7233564  0.3008055  -0.022302539333944413
0.7706047  0.3008055  0.04573433615957829
0.8178005  0.3008055  0.027774221866762854
0.8642462000000001  0.3008055  -0.03357022222481275
0.9114707  0.3008055  0.008956254400812306
0.9586674000000001  0.3008055  0.05985735576156559
1.005858  0.3008055  0.011177123327354758
1.0522989999999999  0.3008055  -0.02744548886881981
1.099529  0.3008055  -0.010319214852395935
1.146727  0.3008055  0.006756987779821177
1.1931939999999999  0.3008055  0.032702708515793835
1.24051  0.3008055  -0.03191179848008912
1.287719  0.3008055  -0.017395965438227398
1.334851  0.3008055  -0.01195190507633346
1.381328  0.3008055  0.07045630487389822
1.428513  0.3008055  -0.007480777386384423
1.475719  0.3008055  0.024975639568119046
1.509693  0.3008055  -0.058297653703304426
0.24032810000000002  0.24032810000000002  -0.1323189009810768
0.2873037  0.24032810000000002  0.03459879331315919
0.3345824  0.24032810000000002  0.090458027648041
0.3810507  0.24032810000000002  -0.06144561833342294
0.4282533  0.24032810000000002  0.0019877891670910643
0.4754588  0.24032810000000002  0.0491094859659301
0.5226862  0.24032810000000002  0.002310303757526262
0.5691042  0.24032810000000002  -0.009128652088315366
0.616444  0.24032810000000002  0.056969834803838416
0.6636061  0.24032810000000002  -0.03617496406651676
0.7100743  0.24032810000000002  -0.09305669570198749
0.7573074000000001  0.24032810000000002  0.026731790721481054
0.8045222  0.24032810000000002  0.09469366772491151
0.8517258000000001  0.24032810000000002  -0.03525229359767665
0.8982045000000001  0.24032810000000002  -0.09987841806669699
0.9454045999999999  0.24032810000000002  0.03482677393402847
0.9925932000000001  0.24032810000000002  0.07652642688999473
1.039044  0.24032810000000002  -0.006949988327990427
1.086263  0.24032810000000002  -0.04691807739785657
1.133439  0.24032810000000002  -0.017440694584447882
1.180641  0.24032810000000002  0.040978821252122974
1.2271189999999998  0.24032810000000002  0.0354083494614741
1.274414  0.24032810000000002  0.02255841814571038
1.321572  0.24032810000000002  -0.057106060814571716
1.368038  0.24032810000000002  0.020481121129624875
1.41525  0.24032810000000002  0.006715453106399865
1.462458  0.24032810000000002  -0.013527847027095126
1.509645  0.24032810000000002  -0.03312067236759636
0.1805994  0.1805994  -0.05793651927454049
0.22683799999999998  0.1805994  -0.021855082257786446
0.2740321  0.1805994  0.01126755048755674
0.321289  0.1805994  0.012488487149297178
0.3684982  0.1805994  0.09081744123054668
0.4149626  0.1805994  0.008076985263185723
0.4622119  0.1805994  -0.03874044384057304
0.5093961  0.1805994  0.0527861006673074
0.5558569999999999  0.1805994  -0.03168287692239677
0.6030385  0.1805994  0.015287321732351006
0.6503112999999999  0.1805994  0.046639598276043276
0.6975131999999999  0.1805994  -0.07937192533851806
0.7439612  0.1805994  -0.013594053732974985
0.7912341  0.1805994  0.07669313249048897
0.8384554000000001  0.1805994  0.025873188831509877
0.8849  0.1805994  -0.053076241642491535
0.9321938  0.1805994  0.018552204614172896
0.9793092  0.1805994  0.028749994937537448
1.026488  0.1805994  -0.033377060183292666
1.0729570000000002  0.1805994  0.0029886295135130446
1.1201679999999998  0.1805994  0.061316095851680234
1.167341  0.1805994  -0.04343940646420434
1.213845  0.1805994  -0.06071294130892069
1.261133  0.1805994  0.06157845932667863
1.308341  0.1805994  0.08897959649336691
1.35551  0.1805994  -0.06119658700426953
1.4019780000000002  0.1805994  -0.09875476129305825
1.44917  0.1805994  0.022418942173710973
1.49636  0.1805994  0.02440986319904505
1.509767  0.1805994  -0.0033067442098964716
0.1201007  0.1201007  -0.08113321573598904
0.1671301  0.1201007  -0.03763208281943772
0.2143238  0.1201007  0.08469876952909307
0.26077089999999997  0.1201007  0.027134833078360104
0.30815929999999997  0.1201007  -0.11125894173093746
0.3552139  0.1201007  0.07096991803501129
0.4016876  0.1201007  0.07957504298870496
0.4488916  0.1201007  -0.06770262287793576
0.4961066  0.1201007  -0.028931489156397268
0.5433273000000001  0.1201007  0.09624672538456418
0.5897499  0.1201007  0.037619011295083625
0.6370617999999999  0.1201007  -0.04864279748876
0.6842299000000001  0.1201007  0.03834607803323916
0.7307277  0.1201007  0.07870444567692143
0.777976  0.1201007  -0.02822433899059452
0.8251857  0.1201007  -0.12288636015301387
0.8723573  0.1201007  -0.01827562037965235
0.9188417  0.1201007  0.12610282874164067
0.9660483000000001  0.1201007  0.00328729499869337
1.0132240000000001  0.1201007  -0.13984328108485117
1.059717  0.1201007  -0.11039924968563401
1.1068959999999999  0.1201007  0.24341076283790766
1.154107  0.1201007  0.12014450992131889
1.2013150000000001  0.1201007  -0.23002954584034627
1.247872  0.1201007  -0.17425632668965996
1.295059  0.1201007  0.23110216770093636
1.342233  0.1201007  0.24485747689697723
1.3894469999999999  0.1201007  -0.20344523183134025
1.435932  0.1201007  -0.20791037007677896
1.483093  0.1201007  0.03107623881863875
1.5097260000000001  0.1201007  0.25553963872042174
0.06038413  0.06038413  0.5246181795154747
0.1066556  0.06038413  0.059119414836634174
0.1540234  0.06038413  -0.05250369230248945
0.2010342  0.06038413  0.0201844848704772
0.2474897  0.06038413  0.13509260236675186
0.2947104  0.06038413  0.003156375677440355
0.3419535  0.06038413  -0.05446773850911259
0.3891539  0.06038413  0.0428017215696268
0.4356307  0.06038413  0.10266461206679123
0.4828466  0.06038413  -0.10838020345673896
0.5300598999999999  0.06038413  -0.08253364374659614
0.5764985  0.06038413  0.147974974528973
0.6238049999999999  0.06038413  0.0026249538485803073
0.6709767000000001  0.06038413  -0.07492433403120136
0.7181839  0.06038413  0.054804487353321385
0.7646752  0.06038413  0.1365486690779047
0.8119595000000001  0.06038413  -0.06584512736857406
0.8590878000000001  0.06038413  -0.15888492407648624
0.9055868  0.06038413  0.11949145686191945
0.9527685  0.06038413  0.14825427590098633
0.9999799  0.06038413  -0.0015225758310374127
1.0471780000000002  0.06038413  -0.23017301899176837
1.093636  0.06038413  -0.055797612115390804
1.1408230000000001  0.06038413  0.18373991594538888
1.188038  0.06038413  0.09188001139300672
1.235344  0.06038413  -0.20447949096993662
1.281793  0.06038413  -0.13861919837245154
1.328953  0.06038413  0.211215425092674
1.376162  0.06038413  0.19882516918467136
1.422648  0.06038413  -0.14488839886457913
1.469837  0.06038413  -0.2334326088494513
1.5096690000000001  0.06038413  0.07761445617834165
-9.172857e-5  -9.172857e-5  1.8892879524355513
0.04690262  -9.172857e-5  1.2283043550842356
0.09336968  -9.172857e-5  0.25460524843822124
0.1405634  -9.172857e-5  0.12176955026814584
0.1878052  -9.172857e-5  -0.02816592624746379
0.2349595  -9.172857e-5  0.05001484270202863
0.2814366  -9.172857e-5  0.09114699483232688
0.328677  -9.172857e-5  -0.020098967815276363
0.3758752  -9.172857e-5  0.009147260621220095
0.4223277  -9.172857e-5  0.11152852264500092
0.4695643  -9.172857e-5  0.06572266034948945
0.5167735  -9.172857e-5  -0.0482391547271378
0.5639651  -9.172857e-5  0.025453961195985506
0.6104208  -9.172857e-5  0.0821648930634111
0.6577012  -9.172857e-5  -0.0016348075309442734
0.7048746  -9.172857e-5  -0.07272424891036519
0.7521038999999999  -9.172857e-5  0.03001048222835734
0.7986188  -9.172857e-5  0.04850253306774022
0.8458585000000001  -9.172857e-5  -0.10038711769140464
0.8930001  -9.172857e-5  -0.04227899155421524
0.9395180000000001  -9.172857e-5  0.08098060001104732
0.9866594  -9.172857e-5  0.07581727670270405
1.0338699999999998  -9.172857e-5  -0.0003752314794012008
1.081075  -9.172857e-5  -0.1122433417236037
1.127539  -9.172857e-5  -0.0519619594933817
1.1747349999999999  -9.172857e-5  0.09807242899810874
1.221944  -9.172857e-5  0.03594414441924917
1.268534  -9.172857e-5  -0.1254758978660456
1.315709  -9.172857e-5  -0.08822004193507377
1.3628630000000002  -9.172857e-5  0.13187122415051752
1.410081  -9.172857e-5  0.0787279853155482
1.4565350000000001  -9.172857e-5  -0.03792554136365124
1.5037449999999999  -9.172857e-5  -0.047951921300898266
-0.06060252  -0.06060252  -1.3435909507831896
-0.01359529  -0.06060252  -0.5821115811318651
0.03361699  -0.06060252  0.5999003203584472
0.08082914  -0.06060252  0.4739913146121695
0.1272881  -0.06060252  0.11026077860358657
0.1745117  -0.06060252  0.0494353353905208
0.2217056  -0.06060252  -0.027456694610427608
0.2681402  -0.06060252  0.07013496609548674
0.31541250000000004  -0.06060252  0.1695407806609656
0.36258999999999997  -0.06060252  0.10825179814191763
0.4097959  -0.06060252  0.04785722210662696
0.4562747  -0.06060252  0.18200088227494907
0.5035139  -0.06060252  0.3177832504729708
0.5506992  -0.06060252  0.15384985208502694
0.5978791999999999  -0.06060252  0.07916756539930482
0.6444438  -0.06060252  0.22081633269941955
0.691907  -0.06060252  0.14968754175618595
0.7388214000000001  -0.06060252  -0.0894959805366512
0.7853388  -0.06060252  -0.04236929532784182
0.8325435  -0.06060252  0.13029172262544217
0.8797453000000001  -0.06060252  0.025010766759191776
0.9270401  -0.06060252  -0.10388356481163609
0.9734069  -0.06060252  -0.05830532661570295
1.02061  -0.06060252  0.11381657206718099
1.067782  -0.06060252  0.11509632128744154
1.114346  -0.06060252  -0.12273301116228685
1.161464  -0.06060252  -0.132426617144495
1.2086810000000001  -0.06060252  0.08637905016369911
1.256005  -0.06060252  0.15489935291427362
1.302441  -0.06060252  -0.05595552845309411
1.3496279999999998  -0.06060252  -0.2005565989311444
1.396817  -0.06060252  -0.016740706238787213
1.443274  -0.06060252  0.20519817583530955
1.49047  -0.06060252  0.12785924773368232
1.50975  -0.06060252  0.15029434735251143
-0.1203181  -0.1203181  1.0008932497396423
-0.07333206  -0.1203181  -0.3404687138797961
-0.02685696  -0.1203181  -0.05239635851177979
0.02035864  -0.1203181  0.2968631175717196
0.06755649  -0.1203181  1.2932091433672752
0.1140227  -0.1203181  0.9196979763695549
0.1612452  -0.1203181  0.8300317473752705
0.2084134  -0.1203181  1.113644296204201
0.25562440000000003  -0.1203181  1.2268005763384742
0.3020858  -0.1203181  1.3122022614129312
0.3493461  -0.1203181  1.2961867042562247
0.3965286  -0.1203181  1.3198040608885522
0.4437502  -0.1203181  1.2987790635313066
0.4902434  -0.1203181  1.2577036647188484
0.5374296000000001  -0.1203181  1.1872474101791832
0.5846005  -0.1203181  1.0976090935124574
0.6311463  -0.1203181  0.7885150700712559
0.6783463000000001  -0.1203181  0.44075227278249834
0.7255999000000001  -0.1203181  0.09759443956453763
0.772812  -0.1203181  0.013257616398153347
0.8192979  -0.1203181  0.12825081142832956
0.8664839  -0.1203181  0.04733670243546887
0.9136824  -0.1203181  -0.14678527634461708
0.9601611  -0.1203181  -0.006459013630935435
1.007338  -0.1203181  0.06305444183216814
1.054519  -0.1203181  0.01586477168684237
1.101741  -0.1203181  -0.03588803558957414
1.148175  -0.1203181  -0.009362033267760611
1.195411  -0.1203181  0.13260294083431484
1.242736  -0.1203181  0.06754321307053414
1.2891700000000001  -0.1203181  -0.10498165386093412
1.3363420000000001  -0.1203181  -0.16401043241421834
1.383578  -0.1203181  0.06337481522162948
1.430727  -0.1203181  0.10404390347673413
1.4771990000000002  -0.1203181  0.07121771610711387
1.509698  -0.1203181  0.08495090369897107
-0.180808  -0.180808  6.37252845483489
-0.1337892  -0.180808  4.560991685321158
-0.08660952000000001  -0.180808  1.9103795288847956
-0.04011849  -0.180808  1.5071648668782587
0.007086725  -0.180808  0.7083449376994622
0.054291179999999994  -0.180808  1.017735862207321
0.1015506  -0.180808  1.0512902138062532
0.1479709  -0.180808  1.3834143144302635
0.1951857  -0.180808  1.659213467768883
0.2423465  -0.180808  1.7775737138435632
0.2895489  -0.180808  2.0223763137799344
0.3360447  -0.180808  2.1315902744480177
0.38323599999999997  -0.180808  2.075709482852742
0.4304452  -0.180808  1.9829195156723904
0.4769402  -0.180808  1.9589221254883953
0.5241416  -0.180808  1.9518441894351262
0.5713280999999999  -0.180808  1.8986868262000804
0.6186575000000001  -0.180808  1.512018883496547
0.6650739  -0.180808  0.9755655844705607
0.7123165  -0.180808  0.5019426621514547
0.7595243  -0.180808  0.14273797516306871
0.8060178  -0.180808  0.05974363325637977
0.8531934  -0.180808  0.09762873691950426
0.9003961  -0.180808  -0.022011446698330488
0.9476232  -0.180808  -0.05659547614773648
0.9940692  -0.180808  0.05620881004931909
1.041259  -0.180808  0.06705643721223396
1.088486  -0.180808  -0.05731809958868889
1.134932  -0.180808  -0.09886252142815392
1.18215  -0.180808  0.035863017869010604
1.229344  -0.180808  0.14903298316288968
1.276642  -0.180808  0.040909819046017794
1.323077  -0.180808  -0.21457833587477107
1.3702539999999999  -0.180808  -0.05004705798459684
1.417469  -0.180808  0.11020892672761219
1.463934  -0.180808  0.12661240888844522
1.5096559999999999  -0.180808  -0.1571516520757772
-0.2405293  -0.2405293  -0.7154656913953533
-0.194259  -0.2405293  1.3044546263789907
-0.1470667  -0.2405293  1.2533209749823688
-0.09986095  -0.2405293  0.7407085673291358
-0.05265426  -0.2405293  -0.22209585130699278
-0.006181906  -0.2405293  -0.22505187916400676
0.04099227  -0.2405293  0.21114056074858217
0.08820578999999999  -0.2405293  0.14905822534107463
0.1354265  -0.2405293  0.47421768751191723
0.1819164  -0.2405293  0.798194162136735
0.22907460000000002  -0.2405293  1.0278260753875847
0.2762595  -0.2405293  1.1605445428913224
0.322768  -0.2405293  1.2186388108150543
0.36996829999999997  -0.2405293  1.245134444900669
0.4171875  -0.2405293  1.2803725092072007
0.4644368  -0.2405293  1.2801661182837198
0.5108469  -0.2405293  1.262168201397243
0.558081  -0.2405293  1.2398760018936437
0.6052423  -0.2405293  1.2263939544489602
0.6518031  -0.2405293  0.9181099596918088
0.6990102  -0.2405293  0.506154272203428
0.7462006999999999  -0.2405293  0.19296981321403187
0.7934468  -0.2405293  0.06477002548414432
0.8399135999999999  -0.2405293  0.05485420445424563
0.8871108000000001  -0.2405293  0.06335064059196727
0.9343988000000001  -0.2405293  -0.07463429469738633
0.9807990999999999  -0.2405293  0.01157116024093733
1.028003  -0.2405293  0.13599840344436964
1.075172  -0.2405293  -0.014281814138728692
1.122379  -0.2405293  -0.08040212970457464
1.168852  -0.2405293  -0.028450191452233795
1.2160609999999998  -0.2405293  0.011182649534330541
1.263381  -0.2405293  0.07755703402898982
1.309827  -0.2405293  0.00596962965843262
1.356977  -0.2405293  -0.08087762269881228
1.404198  -0.2405293  -0.02742670305439872
1.451387  -0.2405293  0.06268678592588443
1.4978520000000002  -0.2405293  -0.12594751293183318
1.509778  -0.2405293  -0.3703026158484732
-0.30098610000000003  -0.30098610000000003  0.0589387614331471
-0.2540267  -0.30098610000000003  -0.7901824848048737
-0.2068121  -0.30098610000000003  -0.3731267173659719
-0.1603749  -0.30098610000000003  0.017666386648751906
-0.1131321  -0.30098610000000003  0.6812197164076831
-0.06592647  -0.30098610000000003  0.49420738356989863
-0.018734439999999998  -0.30098610000000003  0.44699232181618087
0.02775212  -0.30098610000000003  0.597223950418421
0.07496367999999999  -0.30098610000000003  1.0031098908355043
0.122113  -0.30098610000000003  1.098167714146032
0.1686337  -0.30098610000000003  1.149741650695659
0.2157828  -0.30098610000000003  1.157142990395812
0.2629952  -0.30098610000000003  1.1145839424652744
0.3102905  -0.30098610000000003  1.0598324127090766
0.3566988  -0.30098610000000003  0.9091555161178803
0.4039468  -0.30098610000000003  0.6913959228645358
0.45111419999999997  -0.30098610000000003  0.6925207206218394
0.49760930000000003  -0.30098610000000003  0.7829406089603229
0.544794  -0.30098610000000003  0.6889307110615489
0.5919696  -0.30098610000000003  0.5209519458408928
0.6393245  -0.30098610000000003  0.45649003598456434
0.6857222000000001  -0.30098610000000003  0.3866192327246147
0.732952  -0.30098610000000003  0.21312079842135537
0.7801909  -0.30098610000000003  -0.018469339505755963
0.8266768  -0.30098610000000003  -0.14399531755623576
0.8738401  -0.30098610000000003  0.10047763419194537
0.9210716999999999  -0.30098610000000003  0.1193488815093758
0.9682609  -0.30098610000000003  -0.1155115718716261
1.014725  -0.30098610000000003  -0.12932562797614822
1.0618940000000001  -0.30098610000000003  0.12690098229065336
1.109121  -0.30098610000000003  0.20875660457163575
1.155613  -0.30098610000000003  -0.1009505275941885
1.202798  -0.30098610000000003  -0.2532027162219416
1.2501220000000002  -0.30098610000000003  -0.056229519258525276
1.297323  -0.30098610000000003  0.3084367136539148
1.343731  -0.30098610000000003  0.20188498081092693
1.3909559999999999  -0.30098610000000003  -0.16827330696796408
1.4381210000000002  -0.30098610000000003  -0.20503890742499672
1.485331  -0.30098610000000003  -0.0294560451834751
1.509761  -0.30098610000000003  0.22914656622513668
-0.360773  -0.360773  0.22607425898967795
-0.3145057  -0.360773  0.07593051306607666
-0.2672401  -0.360773  0.05534766993231694
-0.21998849999999998  -0.360773  0.18024312480325044
-0.1728852  -0.360773  0.283517736928238
-0.1263985  -0.360773  0.1305354365891042
-0.07922137  -0.360773  0.20844216706686433
-0.032012639999999995  -0.360773  0.5806306961997167
0.01447214  -0.360773  0.21029913273277506
0.061670520000000006  -0.360773  0.44883210700102316
0.10889570000000001  -0.360773  0.6958985671729556
0.1561069  -0.360773  0.9799725352381303
0.20253210000000002  -0.360773  0.7887637390594431
0.24973320000000002  -0.360773  0.4861764877369724
0.2969293  -0.360773  0.42172419587310833
0.3434255  -0.360773  0.5136652086914348
0.39064479999999996  -0.360773  0.29750188442633735
0.4378578  -0.360773  0.06661368191361403
0.4850776  -0.360773  0.08442308227993665
0.5315181999999999  -0.360773  0.33634470899264834
0.578705  -0.360773  0.33382182544236016
0.6260251  -0.360773  0.08400231540044031
0.6724873  -0.360773  0.025719104390434504
0.7196648  -0.360773  0.21390180122663985
0.7669176999999999  -0.360773  0.21666199474356318
0.8141177  -0.360773  -0.11229305100374715
0.8605975  -0.360773  -0.18018040194006418
0.9078204  -0.360773  0.09690047139274426
0.9550128  -0.360773  0.1581724972374073
1.001493  -0.360773  -0.15398428999425443
1.0486410000000002  -0.360773  -0.22303112033263597
1.0958789999999998  -0.360773  0.14342394757023408
1.143059  -0.360773  0.2436571521760514
1.189537  -0.360773  -0.0033189024623074648
1.236864  -0.360773  -0.23858978787360507
1.284033  -0.360773  -0.13342651349190546
1.3311959999999998  -0.360773  0.23829908617607007
1.377668  -0.360773  0.22225143792938049
1.4248640000000001  -0.360773  -0.11582783303036445
1.4720689999999998  -0.360773  -0.232006452146148
1.509711  -0.360773  -0.007183716951044263
-0.4211977  -0.4211977  0.2391111882367642
-0.3742621  -0.4211977  0.07226337706402251
-0.3270626  -0.4211977  0.09125218244538363
-0.2805471  -0.4211977  0.09007855351555213
-0.2333177  -0.4211977  0.02338128704347695
-0.1861588  -0.4211977  0.12978665593899924
-0.13965119999999998  -0.4211977  0.24117713320945888
-0.09246941  -0.4211977  0.13314348067808002
-0.04525647  -0.4211977  0.2848569872141209
0.001968008  -0.4211977  0.38148734825626873
0.048395969999999996  -0.4211977  0.7021439171690672
0.09560555999999999  -0.4211977  0.4182404963630506
0.1428056  -0.4211977  0.6799282022993598
0.1892334  -0.4211977  0.9090614116618793
0.2364546  -0.4211977  0.8394093084365678
0.28364249999999996  -0.4211977  0.3978495064069036
0.33092140000000003  -0.4211977  0.097523480266521
0.3773424  -0.4211977  0.17233326856965686
0.424572  -0.4211977  0.30709618617737816
0.4718004  -0.4211977  0.14563105937368145
0.5182321  -0.4211977  -0.023173216639801267
0.5654475  -0.4211977  0.11091523692054614
0.6126418  -0.4211977  0.3540632247195892
0.6599183000000001  -0.4211977  0.18662949914010166
0.7064392  -0.4211977  -0.10448448350022509
0.7535803  -0.4211977  -0.04589285836726076
0.8008422000000001  -0.4211977  0.21595580572883985
0.8473328999999999  -0.4211977  0.12380556781391006
0.8945073  -0.4211977  -0.15279257990894435
0.9418147  -0.4211977  -0.15026353604778936
0.9889258999999999  -0.4211977  0.10733881815097218
1.035369  -0.4211977  0.13098871487170852
1.082592  -0.4211977  -0.1333642752165109
1.1297840000000001  -0.4211977  -0.13949314181490724
1.176956  -0.4211977  0.09277588125011875
1.223468  -0.4211977  0.22323992040576227
1.27076  -0.4211977  -0.007696939660568864
1.317957  -0.4211977  -0.2621914732637343
1.3644  -0.4211977  -0.06723761537417121
1.4116030000000002  -0.4211977  0.1276928848936634
1.4588050000000001  -0.4211977  0.14118307014648535
1.505991  -0.4211977  -0.03230547860530077
-0.48104009999999997  -0.48104009999999997  0.2836265604229912
-0.4347623  -0.48104009999999997  0.07249072133385462
-0.3875522  -0.48104009999999997  0.03508832256199494
-0.3403604  -0.48104009999999997  0.005340575853545911
-0.2938243  -0.48104009999999997  0.060383207459096574
-0.2466326  -0.48104009999999997  -0.011255469244418455
-0.19943029999999998  -0.48104009999999997  -0.07031198894830425
-0.1522078  -0.48104009999999997  0.09758906128933544
-0.10576680000000001  -0.48104009999999997  0.16161731790476894
-0.05856228  -0.48104009999999997  0.01875460838071758
-0.01133407  -0.48104009999999997  0.05115339883267866
0.03509945  -0.48104009999999997  0.7902378344662809
0.08236468999999999  -0.48104009999999997  1.0014919095383326
0.1294993  -0.48104009999999997  0.9236347988002109
0.1767493  -0.48104009999999997  0.9205463151558964
0.2231545  -0.48104009999999997  0.9840773093191281
0.2703874  -0.48104009999999997  0.8024917350558936
0.3176964  -0.48104009999999997  0.2807509634916987
0.36406920000000004  -0.48104009999999997  -0.11589472768242502
0.41128190000000003  -0.48104009999999997  -0.026905822676953774
0.4585105  -0.48104009999999997  0.2524527659830938
0.5057258  -0.48104009999999997  0.22971508020941206
0.5521727  -0.48104009999999997  -0.13305089515419466
0.5993547  -0.48104009999999997  0.005251808762877587
0.6466638  -0.48104009999999997  0.28473483995793175
0.6931547  -0.48104009999999997  0.19712766780600474
0.7403201  -0.48104009999999997  -0.15319434833774645
0.7875845  -0.48104009999999997  -0.12242178234423015
0.8347897000000001  -0.48104009999999997  0.14988739966409118
0.8812399000000001  -0.48104009999999997  0.19855751038347125
0.9285082  -0.48104009999999997  -0.06027314845004385
0.9756606000000001  -0.48104009999999997  -0.24080066071431988
1.0228410000000001  -0.48104009999999997  0.10675797084548756
1.069309  -0.48104009999999997  0.2522605095656824
1.116522  -0.48104009999999997  -0.057718449584249105
1.1637170000000001  -0.48104009999999997  -0.2601585503570708
1.2101959999999998  -0.48104009999999997  -0.054056747498121845
1.257494  -0.48104009999999997  0.29065615752903673
1.304692  -0.48104009999999997  0.12041673298405926
1.351865  -0.48104009999999997  -0.18707759760150913
1.398335  -0.48104009999999997  -0.19899695811070633
1.445558  -0.48104009999999997  0.1473308081139625
1.4927219999999999  -0.48104009999999997  0.18990658980461753
1.509812  -0.48104009999999997  0.20037579018875998
-0.5414266  -0.5414266  0.4081721974706806
-0.49450299999999997  -0.5414266  0.3059473265314579
-0.4479866  -0.5414266  0.007012966139019432
-0.4008127  -0.5414266  0.019644255464509364
-0.3536063  -0.5414266  -0.03255564483001508
-0.3062417  -0.5414266  -0.08489323916118721
-0.2599319  -0.5414266  -0.04063804666052169
-0.21272169999999999  -0.5414266  -0.06290105285514905
-0.16554560000000001  -0.5414266  -0.1343246641309681
-0.119052  -0.5414266  -0.0911496258922555
-0.07183104  -0.5414266  -0.04780647975126958
-0.02462766  -0.5414266  -0.0032804560158639067
0.02260963  -0.5414266  0.06765035828451764
0.06906126  -0.5414266  0.9984761205565617
0.1162744  -0.5414266  1.5487798633530574
0.16347309999999998  -0.5414266  1.7201036008137838
0.2098906  -0.5414266  1.3714908324393857
0.2570902  -0.5414266  0.8618039084265796
0.30433319999999997  -0.5414266  0.5060273387294316
0.3515567  -0.5414266  0.15249005546646083
0.3980182  -0.5414266  -0.06069562304280617
0.4452371  -0.5414266  -0.15654193197756353
0.4924601  -0.5414266  0.02914967475307107
0.5389319  -0.5414266  0.07743223323271141
0.5860893  -0.5414266  -0.018942712323322074
0.6334069  -0.5414266  -0.05247000979580379
0.6805907  -0.5414266  0.13634122775698107
0.7270588  -0.5414266  0.136320814328175
0.7743248  -0.5414266  0.006462664648026107
0.8215743  -0.5414266  -0.09002230840406436
0.8687102999999999  -0.5414266  -0.05805941366295801
0.9152114  -0.5414266  0.12985074838553076
0.9623986999999999  -0.5414266  0.09526859907756317
1.0095990000000001  -0.5414266  -0.13421730258787792
1.0560440000000002  -0.5414266  -0.09197305236150484
1.103253  -0.5414266  0.08042550033502631
1.1504539999999999  -0.5414266  0.07883271146361852
1.197672  -0.5414266  -0.06994672169423494
1.244269  -0.5414266  -0.1373363519237234
1.291445  -0.5414266  -0.039553784894447074
1.338608  -0.5414266  0.07690302843500042
1.385103  -0.5414266  0.028682128886819133
1.4322940000000002  -0.5414266  -0.030078706060633936
1.479491  -0.5414266  -0.05736596801241806
1.509779  -0.5414266  0.2119099556949268
-0.6019301  -0.6019301  0.27256630973559137
-0.5549552999999999  -0.6019301  0.2568528838756119
-0.5077531000000001  -0.6019301  0.08445900198837837
-0.4604015  -0.6019301  0.050331824427652924
-0.4140878  -0.6019301  -0.1257541499693965
-0.3668885  -0.6019301  -0.20571351616802305
-0.3196551  -0.6019301  -0.13622663066801075
-0.2731555  -0.6019301  -0.20557824573933678
-0.22593860000000002  -0.6019301  -0.2261907075876047
-0.1787817  -0.6019301  -0.26870945124040135
-0.13154939999999998  -0.6019301  -0.24982298602236352
-0.08506557  -0.6019301  -0.32907374466628003
-0.03790865  -0.6019301  -0.23117690290574813
0.009314178  -0.6019301  -0.38217057436116286
0.05578521  -0.6019301  0.3498466284665029
0.1029938  -0.6019301  1.2643076195025544
0.1501806  -0.6019301  2.3298764722881526
0.1973962  -0.6019301  2.208387521596601
0.24382310000000001  -0.6019301  1.2875150498611718
0.2910587  -0.6019301  0.6533626197464352
0.3383019  -0.6019301  0.13885254678915054
0.3848419  -0.6019301  -0.08594333813534388
0.4319508  -0.6019301  -0.14027722159971964
0.47918900000000003  -0.6019301  -0.08932405843235622
0.5263817000000001  -0.6019301  -0.08259707405452284
0.5728073  -0.6019301  -0.15171917758322587
0.6201755000000001  -0.6019301  -0.18049718603710868
0.6673234  -0.6019301  0.018819698468955565
0.7145165  -0.6019301  0.11311802982109813
0.7610208  -0.6019301  -0.0019451754886833325
0.8082817  -0.6019301  -0.027246282723155147
0.8554651  -0.6019301  -0.004376929703827414
0.9019446  -0.6019301  -0.00798675288342483
0.9491276000000001  -0.6019301  0.0631068613833119
0.9963285  -0.6019301  -0.00617989975739755
1.043524  -0.6019301  -0.08592283131086033
1.09  -0.6019301  -0.006923283232196486
1.1371959999999999  -0.6019301  0.09446865260755988
1.184408  -0.6019301  0.08682747563597958
1.2310029999999998  -0.6019301  -0.026771652456621425
1.278184  -0.6019301  -0.08177738387465572
1.325358  -0.6019301  0.005910967755366656
1.3725399999999999  -0.6019301  0.042857391535860385
1.4190180000000001  -0.6019301  0.007830352324019085
1.466212  -0.6019301  -0.09001575048790585
1.5097349999999998  -0.6019301  -0.11308393786214205
-0.6618184  -0.6618184  0.059830848969207616
-0.6148104  -0.6618184  0.024287936853155685
-0.5682282  -0.6618184  0.06836446204057535
-0.5210674000000001  -0.6618184  -0.05370975441907896
-0.4738536  -0.6618184  -0.10035641467840513
-0.4273831  -0.6618184  -0.04562364363247905
-0.38017439999999997  -0.6618184  -0.17896574007630162
-0.3329624  -0.6618184  -0.19744163640173723
-0.2857062  -0.6618184  -0.1408323344184309
-0.23920760000000002  -0.6618184  -0.16046226753197157
-0.1920511  -0.6618184  -0.36872591784683456
-0.1448561  -0.6618184  -0.45456944394079046
-0.09838366000000001  -0.6618184  -0.2874200929267081
-0.051180210000000004  -0.6618184  -0.3415574925292722
-0.003952184  -0.6618184  -0.85386637020446
0.04321329  -0.6618184  -0.7283060755650842
0.08970751  -0.6618184  0.05161296460973058
0.1369156  -0.6618184  2.2762189921113807
0.1841104  -0.6618184  3.119962844138838
0.2305452  -0.6618184  1.5854338690032879
0.2777387  -0.6618184  0.44773850713099633
0.3250255  -0.6618184  0.2877489325188738
0.3721836  -0.6618184  0.1430194451515048
0.41866129999999996  -0.6618184  -0.2008446773689821
0.4659091  -0.6618184  -0.3450096258084224
0.5131114999999999  -0.6618184  -0.10519045844722431
0.560286  -0.6618184  0.09182871517350037
0.6067627999999999  -0.6618184  -0.13373856484430865
0.6540736  -0.6618184  -0.3316838637835676
0.7012573  -0.6618184  -0.03855945329404658
0.7477183  -0.6618184  0.22474891489667415
0.7949693999999999  -0.6618184  0.10131125604672332
0.8421858999999999  -0.6618184  -0.17081895447992124
0.8893777  -0.6618184  -0.12151434989036562
0.9358886  -0.6618184  0.16598620370372552
0.9830422  -0.6618184  0.23286990582974731
1.0302529999999999  -0.6618184  -0.1259165968456343
1.0767390000000001  -0.6618184  -0.320418836885491
1.123924  -0.6618184  0.043947408629784655
1.171109  -0.6618184  0.2390235835125156
1.218325  -0.6618184  0.09858533191470092
1.264904  -0.6618184  -0.15150400234013006
1.312091  -0.6618184  -0.11028588973767622
1.359269  -0.6618184  0.12451143262393899
1.405736  -0.6618184  0.17124516936463152
1.452936  -0.6618184  -0.06233139751298482
1.500149  -0.6618184  -0.24795261874714
1.509863  -0.6618184  -0.1297547815362035
-0.7223237  -0.7223237  0.01662922453034085
-0.6753170000000001  -0.7223237  -0.0549740202653123
-0.6281074999999999  -0.7223237  -0.07927979290233514
-0.5815262  -0.7223237  -0.037468238997989095
-0.5343273000000001  -0.7223237  0.07587487572105724
-0.48714789999999997  -0.7223237  -0.030676922889503827
-0.4399255  -0.7223237  -0.1026831167235029
-0.39345620000000003  -0.7223237  -0.042733230733251665
-0.3462607  -0.7223237  -0.052037055128482196
-0.2989844  -0.7223237  -0.09844970761477273
-0.2525259  -0.7223237  -0.06676082694307398
-0.2053237  -0.7223237  -0.1398809218204369
-0.158158  -0.7223237  -0.26642942786411755
-0.11091759999999999  -0.7223237  -0.3293755075564293
-0.06446172  -0.7223237  -0.3263626779030611
-0.01723061  -0.7223237  -0.6763168146186976
0.02997339  -0.7223237  -1.069473306671274
0.07641884  -0.7223237  -1.1651865346148138
0.1236075  -0.7223237  0.6338120935229308
0.17082640000000002  -0.7223237  2.9682820158195544
0.2180147  -0.7223237  2.464241279497932
0.26447879999999996  -0.7223237  0.49950950541068007
0.3117664  -0.7223237  0.013641377602945618
0.3589289  -0.7223237  0.03224679519481298
0.40613720000000003  -0.7223237  -0.03536462541951025
0.45262630000000004  -0.7223237  -0.1817838455726583
0.4999768  -0.7223237  -0.2081804757416422
0.5470141  -0.7223237  -0.13569598597727447
0.5934756  -0.7223237  -0.07524625230151978
0.6407670000000001  -0.7223237  -0.0898816759201342
0.6879774999999999  -0.7223237  -0.07425927720030791
0.7352313  -0.7223237  0.020598963123865364
0.7817019000000001  -0.7223237  0.06362419355376653
0.8289276  -0.7223237  -0.03343907278232867
0.8761152  -0.7223237  -0.035302304123900036
0.9226814000000001  -0.7223237  -0.008809459216974869
0.9697882  -0.7223237  0.020482698933747327
1.0169890000000001  -0.7223237  0.028762947963300426
1.064163  -0.7223237  -0.001326889746289934
1.110664  -0.7223237  -0.020001555488267802
1.157845  -0.7223237  -0.027538383571744738
1.205063  -0.7223237  -0.04542250161368494
1.2516500000000002  -0.7223237  -0.006039354259176037
1.298835  -0.7223237  0.03169490696531113
1.346016  -0.7223237  0.023837482002776605
1.3932309999999999  -0.7223237  -0.008541339646004165
1.439668  -0.7223237  0.003036372286279879
1.48687  -0.7223237  -0.04586263881256308
1.509831  -0.7223237  -0.03393196617514691
-0.7821131  -0.7821131  0.017412475137391328
-0.7358075000000001  -0.7821131  -0.017576908733524115
-0.6885784  -0.7821131  -0.02506720783897902
-0.641377  -0.7821131  -0.003436308862555332
-0.5940294  -0.7821131  0.024672668773487297
-0.5476094  -0.7821131  -0.028470830233425913
-0.5004187999999999  -0.7821131  -0.008638987505340997
-0.45319420000000005  -0.7821131  0.02040464888989377
-0.4067222  -0.7821131  0.014273430771649666
-0.3595328  -0.7821131  -0.03775868478829051
-0.3123157  -0.7821131  -0.06772619663093668
-0.26505680000000004  -0.7821131  0.029994523504458245
-0.2185972  -0.7821131  -1.9358583995103927e-5
-0.1714135  -0.7821131  -0.06847216233605335
-0.1241895  -0.7821131  -0.18684298875106928
-0.07700058  -0.7821131  -0.16982866417772105
-0.0305026  -0.7821131  -0.1587998356545437
0.01669513  -0.7821131  -0.8740764600068522
0.06391154  -0.7821131  -1.2986057176396322
0.1103313  -0.7821131  -0.8339932872092842
0.1576014  -0.7821131  1.2553828048542546
0.2047843  -0.7821131  2.775893832051164
0.2519492  -0.7821131  0.6265320919087071
0.29846  -0.7821131  -0.04098726962162015
0.3456649  -0.7821131  -0.01954384323908713
0.3928628  -0.7821131  -0.0016577573612451273
0.4393486  -0.7821131  -0.056416493025394365
0.4865743  -0.7821131  -0.12470772075087873
0.5337297  -0.7821131  -0.11311057820613987
0.5809425  -0.7821131  -0.02745778641495097
0.6275159  -0.7821131  -0.059964848997585155
0.6747106  -0.7821131  -0.0416509079631754
0.7219423  -0.7821131  0.003900370903411273
0.7687894  -0.7821131  0.06070749984042796
0.8156479000000001  -0.7821131  0.03447426412671838
0.8628413  -0.7821131  -0.03835966987550341
0.9100424  -0.7821131  -0.03524355753332421
0.9565383000000001  -0.7821131  0.016001911584721015
1.003728  -0.7821131  -0.010276124262499412
1.050904  -0.7821131  0.03376415683975065
1.097397  -0.7821131  0.013590097804010265
1.1445750000000001  -0.7821131  0.049183431813015405
1.1918140000000002  -0.7821131  -0.024771050079631908
1.239192  -0.7821131  -0.06804944020435784
1.285584  -0.7821131  0.04417631973936162
1.332771  -0.7821131  0.03504435384020347
1.379943  -0.7821131  0.023519481003187126
1.427158  -0.7821131  -0.006004289390064905
1.473621  -0.7821131  -0.024443947458067633
1.509793  -0.7821131  0.019376254612772863
-0.8425897999999999  -0.8425897999999999  -0.0297250196445958
-0.7955994  -0.8425897999999999  -0.06058757399535749
-0.7483434  -0.8425897999999999  0.0006539002460194996
-0.7018636  -0.8425897999999999  0.044134120915398305
-0.654667  -0.8425897999999999  -0.056399528861548656
-0.6073237  -0.8425897999999999  -0.0016391743098837308
-0.5608506  -0.8425897999999999  0.06298122749470271
-0.5137058  -0.8425897999999999  -0.013634870691283978
-0.4664998  -0.8425897999999999  -0.1264006755243666
-0.41924279999999997  -0.8425897999999999  0.027054555988458972
-0.3727969  -0.8425897999999999  0.15469061632976652
-0.32556799999999997  -0.8425897999999999  -0.0033415719328145996
-0.2783384  -0.8425897999999999  -0.20355797681070298
-0.23113519999999999  -0.8425897999999999  -0.04293817535604301
-0.1847023  -0.8425897999999999  0.2175722390277536
-0.1374738  -0.8425897999999999  0.060569139739286446
-0.09028233000000001  -0.8425897999999999  -0.3080445451292915
-0.04379301  -0.8425897999999999  -0.08029835313331905
0.00344627  -0.8425897999999999  -0.08320816874311845
0.050621929999999996  -0.8425897999999999  -0.38105245181507963
0.09785026999999999  -0.8425897999999999  -1.5771896980231128
0.144263  -0.8425897999999999  -0.7727799958335255
0.1914783  -0.8425897999999999  2.4641283834223264
0.23866020000000002  -0.8425897999999999  1.312842371052584
0.28515640000000003  -0.8425897999999999  0.00014067235439453222
0.33239569999999996  -0.8425897999999999  -0.2860849464928425
0.3795819  -0.8425897999999999  -0.18705660017441647
0.4268149  -0.8425897999999999  0.1495540245458103
0.4732954  -0.8425897999999999  0.10500278145788729
0.5204841  -0.8425897999999999  -0.24060180422502578
0.5676661000000001  -0.8425897999999999  -0.21000665465554427
0.6141467  -0.8425897999999999  0.09616057382173403
0.6614219  -0.8425897999999999  0.21516616629270768
0.7086640999999999  -0.8425897999999999  -0.08672069468698436
0.7558701999999999  -0.8425897999999999  -0.2868360709466856
0.8024131  -0.8425897999999999  0.037182776238995706
0.8495501000000001  -0.8425897999999999  0.2874235595486275
0.8967626  -0.8425897999999999  -0.019651612405611057
0.9433007999999999  -0.8425897999999999  -0.2516942660584891
0.9904381  -0.8425897999999999  -0.05610610599820292
1.037701  -0.8425897999999999  0.25035359089452125
1.084856  -0.8425897999999999  0.1416503444692028
1.131297  -0.8425897999999999  -0.1865566703757588
1.1785109999999999  -0.8425897999999999  -0.1771762771347616
1.225732  -0.8425897999999999  0.05637362661586843
1.273048  -0.8425897999999999  0.25836930316279
1.31951  -0.8425897999999999  0.030953180893256247
1.3666559999999999  -0.8425897999999999  -0.252018329867274
1.41387  -0.8425897999999999  -0.14045839584529532
1.460355  -0.8425897999999999  0.10585498191231336
1.507527  -0.8425897999999999  0.21202674766042123
-0.902366  -0.902366  -0.003604146060075655
-0.8560938  -0.902366  0.008677790593916502
-0.8089153  -0.902366  -0.0013179457719628433
-0.7616719000000001  -0.902366  -0.02984437236065452
-0.7151665  -0.902366  0.03562604598131366
-0.6679526  -0.902366  0.05900203948202805
-0.6207453  -0.902366  -0.04954574509283228
-0.5734084  -0.902366  -0.03806860742153884
-0.5269529  -0.902366  0.1145192949845224
-0.4797862  -0.902366  0.00363949722089584
-0.4325593  -0.902366  -0.13549684880880028
-0.3853562  -0.902366  -0.043244555882024034
-0.3388783  -0.902366  0.1550805170720337
-0.2916239  -0.902366  0.041730226400377504
-0.24443440000000002  -0.902366  -0.1845619145096407
-0.19796029999999998  -0.902366  -0.062255540347657894
-0.15075909999999998  -0.902366  0.19120797641557002
-0.10356019999999999  -0.902366  0.12443168520551187
-0.05633969  -0.902366  -0.2740345728428457
-0.009880151  -0.902366  -0.3395947232943855
0.037351100000000005  -0.902366  0.2017438174080928
0.08455061000000001  -0.902366  -0.5285718724895112
0.1309845  -0.902366  -0.8819118244993684
0.1782435  -0.902366  0.46818105754341344
0.2253723  -0.902366  1.5051500706126397
0.27259859999999997  -0.902366  0.1993827883512896
0.3191198  -0.902366  0.07167621175251161
0.36630799999999997  -0.902366  -0.20757581556838625
0.4135505  -0.902366  -0.21368658031282917
0.4600015  -0.902366  0.12744146351019944
0.5072095  -0.902366  0.1853270210074306
0.5543988000000001  -0.902366  -0.17515631244314805
0.6015834999999999  -0.902366  -0.2059770527827849
0.648166  -0.902366  0.12114909117185957
0.6953591  -0.902366  0.2534161809545519
0.7425758  -0.902366  -0.06933718771720365
0.7891174999999999  -0.902366  -0.340381151614663
0.8362976999999999  -0.902366  0.01046301070282246
0.883486  -0.902366  0.27842230125390516
0.9307662  -0.902366  0.05358248195263391
0.9771577  -0.902366  -0.24959577348955958
1.0243710000000001  -0.902366  -0.012635678176301153
1.071557  -0.902366  0.27432741626602825
1.118774  -0.902366  0.07282960498220842
1.165243  -0.902366  -0.22068907172763214
1.2124480000000002  -0.902366  -0.09543701158103
1.259761  -0.902366  0.08771563594800381
1.306466  -0.902366  0.19513918595490987
1.3533810000000002  -0.902366  0.013225714754312964
1.400604  -0.902366  -0.19134916794032128
1.4477950000000002  -0.902366  -0.11006546331138924
1.494266  -0.902366  0.1379464991489967
1.509864  -0.902366  0.34781844905924425
-0.962856  -0.962856  -0.021167408979825286
-0.9158221  -0.962856  -0.0005077551598392331
-0.8693712  -0.962856  -0.01817887366174361
-0.8221848  -0.962856  0.01869921790759036
-0.7749681  -0.962856  0.005621147007022696
-0.7276798999999999  -0.962856  -0.03945807193558145
-0.6812201999999999  -0.962856  0.05417547708098444
-0.634014  -0.962856  0.054339795975794164
-0.5866804  -0.962856  -0.07575536700329097
-0.5395268999999999  -0.962856  -0.038776890964394774
-0.49304329999999996  -0.962856  0.09538999288392777
-0.44582679999999997  -0.962856  0.06462978882657827
-0.3986339  -0.962856  -0.10268208113919453
-0.3521494  -0.962856  -0.09717348621570455
-0.3048802  -0.962856  0.12119459126736969
-0.2576977  -0.962856  0.07840039912225752
-0.210446  -0.962856  -0.1277562700847707
-0.1640631  -0.962856  -0.15176844067748788
-0.1168188  -0.962856  0.14217243622307554
-0.06963154  -0.962856  0.12458233500036524
-0.02315232  -0.962856  -0.21212203822493464
0.024067340000000003  -0.962856  -0.43175504464648595
0.07126962  -0.962856  0.01676928671072732
0.1184953  -0.962856  0.31000306806583006
0.164936  -0.962856  -0.999769337936254
0.21212899999999998  -0.962856  1.229822264838029
0.2593163  -0.962856  -0.3133317566423036
0.30581349999999996  -0.962856  0.10950559836492449
0.35302269999999997  -0.962856  0.12901603769853914
0.4002455  -0.962856  -0.09191232851481305
0.44746359999999996  -0.962856  -0.2044846269970351
0.4939667  -0.962856  0.07850803704492046
0.5411344  -0.962856  0.19758097230433846
0.5883089  -0.962856  -0.049206723337364464
0.6349133  -0.962856  -0.21489409821348682
0.6820953  -0.962856  -0.008241412332581414
0.7292904  -0.962856  0.2581369763957153
0.7765552  -0.962856  0.051852044206266934
0.8230134  -0.962856  -0.24979500875126276
0.8702112  -0.962856  -0.10513579021405807
0.917446  -0.962856  0.21113272090485155
0.9646288  -0.962856  0.15800657788157751
1.011116  -0.962856  -0.13135501221484033
1.0582799999999999  -0.962856  -0.21987710549674944
1.1055039999999998  -0.962856  0.1277053654537068
1.151968  -0.962856  0.16312863192150506
1.1991690000000002  -0.962856  0.01824703679085348
1.246494  -0.962856  -0.19952687828417548
1.293677  -0.962856  -0.14389902160018556
1.340126  -0.962856  0.11102063684455422
1.387345  -0.962856  0.18980275436877803
1.4345150000000002  -0.962856  -0.011007976329933111
1.480989  -0.962856  -0.09007534909891915
1.509817  -0.962856  -0.18352694397464384
-1.023321  -1.023321  -0.0016748912937609947
-0.9763347  -1.023321  0.007064871451505393
-0.9291598  -1.023321  -0.0008487243689584451
-0.8818766  -1.023321  -0.007341755996736653
-0.8354438  -1.023321  -0.011989633882595307
-0.788237  -1.023321  0.020394955552823484
-0.7409698  -1.023321  -0.003640077371420856
-0.6937629  -1.023321  -0.0579833989355483
-0.6472738  -1.023321  0.0402693516052811
-0.5999429000000001  -1.023321  0.07969171783410432
-0.5527874  -1.023321  -0.057341249088531145
-0.5063123  -1.023321  -0.11428115087596119
-0.459086  -1.023321  0.05283477630947669
-0.4118713  -1.023321  0.12811663928652506
-0.3646913  -1.023321  -0.049736936330714666
-0.3182277  -1.023321  -0.11280805072196397
-0.2709728  -1.023321  0.06791719509000534
-0.2237534  -1.023321  0.15839844020386779
-0.17734119999999998  -1.023321  -0.07413961624571405
-0.1300898  -1.023321  -0.1869781265061531
-0.08290726  -1.023321  0.011886483161824092
-0.0356944  -1.023321  0.3717041460766105
0.01081339  -1.023321  -0.16775253969816623
0.05802046  -1.023321  -0.1857449293060827
0.1052169  -1.023321  -0.0009526288758245064
0.15164760000000002  -1.023321  -0.9092492076578164
0.1988544  -1.023321  1.5148963109814093
0.2460513  -1.023321  -0.23985187050701653
0.29325799999999996  -1.023321  -0.14324505366237658
0.3397634  -1.023321  -0.00027158021397903225
0.38697370000000003  -1.023321  0.15941577099083848
0.4341821  -1.023321  0.011219036524742996
0.4807289  -1.023321  -0.17624830357955973
0.5278416  -1.023321  -0.03354102887565053
0.5750331  -1.023321  0.15994013189881068
0.6223876  -1.023321  0.062493892550788986
0.6688093  -1.023321  -0.17557916740744095
0.7160615  -1.023321  -0.10654177603052402
0.7632578999999999  -1.023321  0.19644173174286064
0.8104781000000001  -1.023321  0.14394077607296937
0.8569486000000001  -1.023321  -0.09458920519158158
0.9041501  -1.023321  -0.15540065445298526
0.9513842  -1.023321  0.09731948405384734
0.9978283  -1.023321  0.1952064475737451
1.04499  -1.023321  -0.13470460826971184
1.092222  -1.023321  -0.1639254213053945
1.139417  -1.023321  0.016243492952077932
1.18589  -1.023321  0.21221214452906428
1.233223  -1.023321  0.09161027328433294
1.280395  -1.023321  -0.16682915446715582
1.326843  -1.023321  -0.19523625673700595
1.374058  -1.023321  0.061745054597796625
1.421325  -1.023321  0.14079722011963527
1.468452  -1.023321  0.032713921636820326
1.5097660000000002  -1.023321  -0.28843344690810174
-1.083067  -1.083067  -0.14654002852871512
-1.035933  -1.083067  -0.02788630512907325
-0.9896020999999999  -1.083067  0.03128618233965524
-0.9424258999999999  -1.083067  -0.011803551469254839
-0.8951669000000001  -1.083067  0.0041497112577807025
-0.8479703  -1.083067  0.02451047479639835
-0.8014901999999999  -1.083067  0.016038037912956295
-0.75424  -1.083067  -0.014160104572041459
-0.7070374  -1.083067  -0.03773435662245704
-0.660551  -1.083067  -0.0013710232094994806
-0.6132997  -1.083067  0.0065920757294511126
-0.566061  -1.083067  -0.0004474427796253361
-0.5188379999999999  -1.083067  -0.015246932477626842
-0.4724034  -1.083067  -0.013732917188462472
-0.42517079999999996  -1.083067  0.022864255139854357
-0.37796660000000004  -1.083067  0.03142661143756563
-0.3315054  -1.083067  0.00018160564867614784
-0.2842322  -1.083067  -0.011917836689008173
-0.2370484  -1.083067  0.017647806617803904
-0.18983070000000002  -1.083067  0.005888276255176314
-0.1433552  -1.083067  -0.05808591858036103
-0.09618114  -1.083067  -0.05343932602078298
-0.04897595  -1.083067  0.133336995496453
-0.0024951500000000002  -1.083067  0.012375551158171025
0.04471457  -1.083067  0.060949479967471965
0.09198511999999999  -1.083067  -0.40432444232375486
0.1391004  -1.083067  -0.6806982829970238
0.18560759999999998  -1.083067  0.36601812247140014
0.2327537  -1.083067  0.7057431018938609
0.2799731  -1.083067  -0.009409506000698158
0.3264904  -1.083067  -0.09570761220175161
0.3736692  -1.083067  0.084432921234882
0.42088600000000004  -1.083067  0.07206109520155457
0.4681343  -1.083067  -0.043217164734041115
0.5145483000000001  -1.083067  -0.10390385753324968
0.5617767  -1.083067  0.03007327851021456
0.6089592  -1.083067  0.038098233308358626
0.6562705  -1.083067  -0.030600975167887675
0.7027445999999999  -1.083067  -0.06903330751062554
0.7499293  -1.083067  0.07852547727603948
0.7971797  -1.083067  0.07558781583270527
0.8436567  -1.083067  0.01438192483426756
0.8908377000000001  -1.083067  -0.07683485289241541
0.9381047  -1.083067  -0.022836947825847036
0.9852609  -1.083067  0.07552654023108533
1.031725  -1.083067  -0.008810957114388458
1.078952  -1.083067  -0.11732044841703036
1.1261320000000001  -1.083067  -0.07975891224853114
1.172615  -1.083067  0.0704927636647439
1.219812  -1.083067  0.12304292732603875
1.2671130000000002  -1.083067  -0.03946859607242449
1.314312  -1.083067  -0.14624969764646362
1.36073  -1.083067  -0.026264730755078448
1.407959  -1.083067  0.116149069779866
1.455181  -1.083067  0.06831382924004609
1.501615  -1.083067  -0.03911600631243155
1.5098710000000002  -1.083067  0.25775977793668053
-1.143553  -1.143553  0.04674102997935838
-1.096578  -1.143553  -0.018785816281750967
-1.0493320000000002  -1.143553  -0.022168926544183936
-1.002143  -1.143553  0.012614752112953756
-0.9556595  -1.143553  0.0633684732519952
-0.9084466999999999  -1.143553  -0.02756062340278198
-0.8612466  -1.143553  -0.06088110017874274
-0.8147719  -1.143553  0.05530895154253526
-0.7675689  -1.143553  0.10477507923522382
-0.7203151  -1.143553  -0.051186682216490934
-0.6730946999999999  -1.143553  -0.10621782334748701
-0.6266301999999999  -1.143553  0.04956152427477667
-0.5792955  -1.143553  0.09388752399643441
-0.532072  -1.143553  -0.02408304553718359
-0.4856683  -1.143553  -0.1272511403958133
-0.4384203  -1.143553  0.01734013709203925
-0.391252  -1.143553  0.16323515294777122
-0.34402730000000004  -1.143553  0.020497880521560208
-0.29750279999999996  -1.143553  -0.1413963786386184
-0.2503282  -1.143553  -0.025889322865570122
-0.2031154  -1.143553  0.14524893265919037
-0.1566788  -1.143553  0.08547055326724166
-0.10945740000000001  -1.143553  -0.15243768704823485
-0.062249070000000004  -1.143553  -0.19122630026478363
-0.01503887  -1.143553  0.033251107159253904
0.03143692  -1.143553  0.2940755691694414
0.07869325  -1.143553  -0.006453195836070892
0.12587009999999998  -1.143553  0.18976138927209904
0.17233420000000002  -1.143553  -1.3146668433111783
0.2194693  -1.143553  1.1428634368580965
0.26668329999999996  -1.143553  -0.007316976688868184
0.3139816  -1.143553  -0.17064499047901588
0.3603947  -1.143553  -0.19419253355575794
0.40761369999999997  -1.143553  0.07990694723632003
0.4548303  -1.143553  0.25208064400763663
0.5020498999999999  -1.143553  -0.010982146012723891
0.5485071  -1.143553  -0.20153563083018067
0.5956729000000001  -1.143553  -0.04138618799213884
0.6429886  -1.143553  0.12465415895621072
0.6894827  -1.143553  0.049391275720115986
0.7366477  -1.143553  -0.09971222426906323
0.7839075  -1.143553  -0.06574270640980044
0.8311712  -1.143553  0.09919681423037544
0.8775751  -1.143553  0.09721271790514185
0.924867  -1.143553  -0.05453085878969836
0.9719861  -1.143553  -0.1355786539785175
1.018468  -1.143553  0.02577606566189829
1.065636  -1.143553  0.08070617817934005
1.112853  -1.143553  0.05132972940625503
1.160053  -1.143553  -0.0639032695313557
1.2065270000000001  -1.143553  -0.1028723028269316
1.253855  -1.143553  0.029119131698522937
1.301026  -1.143553  0.08852097266893703
1.347464  -1.143553  -0.00046731432960971754
1.394677  -1.143553  -0.0799649578745548
1.441895  -1.143553  -0.02583981411709776
1.4890750000000001  -1.143553  0.1448910734857996
1.5098230000000001  -1.143553  0.12726828905552046
-1.203258  -1.203258  0.002172096807920269
-1.156276  -1.203258  0.04268508780074757
-1.109827  -1.203258  0.03223793524526796
-1.062604  -1.203258  0.001885112179916876
-1.015414  -1.203258  -0.03842204590871746
-0.9688985999999999  -1.203258  0.026812747495238966
-0.9217595  -1.203258  0.04753465762183403
-0.8745063  -1.203258  -0.030836256868009893
-0.8272938000000001  -1.203258  -0.10295792650935341
-0.7808339  -1.203258  0.026689515470427076
-0.7335651000000001  -1.203258  0.12314242153291664
-0.6863516  -1.203258  -0.06185113319886222
-0.6398998  -1.203258  -0.14028681034345789
-0.5925585  -1.203258  0.024277664249935688
-0.5453895999999999  -1.203258  0.19093581281703453
-0.49814600000000003  -1.203258  0.040063459641412676
-0.4516919  -1.203258  -0.19136648768727252
-0.40451729999999997  -1.203258  -0.08556797584823805
-0.35732119999999995  -1.203258  0.19010258289459026
-0.31082580000000004  -1.203258  0.11417082029077424
-0.2635846  -1.203258  -0.19122562529412832
-0.21637530000000002  -1.203258  -0.240775895590181
-0.169207  -1.203258  0.1438186685420668
-0.12271169999999999  -1.203258  0.29263687436871805
-0.07548761000000001  -1.203258  -0.044500134394895335
-0.028308399999999997  -1.203258  -0.27387553371647555
0.018178879999999998  -1.203258  -0.2856033650663636
0.06538646  -1.203258  0.3508571233098309
0.11259269999999999  -1.203258  1.1008142595439536
0.15979169999999998  -1.203258  -1.1119019443700842
0.20622810000000003  -1.203258  0.6157443251725554
0.2534184  -1.203258  -0.8528828105985176
0.30065  -1.203258  0.23130598812653566
0.3478633  -1.203258  0.18362805895710135
0.3943878  -1.203258  -0.11870379148462461
0.4415516  -1.203258  -0.19610939396816363
0.488784  -1.203258  0.09742911839603276
0.5352289  -1.203258  0.21240844947217172
0.5824034  -1.203258  0.018281685017755327
0.6297576  -1.203258  -0.22011425981353816
0.6769135  -1.203258  -0.09082194357877316
0.7233938000000001  -1.203258  0.16274607296877994
0.7706443000000001  -1.203258  0.14649262855681364
0.8178529  -1.203258  -0.14000046857555398
0.8642949  -1.203258  -0.21321375536612547
0.9115232  -1.203258  0.07862884700750387
0.9587103  -1.203258  0.18386176727814374
1.005907  -1.203258  0.030120332118333745
1.052368  -1.203258  -0.15747152036963769
1.099587  -1.203258  -0.1363211229064013
1.146787  -1.203258  0.10718094969721366
1.193257  -1.203258  0.17440006775590375
1.2405719999999998  -1.203258  -0.014391391266619327
1.287776  -1.203258  -0.1997799790371196
1.3349259999999998  -1.203258  -0.12504899960114818
1.381397  -1.203258  0.14509763605367168
1.428597  -1.203258  0.18736653507871612
1.475793  -1.203258  0.06469834970684077
1.509771  -1.203258  -0.11975581939008434
-1.2638  -1.2638  -0.018578239972229387
-1.216717  -1.2638  0.005750398230506525
-1.169537  -1.2638  -0.011442284555546113
-1.123085  -1.2638  -0.001739901373652899
-1.075885  -1.2638  0.032622790141410694
-1.028673  -1.2638  -0.02520184010468648
-0.9814632  -1.2638  -0.06066475759233762
-0.9350334  -1.2638  0.03627474072172945
-0.8877727  -1.2638  0.0803636689985392
-0.8405624  -1.2638  -0.026277113457180867
-0.7941047999999999  -1.2638  -0.1126400628269189
-0.7468257  -1.2638  0.028051910747474783
-0.6996243  -1.2638  0.10374775823033942
-0.6524242  -1.2638  -0.0029803117524303396
-0.6058116  -1.2638  -0.12838400869957747
-0.55867  -1.2638  -0.03055740702814925
-0.5114558  -1.2638  0.15497248711043596
-0.464979  -1.2638  0.09720930327897856
-0.4177755  -1.2638  -0.16696770486698448
-0.3705817  -1.2638  -0.10973576044139154
-0.3233503  -1.2638  0.12799747168271208
-0.2768463  -1.2638  0.15693329862190913
-0.2295306  -1.2638  -0.05564773465332402
-0.1824889  -1.2638  -0.19604082925162736
-0.1359833  -1.2638  0.0016451937712593618
-0.08879806999999999  -1.2638  0.21882585226693402
-0.0415826  -1.2638  0.25550461255912027
0.005686039  -1.2638  -0.2819460970794509
0.052102499999999996  -1.2638  -0.06595673834226169
0.0993308  -1.2638  0.024127053108030774
0.14649879999999998  -1.2638  -0.5504056616209896
0.19369640000000002  -1.2638  0.9370395228713913
0.2401585  -1.2638  -0.32081117767607437
0.2873473  -1.2638  -0.11373218415737278
0.3345893  -1.2638  0.08774237762487491
0.3810685  -1.2638  0.21815724942313366
0.428279  -1.2638  0.015168107990704864
0.47549779999999997  -1.2638  -0.1701050614885917
0.5226886  -1.2638  -0.023911224534465113
0.5691168  -1.2638  0.1896278200034324
0.616459  -1.2638  0.10743460115916412
0.6636321000000001  -1.2638  -0.13817073082907663
0.7101075  -1.2638  -0.20009056226305488
0.7573434  -1.2638  0.07785145494651466
0.8045644999999999  -1.2638  0.18460139623308605
0.8517650999999999  -1.2638  -0.04154303045645976
0.8982539  -1.2638  -0.23056569042148073
0.9454409  -1.2638  -0.03224107281792016
0.9926322  -1.2638  0.21374380565219744
1.039087  -1.2638  0.18146472281468876
1.0863040000000002  -1.2638  -0.1018711594908473
1.13348  -1.2638  -0.26163902728571314
1.180702  -1.2638  -0.001032744029911278
1.227175  -1.2638  0.23086854396022036
1.274482  -1.2638  0.11814328040723385
1.321631  -1.2638  -0.1491901512715082
1.368103  -1.2638  -0.16593577928080247
1.415308  -1.2638  0.030638378373101394
1.462518  -1.2638  0.13866842514963124
1.50971  -1.2638  0.1788512500232736
-1.323526  -1.323526  -0.016292473915512497
-1.277298  -1.323526  -0.020474611811290806
-1.230118  -1.323526  0.019147487468457926
-1.182827  -1.323526  0.026983601471196494
-1.135619  -1.323526  -0.028216452466399526
-1.089169  -1.323526  0.012102622899949489
-1.041947  -1.323526  0.09873058017445263
-0.9947355  -1.323526  -0.02965251428347831
-0.9482756000000001  -1.323526  -0.10070601608329119
-0.9010321  -1.323526  0.014469252125992425
-0.8538505  -1.323526  0.12528251247922065
-0.8066547000000001  -1.323526  -0.01539912591122996
-0.7601481  -1.323526  -0.12800767231895185
-0.7129271  -1.323526  0.010181742481466154
-0.6657067  -1.323526  0.1466958053671615
-0.6192341  -1.323526  0.06129759443821187
-0.5719156000000001  -1.323526  -0.11653588909002748
-0.5247352  -1.323526  -0.12881065475157746
-0.4775387  -1.323526  0.12484559322916478
-0.4310407  -1.323526  0.1409550872295436
-0.3838552  -1.323526  -0.10486921944002493
-0.33667270000000005  -1.323526  -0.2127639901550143
-0.2901368  -1.323526  -0.01545547260497308
-0.2429289  -1.323526  0.24739987621355874
-0.1957313  -1.323526  0.0967588758715565
-0.14853370000000002  -1.323526  -0.1806361504052206
-0.10207340000000001  -1.323526  -0.14032950318205156
-0.054868639999999996  -1.323526  0.16086644940245579
-0.007641598  -1.323526  0.10932962931867578
0.03957315  -1.323526  0.12138961320054753
0.08603571  -1.323526  -0.3476776554068859
0.13321629999999998  -1.323526  -0.30517634304428903
0.1804288  -1.323526  -0.5175492452974768
0.2268573  -1.323526  0.9729464561489848
0.27406549999999996  -1.323526  0.04012904834882415
0.3213288  -1.323526  -0.26808204927328744
0.3685119  -1.323526  -0.11251579093882766
0.4149839  -1.323526  0.13571726742019274
0.4622435  -1.323526  0.12249155033919999
0.5094144  -1.323526  -0.11145263107114729
0.5558630000000001  -1.323526  -0.13624931936305165
0.6030483000000001  -1.323526  0.08038920031336845
0.6503361999999999  -1.323526  0.21340405954376784
0.6975465000000001  -1.323526  -0.0299736528193654
0.7439973999999999  -1.323526  -0.18498031101593812
0.791267  -1.323526  -0.08762924201647096
0.838485  -1.323526  0.21748361050980747
0.884938  -1.323526  0.07260936670645705
0.9322263000000001  -1.323526  -0.1555674555469462
0.9793464000000001  -1.323526  -0.15105029778759607
1.026528  -1.323526  0.08141243745070394
1.0729980000000001  -1.323526  0.13441171402607732
1.120214  -1.323526  0.04840565262350241
1.167384  -1.323526  -0.20524946990850707
1.213893  -1.323526  -0.06885115830294967
1.261185  -1.323526  0.1802481310723271
1.308396  -1.323526  0.1647948475173658
1.3555650000000001  -1.323526  -0.06846696973024723
1.4020350000000001  -1.323526  -0.12668472101021047
1.4492170000000002  -1.323526  -0.06618433123339365
1.496421  -1.323526  0.054776191004482236
1.509822  -1.323526  -0.19108598823277487
-1.384018  -1.384018  -0.08634615056364854
-1.3370199999999999  -1.384018  -0.015680386053022178
-1.2898479999999999  -1.384018  -0.013098903253725449
-1.243374  -1.384018  -0.02337173469245995
-1.196082  -1.384018  -0.014701095729463461
-1.148854  -1.384018  0.017484893368687186
-1.102429  -1.384018  -0.05673669145529178
-1.055152  -1.384018  0.0035066719686607855
-1.008024  -1.384018  0.10809953402916223
-0.9608127  -1.384018  0.014238500747748557
-0.9143096000000001  -1.384018  -0.13192562256837392
-0.8671266000000001  -1.384018  -0.00427485356323146
-0.8199216  -1.384018  0.14995852175979166
-0.7734568  -1.384018  0.05455355877985669
-0.7262025  -1.384018  -0.10682905664744549
-0.6789796  -1.384018  -0.07557254284269134
-0.6317622  -1.384018  0.0872404632489603
-0.5851687  -1.384018  0.15359898221350976
-0.5380005999999999  -1.384018  -0.10139823286357916
-0.4908174  -1.384018  -0.17407646131951354
-0.44433100000000003  -1.384018  0.04183019914549654
-0.3971249  -1.384018  0.1599966700607164
-0.3499355  -1.384018  0.04184392426678539
-0.3026561  -1.384018  -0.19998161663322828
-0.2562092  -1.384018  -0.11933398642786947
-0.2090031  -1.384018  0.17738656182431403
-0.1618223  -1.384018  0.23976655575122094
-0.1145192  -1.384018  -0.09913636352895551
-0.06814435  -1.384018  -0.2789755521318606
-0.02093012  -1.384018  -0.12314710667001341
0.02627742  -1.384018  0.05558004633323874
0.07281448  -1.384018  0.2709334876808355
0.1199416  -1.384018  0.8542322232320831
0.1671492  -1.384018  -1.4183262701888355
0.21434370000000003  -1.384018  0.7466218468612777
0.26079559999999996  -1.384018  -0.3316386946430289
0.30818110000000004  -1.384018  0.14702407809179996
0.3552247  -1.384018  -0.040924198747183546
0.4016982  -1.384018  -0.21188345257623487
0.448923  -1.384018  -0.06077564490936022
0.49614030000000003  -1.384018  0.1026027171043507
0.5433114  -1.384018  0.060224258094406534
0.5897627999999999  -1.384018  -0.08376249492184289
0.6370768  -1.384018  -0.09933580762882555
0.684256  -1.384018  0.00307088784003188
0.7307551999999999  -1.384018  0.14106001128692972
0.7780083  -1.384018  0.02656485362814709
0.8252134999999999  -1.384018  -0.0788120959680136
0.8723931  -1.384018  -0.054499360228319284
0.9188723  -1.384018  0.03316434280631456
0.9660923  -1.384018  -0.008111236001929256
1.013264  -1.384018  0.02080378886738273
1.059734  -1.384018  0.025963811774842582
1.106941  -1.384018  0.024209418304424704
1.1541489999999999  -1.384018  -0.054830834981715794
1.201358  -1.384018  -0.11791189324778362
1.247917  -1.384018  0.01224170959465276
1.29511  -1.384018  0.17441403440730552
1.342297  -1.384018  0.07022746972804353
1.389496  -1.384018  -0.10506538185658934
1.4359860000000002  -1.384018  -0.1876630768925965
1.483148  -1.384018  -0.1541143245722033
1.509775  -1.384018  -0.08886381823626686
-1.443726  -1.443726  0.06010479288682246
-1.3975009999999999  -1.443726  0.00041673742299051575
-1.350269  -1.443726  0.04293456573337215
-1.3030840000000001  -1.443726  0.00673750862476784
-1.2566359999999999  -1.443726  0.044432371001588936
-1.209339  -1.443726  -0.03193102032110357
-1.1621320000000002  -1.443726  -0.03335486164847861
-1.1149570000000002  -1.443726  0.007035730189512583
-1.068451  -1.443726  -0.006331216009260401
-1.021288  -1.443726  -0.019895006466585465
-0.9740811  -1.443726  0.035142188609461056
-0.9276345  -1.443726  -0.024851651913283607
-0.8803746  -1.443726  -0.022378113508020898
-0.8331803  -1.443726  0.012922632830418343
-0.7859624  -1.443726  0.06923934714694119
-0.7394598  -1.443726  0.021728238262508193
-0.6922343  -1.443726  0.005799860407258511
-0.6450424  -1.443726  -0.009907202088288663
-0.5984375  -1.443726  -0.021159517219312272
-0.5512320999999999  -1.443726  0.013837104037485535
-0.5040864  -1.443726  -0.016686279960580818
-0.4568542  -1.443726  -0.033016299211099186
-0.41040499999999996  -1.443726  0.004537964050507901
-0.363193  -1.443726  0.004223590112898175
-0.3159634  -1.443726  0.020632694781849457
-0.2687334  -1.443726  -0.004910716435991868
-0.22226669999999998  -1.443726  -0.020702229967001298
-0.1751007  -1.443726  0.020578472796747918
-0.1278731  -1.443726  0.025119781119905007
-0.08140716999999999  -1.443726  -0.003433713086109193
-0.034196359999999995  -1.443726  0.1224483169011862
0.01303149  -1.443726  -0.2517223099149235
0.06021881  -1.443726  0.07141182891914838
0.1066913  -1.443726  1.2634229046819163
0.1539228  -1.443726  -0.8038846014899217
0.2010739  -1.443726  0.2563486005622835
0.247507  -1.443726  -0.6870935406258867
0.2947419  -1.443726  0.15924268569952882
0.3419603  -1.443726  0.0505054597027063
0.3891671  -1.443726  0.006950387282274993
0.4356546  -1.443726  0.019241095463036845
0.4828758  -1.443726  -0.002717167790665211
0.5300574  -1.443726  -0.019687917029223505
0.5764979  -1.443726  -0.04597727304547689
0.6238184999999999  -1.443726  0.013819276916192832
0.6709944  -1.443726  0.05043296873455117
0.7182111999999999  -1.443726  -0.07031651436673975
0.7647084  -1.443726  0.008818158394813912
0.8119890000000001  -1.443726  0.026141441940709154
0.8591144000000001  -1.443726  0.03062681454260435
0.9056183  -1.443726  0.04317849167430732
0.9528016  -1.443726  0.002437621087938236
1.0000170000000002  -1.443726  -0.12895305153363618
1.047204  -1.443726  -0.020639818137463156
1.093669  -1.443726  0.10618132488437824
1.140858  -1.443726  0.16597339180856502
1.188078  -1.443726  0.028086744619535378
1.235392  -1.443726  -0.14355046510384786
1.281836  -1.443726  -0.05638298136669584
1.328995  -1.443726  0.08229588195894037
1.376205  -1.443726  0.07873052729762604
1.422698  -1.443726  0.003212613497878816
1.4698769999999999  -1.443726  -0.16174042603004538
1.50971  -1.443726  -0.14875960241428998
-1.504218  -1.504218  -0.08419152130655555
-1.4572  -1.504218  -0.001786740243073203
-1.4107750000000001  -1.504218  0.07767032019233971
-1.363541  -1.504218  0.10459171126252814
-1.31638  -1.504218  0.033408087076656635
-1.26918  -1.504218  0.047011392610823696
-1.222589  -1.504218  0.038084780489673814
-1.1753900000000002  -1.504218  -0.020061187622198415
-1.1282180000000002  -1.504218  -0.06324122287545847
-1.0817370000000002  -1.504218  0.0527611039322821
-1.03454  -1.504218  0.002854602030944579
-0.9873316999999999  -1.504218  -0.06681895093145668
-0.9401683000000001  -1.504218  -0.06173489122154624
-0.8936484  -1.504218  0.018038532220308576
-0.8464401  -1.504218  0.07098487058453327
-0.799259  -1.504218  0.06995501222276232
-0.7527252  -1.504218  -0.06634770511124306
-0.7055115  -1.504218  -0.059315966431813034
-0.6583198  -1.504218  0.11807008859564809
-0.610951  -1.504218  0.06106216879398776
-0.5645326  -1.504218  -0.08581872028117639
-0.5173198999999999  -1.504218  -0.141541265211735
-0.470158  -1.504218  -0.021787741121073588
-0.42291239999999997  -1.504218  0.1777764779151954
-0.376476  -1.504218  0.009465304170296472
-0.3292507  -1.504218  -0.12579586368654436
-0.2820065  -1.504218  -0.04692271636394066
-0.2355421  -1.504218  0.1418926472059475
-0.18837530000000002  -1.504218  0.11161130377870135
-0.1411493  -1.504218  -0.09381144346930821
-0.09394839  -1.504218  -0.22866934643640696
-0.047482540000000004  -1.504218  0.22001440450109194
-0.000261906  -1.504218  0.2537123715172
0.046946440000000006  -1.504218  0.08844751576939981
0.09341359  -1.504218  1.148466696087566
0.1405939  -1.504218  -0.04214483698366678
0.1878321  -1.504218  -2.1929578069203135
0.23497020000000002  -1.504218  -0.9902623793211301
0.2814627  -1.504218  1.534720032214969
0.3286873  -1.504218  0.1929934246113938
0.37588659999999996  -1.504218  -0.18758071511147245
0.4223513  -1.504218  -0.10337077607722785
0.469594  -1.504218  0.16611049313858695
0.5167681  -1.504218  0.2310208965925252
0.5639709  -1.504218  -0.10762819103166539
0.6104258  -1.504218  -0.3450119381105674
0.6577258  -1.504218  -0.07837603299506635
0.7048989  -1.504218  0.18389556266708232
0.7521357000000001  -1.504218  0.1961221074479742
0.7986566  -1.504218  -0.0700680638570647
0.8458804  -1.504218  -0.21163092827779992
0.8930311000000001  -1.504218  -0.028568979259203795
0.9395534999999999  -1.504218  0.3174651760851074
0.9866980999999999  -1.504218  0.22853173988155762
1.0339090000000002  -1.504218  -0.2260150653902561
1.0811199999999999  -1.504218  -0.32419068750302554
1.127576  -1.504218  0.002638848319851175
1.174779  -1.504218  0.2776591788274385
1.2219849999999999  -1.504218  0.2744447143015244
1.2685730000000002  -1.504218  -0.029211672754971163
1.315766  -1.504218  -0.3028997431941692
1.3629069999999999  -1.504218  -0.2805875623814093
1.4101279999999998  -1.504218  0.06370411988300201
1.456582  -1.504218  0.28582101747329397
1.503784  -1.504218  0.3189515125569193
