1.503789  1.503789  0.21101109999999998
1.443433  1.443433  0.20954689999999998
1.443433  1.503789  0.21101109999999998
1.383748  1.383748  0.2085419
1.383748  1.443433  0.2102688732309482
1.383748  1.503789  0.21086926519086105
1.3232490000000001  1.3232490000000001  0.2074879
1.3232490000000001  1.383748  0.20831509883369462
1.3232490000000001  1.443433  0.2099328170091655
1.3232490000000001  1.503789  0.21088991788477973
1.263542  1.263542  0.20636529999999997
1.263542  1.3232490000000001  0.20751412006188236
1.263542  1.383748  0.20898976026012034
1.263542  1.443433  0.20887763694228892
1.263542  1.503789  0.21088839077794216
1.202952  1.202952  0.2049274
1.202952  1.263542  0.20621080856801183
1.202952  1.3232490000000001  0.20792676677646954
1.202952  1.383748  0.20775638220635653
1.202952  1.443433  0.20958645277749782
1.202952  1.503789  0.21097371564850698
1.1432090000000001  1.1432090000000001  0.2038925
1.1432090000000001  1.202952  0.20455258072724555
1.1432090000000001  1.263542  0.2059483784192601
1.1432090000000001  1.3232490000000001  0.2080120704382115
1.1432090000000001  1.383748  0.20785995947883132
1.1432090000000001  1.443433  0.2097204617080157
1.1432090000000001  1.503789  0.21050991839316438
1.0827360000000001  1.0827360000000001  0.2021848
1.0827360000000001  1.1432090000000001  0.2040189608833301
1.0827360000000001  1.202952  0.2049425313306079
1.0827360000000001  1.263542  0.20539370061945286
1.0827360000000001  1.3232490000000001  0.20799720741345448
1.0827360000000001  1.383748  0.20757164823494276
1.0827360000000001  1.443433  0.20949953949793174
1.0827360000000001  1.503789  0.2114628785132348
1.022985  1.022985  0.2012561
1.022985  1.0827360000000001  0.20230179215180485
1.022985  1.1432090000000001  0.203753591497046
1.022985  1.202952  0.20542537284874654
1.022985  1.263542  0.20534909615667524
1.022985  1.3232490000000001  0.20812679634726888
1.022985  1.383748  0.2078093330163824
1.022985  1.443433  0.2089289811085716
1.022985  1.503789  0.2111639037981206
0.9625343000000001  0.9625343000000001  0.1996799
0.9625343000000001  1.022985  0.2008888749172779
0.9625343000000001  1.0827360000000001  0.20212390319487136
0.9625343000000001  1.1432090000000001  0.20353774128287427
0.9625343000000001  1.202952  0.20404515177639415
0.9625343000000001  1.263542  0.20635800194253956
0.9625343000000001  1.3232490000000001  0.20689560619839065
0.9625343000000001  1.383748  0.20793051774644675
0.9625343000000001  1.443433  0.21013476840670345
0.9625343000000001  1.503789  0.21039297118859854
0.9020751  0.9020751  0.1980664
0.9020751  0.9625343000000001  0.19936854457412556
0.9020751  1.022985  0.20101292862248016
0.9020751  1.0827360000000001  0.20222801617690953
0.9020751  1.1432090000000001  0.20273717503877442
0.9020751  1.202952  0.20507953431883869
0.9020751  1.263542  0.20548616326027447
0.9020751  1.3232490000000001  0.2065248722157263
0.9020751  1.383748  0.20925415833599045
0.9020751  1.443433  0.20925767068529755
0.9020751  1.503789  0.2102588558619582
0.8423139  0.8423139  0.1970165
0.8423139  0.9020751  0.19841324360811535
0.8423139  0.9625343000000001  0.19949615254995057
0.8423139  1.022985  0.20024953267724835
0.8423139  1.0827360000000001  0.20256594620158655
0.8423139  1.1432090000000001  0.20327135386104686
0.8423139  1.202952  0.20454555035316946
0.8423139  1.263542  0.20623094174972095
0.8423139  1.3232490000000001  0.20658661498417105
0.8423139  1.383748  0.20823241990771235
0.8423139  1.443433  0.2100171511156346
0.8423139  1.503789  0.21036957206818163
0.7818239  0.7818239  0.1957631
0.7818239  0.8423139  0.19696961481044234
0.7818239  0.9020751  0.19872155376188078
0.7818239  0.9625343000000001  0.1987545423096902
0.7818239  1.022985  0.20128193478306633
0.7818239  1.0827360000000001  0.20198243335496607
0.7818239  1.1432090000000001  0.20289306381867284
0.7818239  1.202952  0.20539339044005084
0.7818239  1.263542  0.20555515042155909
0.7818239  1.3232490000000001  0.2069731931596443
0.7818239  1.383748  0.20886493347464682
0.7818239  1.443433  0.20913571853113436
0.7818239  1.503789  0.2101164871527922
0.722076  0.722076  0.1944778
0.722076  0.7818239  0.19584002303335407
0.722076  0.8423139  0.19695912265476964
0.722076  0.9020751  0.19736250414653322
0.722076  0.9625343000000001  0.19947821091802864
0.722076  1.022985  0.20105074591085106
0.722076  1.0827360000000001  0.20155071035998928
0.722076  1.1432090000000001  0.2039835463757043
0.722076  1.202952  0.20462153074202197
0.722076  1.263542  0.20576901388273539
0.722076  1.3232490000000001  0.207627109403867
0.722076  1.383748  0.2077185393208499
0.722076  1.443433  0.20876536767584297
0.722076  1.503789  0.2109404614834681
0.661558  0.661558  0.1926477
0.661558  0.722076  0.1940187534817219
0.661558  0.7818239  0.1957361411199125
0.661558  0.8423139  0.19647167028567292
0.661558  0.9020751  0.19839957560912258
0.661558  0.9625343000000001  0.19980899229240093
0.661558  1.022985  0.20012954407884997
0.661558  1.0827360000000001  0.2031216328088204
0.661558  1.1432090000000001  0.20365745692713463
0.661558  1.202952  0.20438680060576464
0.661558  1.263542  0.2065101448897307
0.661558  1.3232490000000001  0.2071970901668337
0.661558  1.383748  0.2073447507472085
0.661558  1.443433  0.2103448740011552
0.661558  1.503789  0.21065819159824645
0.6017396  0.6017396  0.1910717
0.6017396  0.661558  0.192684195526835
0.6017396  0.722076  0.1940022455551711
0.6017396  0.7818239  0.19589014155402373
0.6017396  0.8423139  0.19733697047428717
0.6017396  0.9020751  0.197830872875679
0.6017396  0.9625343000000001  0.20020659237812619
0.6017396  1.022985  0.19962178981957315
0.6017396  1.0827360000000001  0.20227495573727733
0.6017396  1.1432090000000001  0.20410451363006782
0.6017396  1.202952  0.20363641667645957
0.6017396  1.263542  0.20626165879937605
0.6017396  1.3232490000000001  0.20813085671434894
0.6017396  1.383748  0.2078716360191512
0.6017396  1.443433  0.20933286918074936
0.6017396  1.503789  0.21119317913532284
0.5413045  0.5413045  0.1896483
0.5413045  0.6017396  0.19121147269484917
0.5413045  0.661558  0.19289900875726065
0.5413045  0.722076  0.19430933970546665
0.5413045  0.7818239  0.19539144948049075
0.5413045  0.8423139  0.1975190436277508
0.5413045  0.9020751  0.197637088734823
0.5413045  0.9625343000000001  0.1999074107047925
0.5413045  1.022985  0.20123648158492813
0.5413045  1.0827360000000001  0.20144018978344985
0.5413045  1.1432090000000001  0.2036483185936207
0.5413045  1.202952  0.20544054749211024
0.5413045  1.263542  0.20525498556087993
0.5413045  1.3232490000000001  0.20771763629901496
0.5413045  1.383748  0.2095002797338965
0.5413045  1.443433  0.20880245329733163
0.5413045  1.503789  0.21052473011990852
0.4808693  0.4808693  0.1883196
0.4808693  0.5413045  0.18987790930445395
0.4808693  0.6017396  0.19130216514120657
0.4808693  0.661558  0.19214867498776544
0.4808693  0.722076  0.19523910135190273
0.4808693  0.7818239  0.19512925140533052
0.4808693  0.8423139  0.19739112535756506
0.4808693  0.9020751  0.19877979225342293
0.4808693  0.9625343000000001  0.19925400981503585
0.4808693  1.022985  0.20156922108916453
0.4808693  1.0827360000000001  0.20270558969094907
0.4808693  1.1432090000000001  0.20313426977719076
0.4808693  1.202952  0.20484975770543992
0.4808693  1.263542  0.20660966726315758
0.4808693  1.3232490000000001  0.2066032362163292
0.4808693  1.383748  0.20830125733843172
0.4808693  1.443433  0.21056497647508582
0.4808693  1.503789  0.21037851008767197
0.4210471  0.4210471  0.1866142
0.4210471  0.4808693  0.1880304978556081
0.4210471  0.5413045  0.18986117360898705
0.4210471  0.6017396  0.1916138771718105
0.4210471  0.661558  0.19201871628643613
0.4210471  0.722076  0.1947431357296451
0.4210471  0.7818239  0.19519491582024137
0.4210471  0.8423139  0.19695477818110205
0.4210471  0.9020751  0.19922510494219806
0.4210471  0.9625343000000001  0.19894059574753195
0.4210471  1.022985  0.2013506711269401
0.4210471  1.0827360000000001  0.20276813718490197
0.4210471  1.1432090000000001  0.20287340155184094
0.4210471  1.202952  0.20463830267822591
0.4210471  1.263542  0.20699836750799197
0.4210471  1.3232490000000001  0.2068729751901861
0.4210471  1.383748  0.20785195205381632
0.4210471  1.443433  0.21053146221585597
0.4210471  1.503789  0.210638655160163
0.36057089999999997  0.36057089999999997  0.18471739999999998
0.36057089999999997  0.4210471  0.18673031452973218
0.36057089999999997  0.4808693  0.1882568423700672
0.36057089999999997  0.5413045  0.18944583031870738
0.36057089999999997  0.6017396  0.19165854950540595
0.36057089999999997  0.661558  0.19232343846524597
0.36057089999999997  0.722076  0.19437793563399342
0.36057089999999997  0.7818239  0.19596367336260848
0.36057089999999997  0.8423139  0.19625768696641363
0.36057089999999997  0.9020751  0.19916397928824425
0.36057089999999997  0.9625343000000001  0.19963878108838817
0.36057089999999997  1.022985  0.20008726111498387
0.36057089999999997  1.0827360000000001  0.20289935864211098
0.36057089999999997  1.1432090000000001  0.20351401581651968
0.36057089999999997  1.202952  0.20403560220786945
0.36057089999999997  1.263542  0.20655612748991053
0.36057089999999997  1.3232490000000001  0.20766967364533806
0.36057089999999997  1.383748  0.2070319503487711
0.36057089999999997  1.443433  0.20965860532341865
0.36057089999999997  1.503789  0.211020920218351
0.3008055  0.3008055  0.18315
0.3008055  0.36057089999999997  0.1846678799935664
0.3008055  0.4210471  0.18663092542523652
0.3008055  0.4808693  0.18795046058428874
0.3008055  0.5413045  0.18937794567889832
0.3008055  0.6017396  0.1916742595005723
0.3008055  0.661558  0.19186071480070815
0.3008055  0.722076  0.19518599148468083
0.3008055  0.7818239  0.19603853926761805
0.3008055  0.8423139  0.19675615758268852
0.3008055  0.9020751  0.19948186072855745
0.3008055  0.9625343000000001  0.19981032436399748
0.3008055  1.022985  0.20053458133840196
0.3008055  1.0827360000000001  0.20329020447512483
0.3008055  1.1432090000000001  0.20336887053065564
0.3008055  1.202952  0.20414935180238888
0.3008055  1.263542  0.2069368959095773
0.3008055  1.3232490000000001  0.2066919454610561
0.3008055  1.383748  0.2079403381558142
0.3008055  1.443433  0.21029964832627202
0.3008055  1.503789  0.21057012523182425
0.24032810000000002  0.24032810000000002  0.1812637
0.24032810000000002  0.3008055  0.18323853937592968
0.24032810000000002  0.36057089999999997  0.18474373429510618
0.24032810000000002  0.4210471  0.186846173539585
0.24032810000000002  0.4808693  0.18781996095653547
0.24032810000000002  0.5413045  0.19021765157604095
0.24032810000000002  0.6017396  0.19128157962648767
0.24032810000000002  0.661558  0.19231778337501532
0.24032810000000002  0.722076  0.19506065828729086
0.24032810000000002  0.7818239  0.19530744381993864
0.24032810000000002  0.8423139  0.19668565663291238
0.24032810000000002  0.9020751  0.19935325281982275
0.24032810000000002  0.9625343000000001  0.19949547122551858
0.24032810000000002  1.022985  0.20092455642204873
0.24032810000000002  1.0827360000000001  0.203518919212225
0.24032810000000002  1.1432090000000001  0.20336578829730093
0.24032810000000002  1.202952  0.20450852336991573
0.24032810000000002  1.263542  0.20749488026842228
0.24032810000000002  1.3232490000000001  0.20699011756391913
0.24032810000000002  1.383748  0.20792940227364662
0.24032810000000002  1.443433  0.21039278224997154
0.24032810000000002  1.503789  0.21137240109603372
0.1805994  0.1805994  0.1791557
0.1805994  0.24032810000000002  0.18130241538804254
0.1805994  0.3008055  0.18265233039670248
0.1805994  0.36057089999999997  0.18536210882978693
0.1805994  0.4210471  0.18643802024250475
0.1805994  0.4808693  0.18797682560541326
0.1805994  0.5413045  0.1899843818726823
0.1805994  0.6017396  0.1910003192433026
0.1805994  0.661558  0.19329675818316325
0.1805994  0.722076  0.19425636759338047
0.1805994  0.7818239  0.1949082637531847
0.1805994  0.8423139  0.19792760743018686
0.1805994  0.9020751  0.19929773867879236
0.1805994  0.9625343000000001  0.1990658418435312
0.1805994  1.022985  0.2015590259656078
0.1805994  1.0827360000000001  0.20353816842451197
0.1805994  1.1432090000000001  0.20309868862360297
0.1805994  1.202952  0.20488900939902815
0.1805994  1.263542  0.20739534341388738
0.1805994  1.3232490000000001  0.20731407502318677
0.1805994  1.383748  0.2079902651465472
0.1805994  1.443433  0.2110317899892304
0.1805994  1.503789  0.21105404840719916
0.1201007  0.1201007  0.1768103
0.1201007  0.1805994  0.17902085022514067
0.1201007  0.24032810000000002  0.18070645035839242
0.1201007  0.3008055  0.18178354797657895
0.1201007  0.36057089999999997  0.18523621677538754
0.1201007  0.4210471  0.18600396663579816
0.1201007  0.4808693  0.18843040298426358
0.1201007  0.5413045  0.19036140616046168
0.1201007  0.6017396  0.19100534727259874
0.1201007  0.661558  0.19343698144429872
0.1201007  0.722076  0.19386620371650992
0.1201007  0.7818239  0.19483610505269158
0.1201007  0.8423139  0.1978655878080862
0.1201007  0.9020751  0.19877841611315636
0.1201007  0.9625343000000001  0.19882619164962106
0.1201007  1.022985  0.20187172131164413
0.1201007  1.0827360000000001  0.2031797159329103
0.1201007  1.1432090000000001  0.2036017866063821
0.1201007  1.202952  0.20424619853370402
0.1201007  1.263542  0.20702759337769538
0.1201007  1.3232490000000001  0.20836883542368587
0.1201007  1.383748  0.20737263265905986
0.1201007  1.443433  0.21014715174764156
0.1201007  1.503789  0.2109466067327562
0.06038413  0.06038413  0.1745947
0.06038413  0.1201007  0.17636712120070777
0.06038413  0.1805994  0.17840346347524327
0.06038413  0.24032810000000002  0.1807273926302931
0.06038413  0.3008055  0.18291104968153904
0.06038413  0.36057089999999997  0.18401218316372456
0.06038413  0.4210471  0.18657097882262022
0.06038413  0.4808693  0.1882005257898325
0.06038413  0.5413045  0.18870501089012834
0.06038413  0.6017396  0.19173752583959666
0.06038413  0.661558  0.19303364871491974
0.06038413  0.722076  0.1937724402570591
0.06038413  0.7818239  0.19667850422254546
0.06038413  0.8423139  0.1974395741964612
0.06038413  0.9020751  0.19837706403714878
0.06038413  0.9625343000000001  0.20021527646881848
0.06038413  1.022985  0.2017906168387459
0.06038413  1.0827360000000001  0.20136625957230098
0.06038413  1.1432090000000001  0.20386134869835448
0.06038413  1.202952  0.20633947028696867
0.06038413  1.263542  0.2056725055344329
0.06038413  1.3232490000000001  0.20714371485870878
0.06038413  1.383748  0.20985874229173726
0.06038413  1.443433  0.21023716311384308
0.06038413  1.503789  0.21067966551811615
-9.172857e-5  -9.172857e-5  0.1705409
-9.172857e-5  0.06038413  0.1735242998115274
-9.172857e-5  0.1201007  0.17641319298072616
-9.172857e-5  0.1805994  0.17718222888754973
-9.172857e-5  0.24032810000000002  0.1803543078422595
-9.172857e-5  0.3008055  0.18246657398385538
-9.172857e-5  0.36057089999999997  0.1836492942185735
-9.172857e-5  0.4210471  0.18696385982650762
-9.172857e-5  0.4808693  0.18819067579779905
-9.172857e-5  0.5413045  0.18906715412555988
-9.172857e-5  0.6017396  0.19200247247589122
-9.172857e-5  0.661558  0.19278258613075996
-9.172857e-5  0.722076  0.19373700407732386
-9.172857e-5  0.7818239  0.19653746804445585
-9.172857e-5  0.8423139  0.196855638168335
-9.172857e-5  0.9020751  0.19793534216537345
-9.172857e-5  0.9625343000000001  0.20072300672749518
-9.172857e-5  1.022985  0.20187344121400205
-9.172857e-5  1.0827360000000001  0.20153667955022142
-9.172857e-5  1.1432090000000001  0.20426906715444648
-9.172857e-5  1.202952  0.20576616383279003
-9.172857e-5  1.263542  0.2051403192824664
-9.172857e-5  1.3232490000000001  0.206911082031115
-9.172857e-5  1.383748  0.21020429511635294
-9.172857e-5  1.443433  0.21010652137923333
-9.172857e-5  1.503789  0.20977613976023704
-0.06060252  -0.06060252  0.1512461
-0.06060252  -9.172857e-5  0.15659910828054346
-0.06060252  0.06038413  0.1705980273243265
-0.06060252  0.1201007  0.17534695161323088
-0.06060252  0.1805994  0.17706478321459798
-0.06060252  0.24032810000000002  0.17910286605401407
-0.06060252  0.3008055  0.1821690085301828
-0.06060252  0.36057089999999997  0.18291968605694556
-0.06060252  0.4210471  0.1852659949828028
-0.06060252  0.4808693  0.18824470702263763
-0.06060252  0.5413045  0.18898572622729515
-0.06060252  0.6017396  0.19079574542507768
-0.06060252  0.661558  0.1937691720096804
-0.06060252  0.722076  0.19388480788729756
-0.06060252  0.7818239  0.19586454764084407
-0.06060252  0.8423139  0.19848602033110122
-0.06060252  0.9020751  0.19795770568985135
-0.06060252  0.9625343000000001  0.20001999055602693
-0.06060252  1.022985  0.20277221258444794
-0.06060252  1.0827360000000001  0.20265543843238856
-0.06060252  1.1432090000000001  0.203021662145366
-0.06060252  1.202952  0.20553405097001595
-0.06060252  1.263542  0.20707376220842044
-0.06060252  1.3232490000000001  0.20649723144549847
-0.06060252  1.383748  0.20907345269194613
-0.06060252  1.443433  0.21102765224253583
-0.06060252  1.503789  0.21081215493766858
-0.1203181  -0.1203181  0.14208379999999998
-0.1203181  -0.06060252  0.1427844287371492
-0.1203181  -9.172857e-5  0.14672177634256417
-0.1203181  0.06038413  0.16542249772156828
-0.1203181  0.1201007  0.17101314741459978
-0.1203181  0.1805994  0.173050030293115
-0.1203181  0.24032810000000002  0.17686498834342748
-0.1203181  0.3008055  0.17917870154440982
-0.1203181  0.36057089999999997  0.18138143431334777
-0.1203181  0.4210471  0.18470148252486374
-0.1203181  0.4808693  0.18599461541994472
-0.1203181  0.5413045  0.18825892030393998
-0.1203181  0.6017396  0.19168711021558654
-0.1203181  0.661558  0.19228525682476724
-0.1203181  0.722076  0.19388677113082675
-0.1203181  0.7818239  0.19685854925892304
-0.1203181  0.8423139  0.19732585901816854
-0.1203181  0.9020751  0.1975598135865871
-0.1203181  0.9625343000000001  0.2015393425235529
-0.1203181  1.022985  0.2016125373085181
-0.1203181  1.0827360000000001  0.20211960666327003
-0.1203181  1.1432090000000001  0.20453909284679325
-0.1203181  1.202952  0.20584522588411328
-0.1203181  1.263542  0.20538414074068334
-0.1203181  1.3232490000000001  0.2071586801913799
-0.1203181  1.383748  0.2103247300044981
-0.1203181  1.443433  0.20893834443125953
-0.1203181  1.503789  0.21101127213398502
-0.180808  -0.180808  0.09086648
-0.180808  -0.1203181  0.07843231895115303
-0.180808  -0.06060252  0.08189693146665743
-0.180808  -9.172857e-5  0.0872098897054997
-0.180808  0.06038413  0.10633223441852768
-0.180808  0.1201007  0.11511973937478695
-0.180808  0.1805994  0.12013059249187164
-0.180808  0.24032810000000002  0.1256026293811192
-0.180808  0.3008055  0.13577491001230738
-0.180808  0.36057089999999997  0.14444996877974922
-0.180808  0.4210471  0.15286234917977484
-0.180808  0.4808693  0.16335799938547127
-0.180808  0.5413045  0.17328173572424946
-0.180808  0.6017396  0.1816540173257103
-0.180808  0.661558  0.19000548819455407
-0.180808  0.722076  0.19474139874345944
-0.180808  0.7818239  0.19508939115729065
-0.180808  0.8423139  0.19729711597689648
-0.180808  0.9020751  0.19977071197249702
-0.180808  0.9625343000000001  0.1996443991449485
-0.180808  1.022985  0.2012935099440119
-0.180808  1.0827360000000001  0.20350406902126647
-0.180808  1.1432090000000001  0.20306187437652903
-0.180808  1.202952  0.20444401915933652
-0.180808  1.263542  0.20812893290744358
-0.180808  1.3232490000000001  0.2074821572052168
-0.180808  1.383748  0.2079862042922479
-0.180808  1.443433  0.21002412797113681
-0.180808  1.503789  0.21238851676942888
-0.2405293  -0.2405293  -0.02087638
-0.2405293  -0.180808  -0.01961341044591277
-0.2405293  -0.1203181  -0.015044341259901662
-0.2405293  -0.06060252  -0.010971839898468044
-0.2405293  -9.172857e-5  -0.004825317372387767
-0.2405293  0.06038413  0.01869660350273407
-0.2405293  0.1201007  0.03022045753254324
-0.2405293  0.1805994  0.039418359938563165
-0.2405293  0.24032810000000002  0.05591687825888556
-0.2405293  0.3008055  0.07501194395698178
-0.2405293  0.36057089999999997  0.09298003349100159
-0.2405293  0.4210471  0.11328606227954408
-0.2405293  0.4808693  0.1331501753570372
-0.2405293  0.5413045  0.15112650013468115
-0.2405293  0.6017396  0.17072940394896624
-0.2405293  0.661558  0.18581854197718575
-0.2405293  0.722076  0.19214225283279668
-0.2405293  0.7818239  0.1948622012477698
-0.2405293  0.8423139  0.1980862948057728
-0.2405293  0.9020751  0.19909801398654917
-0.2405293  0.9625343000000001  0.19906529551535324
-0.2405293  1.022985  0.20289961391976824
-0.2405293  1.0827360000000001  0.2031803797274643
-0.2405293  1.1432090000000001  0.20301113170919763
-0.2405293  1.202952  0.20560294226532783
-0.2405293  1.263542  0.2082559209582311
-0.2405293  1.3232490000000001  0.20722026621134473
-0.2405293  1.383748  0.20759454467249217
-0.2405293  1.443433  0.2111601783629429
-0.2405293  1.503789  0.21131594012129354
-0.30098610000000003  -0.30098610000000003  -0.055961000000000004
-0.30098610000000003  -0.2405293  -0.05443454202377231
-0.30098610000000003  -0.180808  -0.05076418016623167
-0.30098610000000003  -0.1203181  -0.0452644341945553
-0.30098610000000003  -0.06060252  -0.0408768436824384
-0.30098610000000003  -9.172857e-5  -0.03178426806432091
-0.30098610000000003  0.06038413  -0.008912249391434535
-0.30098610000000003  0.1201007  0.0050925355666035736
-0.30098610000000003  0.1805994  0.0200201919215613
-0.30098610000000003  0.24032810000000002  0.040288655790476795
-0.30098610000000003  0.3008055  0.061396213617597874
-0.30098610000000003  0.36057089999999997  0.08350609220173832
-0.30098610000000003  0.4210471  0.10637646447118435
-0.30098610000000003  0.4808693  0.12755818691683024
-0.30098610000000003  0.5413045  0.1474704194570766
-0.30098610000000003  0.6017396  0.16896417927898005
-0.30098610000000003  0.661558  0.18505292990120892
-0.30098610000000003  0.722076  0.19134763880532385
-0.30098610000000003  0.7818239  0.19539541062724258
-0.30098610000000003  0.8423139  0.19769422172434442
-0.30098610000000003  0.9020751  0.1984180660353653
-0.30098610000000003  0.9625343000000001  0.19923636662565272
-0.30098610000000003  1.022985  0.20291609918832132
-0.30098610000000003  1.0827360000000001  0.20367379037972055
-0.30098610000000003  1.1432090000000001  0.2026842518048048
-0.30098610000000003  1.202952  0.20540638715546525
-0.30098610000000003  1.263542  0.2079389165696941
-0.30098610000000003  1.3232490000000001  0.20740327025971245
-0.30098610000000003  1.383748  0.20786101752450015
-0.30098610000000003  1.443433  0.21061544156046205
-0.30098610000000003  1.503789  0.21145405483865629
-0.360773  -0.360773  -0.08142692
-0.360773  -0.30098610000000003  -0.07939568595144193
-0.360773  -0.2405293  -0.07557115718933184
-0.360773  -0.180808  -0.07057793976985066
-0.360773  -0.1203181  -0.06622092138118617
-0.360773  -0.06060252  -0.05984910999888035
-0.360773  -9.172857e-5  -0.051014529517961545
-0.360773  0.06038413  -0.026319185575949845
-0.360773  0.1201007  -0.008421848616038128
-0.360773  0.1805994  0.009758294027391883
-0.360773  0.24032810000000002  0.030625182413373253
-0.360773  0.3008055  0.05461606788875244
-0.360773  0.36057089999999997  0.07983182533281782
-0.360773  0.4210471  0.10159380587031938
-0.360773  0.4808693  0.12269795880924078
-0.360773  0.5413045  0.14608701076896694
-0.360773  0.6017396  0.16729212690374656
-0.360773  0.661558  0.1824099709848195
-0.360773  0.722076  0.19293963025257646
-0.360773  0.7818239  0.1963752648705347
-0.360773  0.8423139  0.1961958414609756
-0.360773  0.9020751  0.1987502948902034
-0.360773  0.9625343000000001  0.2012021691113006
-0.360773  1.022985  0.20067636687255788
-0.360773  1.0827360000000001  0.20254117675090882
-0.360773  1.1432090000000001  0.20499798160885563
-0.360773  1.202952  0.20533328776517357
-0.360773  1.263542  0.20479061492798606
-0.360773  1.3232490000000001  0.20804074718895768
-0.360773  1.383748  0.21051725874072402
-0.360773  1.443433  0.2098618460378281
-0.360773  1.503789  0.21089492291053982
-0.4211977  -0.4211977  -0.10305769999999999
-0.4211977  -0.360773  -0.1014329919409726
-0.4211977  -0.30098610000000003  -0.09756733119443535
-0.4211977  -0.2405293  -0.09399432225203928
-0.4211977  -0.180808  -0.08867652202655261
-0.4211977  -0.1203181  -0.08263352119126437
-0.4211977  -0.06060252  -0.07660891789795439
-0.4211977  -9.172857e-5  -0.06571059396412372
-0.4211977  0.06038413  -0.03820671668126922
-0.4211977  0.1201007  -0.020643610673480046
-0.4211977  0.1805994  0.0013977971952048292
-0.4211977  0.24032810000000002  0.026461579807746147
-0.4211977  0.3008055  0.05028934269985266
-0.4211977  0.36057089999999997  0.07570821157987594
-0.4211977  0.4210471  0.10041025650822054
-0.4211977  0.4808693  0.12117058550975487
-0.4211977  0.5413045  0.14325492626226463
-0.4211977  0.6017396  0.16705998306355854
-0.4211977  0.661558  0.18334167589695166
-0.4211977  0.722076  0.19111772666702037
-0.4211977  0.7818239  0.19598337759687143
-0.4211977  0.8423139  0.19778419586970736
-0.4211977  0.9020751  0.19747621599115192
-0.4211977  0.9625343000000001  0.20002827745048304
-0.4211977  1.022985  0.20193529048088446
-0.4211977  1.0827360000000001  0.20113025473695922
-0.4211977  1.1432090000000001  0.20347951411622603
-0.4211977  1.202952  0.20616968041405045
-0.4211977  1.263542  0.206133063527179
-0.4211977  1.3232490000000001  0.20626859922595003
-0.4211977  1.383748  0.20958094456848123
-0.4211977  1.443433  0.21096338189059013
-0.4211977  1.503789  0.21049924630133748
-0.48104009999999997  -0.48104009999999997  -0.1236653
-0.48104009999999997  -0.4211977  -0.12198943097746365
-0.48104009999999997  -0.360773  -0.11878607169059956
-0.48104009999999997  -0.30098610000000003  -0.11490698122887426
-0.48104009999999997  -0.2405293  -0.11071636476930184
-0.48104009999999997  -0.180808  -0.10591102966390922
-0.48104009999999997  -0.1203181  -0.0989536389505986
-0.48104009999999997  -0.06060252  -0.09182601435759613
-0.48104009999999997  -9.172857e-5  -0.0794145556275413
-0.48104009999999997  0.06038413  -0.05125470962910823
-0.48104009999999997  0.1201007  -0.03143769895421747
-0.48104009999999997  0.1805994  -0.007785775905150383
-0.48104009999999997  0.24032810000000002  0.02080926877107729
-0.48104009999999997  0.3008055  0.048041273679812396
-0.48104009999999997  0.36057089999999997  0.07232908057740844
-0.48104009999999997  0.4210471  0.09677298647761577
-0.48104009999999997  0.4808693  0.12047409153303476
-0.48104009999999997  0.5413045  0.1411635157832671
-0.48104009999999997  0.6017396  0.16462795548978285
-0.48104009999999997  0.661558  0.18346917681233765
-0.48104009999999997  0.722076  0.1912994060655546
-0.48104009999999997  0.7818239  0.19440167128600405
-0.48104009999999997  0.8423139  0.19805273996617473
-0.48104009999999997  0.9020751  0.19924997342109707
-0.48104009999999997  0.9625343000000001  0.19905984810195593
-0.48104009999999997  1.022985  0.20161175677493962
-0.48104009999999997  1.0827360000000001  0.20372966384353466
-0.48104009999999997  1.1432090000000001  0.20334649716408515
-0.48104009999999997  1.202952  0.20479120629840977
-0.48104009999999997  1.263542  0.2082353728920559
-0.48104009999999997  1.3232490000000001  0.20832265356420063
-0.48104009999999997  1.383748  0.2079528531775123
-0.48104009999999997  1.443433  0.21085503589996915
-0.48104009999999997  1.503789  0.2118704628939534
-0.5414266  -0.5414266  -0.1441174
-0.5414266  -0.48104009999999997  -0.14350027146956595
-0.5414266  -0.4211977  -0.1400348133636367
-0.5414266  -0.360773  -0.13748949547559142
-0.5414266  -0.30098610000000003  -0.13354459473934474
-0.5414266  -0.2405293  -0.12893699982764684
-0.5414266  -0.180808  -0.12513283813753878
-0.5414266  -0.1203181  -0.11813576928957675
-0.5414266  -0.06060252  -0.10993418508687158
-0.5414266  -9.172857e-5  -0.09928271440821154
-0.5414266  0.06038413  -0.06998396172804373
-0.5414266  0.1201007  -0.04380677703999983
-0.5414266  0.1805994  -0.015821698688873686
-0.5414266  0.24032810000000002  0.014514726225658501
-0.5414266  0.3008055  0.04635183994004615
-0.5414266  0.36057089999999997  0.07290868127294875
-0.5414266  0.4210471  0.09477953980410234
-0.5414266  0.4808693  0.11751473426859184
-0.5414266  0.5413045  0.14235313963188465
-0.5414266  0.6017396  0.1645509903067124
-0.5414266  0.661558  0.18166996113531125
-0.5414266  0.722076  0.19251359262508397
-0.5414266  0.7818239  0.19578104111659808
-0.5414266  0.8423139  0.196167994806122
-0.5414266  0.9020751  0.19914599800665433
-0.5414266  0.9625343000000001  0.20160014128517556
-0.5414266  1.022985  0.20006953109153225
-0.5414266  1.0827360000000001  0.20249381411984044
-0.5414266  1.1432090000000001  0.20536814117304336
-0.5414266  1.202952  0.20474037272731893
-0.5414266  1.263542  0.20513691996016736
-0.5414266  1.3232490000000001  0.20803983101586387
-0.5414266  1.383748  0.20953843491956847
-0.5414266  1.443433  0.2096233739844099
-0.5414266  1.503789  0.2113303526167559
-0.6019301  -0.6019301  -0.1645245
-0.6019301  -0.5414266  -0.16404097264949705
-0.6019301  -0.48104009999999997  -0.16170439968195782
-0.6019301  -0.4211977  -0.15953351366253957
-0.6019301  -0.360773  -0.15720834974227813
-0.6019301  -0.30098610000000003  -0.15336149297693946
-0.6019301  -0.2405293  -0.15056333498214297
-0.6019301  -0.180808  -0.14615809743537753
-0.6019301  -0.1203181  -0.1396016563791792
-0.6019301  -0.06060252  -0.13425443593558792
-0.6019301  -9.172857e-5  -0.12385723047596227
-0.6019301  0.06038413  -0.09055998678192162
-0.6019301  0.1201007  -0.062430815323923715
-0.6019301  0.1805994  -0.02664938191882289
-0.6019301  0.24032810000000002  0.013054140416961742
-0.6019301  0.3008055  0.04710163037807934
-0.6019301  0.36057089999999997  0.07175851871102443
-0.6019301  0.4210471  0.0960803295936649
-0.6019301  0.4808693  0.11955757946076918
-0.6019301  0.5413045  0.14097621002038233
-0.6019301  0.6017396  0.1631767807544867
-0.6019301  0.661558  0.1829552812379774
-0.6019301  0.722076  0.19172061430535728
-0.6019301  0.7818239  0.19424768950344473
-0.6019301  0.8423139  0.19791982735664884
-0.6019301  0.9020751  0.19901613491109044
-0.6019301  0.9625343000000001  0.19935060061074195
-0.6019301  1.022985  0.20158284086932837
-0.6019301  1.0827360000000001  0.20419380246229135
-0.6019301  1.1432090000000001  0.20327655762917468
-0.6019301  1.202952  0.2044070037074661
-0.6019301  1.263542  0.20734512072826977
-0.6019301  1.3232490000000001  0.20812160653110984
-0.6019301  1.383748  0.20763077969663557
-0.6019301  1.443433  0.20959412354208684
-0.6019301  1.503789  0.2120460090873298
-0.6618184  -0.6618184  -0.17957009999999998
-0.6618184  -0.6019301  -0.1786391690994867
-0.6618184  -0.5414266  -0.17726399393317102
-0.6618184  -0.48104009999999997  -0.17558234392036592
-0.6618184  -0.4211977  -0.17231401431094795
-0.6618184  -0.360773  -0.1713767782416886
-0.6618184  -0.30098610000000003  -0.1685087566423392
-0.6618184  -0.2405293  -0.16586162164455392
-0.6618184  -0.180808  -0.16319734669474928
-0.6618184  -0.1203181  -0.15825704489240516
-0.6618184  -0.06060252  -0.15282709816837156
-0.6618184  -9.172857e-5  -0.14496270888372675
-0.6618184  0.06038413  -0.11491669761452446
-0.6618184  0.1201007  -0.0828221018887998
-0.6618184  0.1805994  -0.03580897949808819
-0.6618184  0.24032810000000002  0.010967334613469671
-0.6618184  0.3008055  0.04823834833712338
-0.6618184  0.36057089999999997  0.07656591253656293
-0.6618184  0.4210471  0.09824906402856176
-0.6618184  0.4808693  0.11941880322161316
-0.6618184  0.5413045  0.14350148164092225
-0.6618184  0.6017396  0.16481111281528696
-0.6618184  0.661558  0.18033742356944685
-0.6618184  0.722076  0.19178541302578958
-0.6618184  0.7818239  0.19613829937703842
-0.6618184  0.8423139  0.19626973857267518
-0.6618184  0.9020751  0.19825738834917878
-0.6618184  0.9625343000000001  0.2012649780152741
-0.6618184  1.022985  0.20125645441092266
-0.6618184  1.0827360000000001  0.20072683667272137
-0.6618184  1.1432090000000001  0.20407641921692424
-0.6618184  1.202952  0.2063621122199652
-0.6618184  1.263542  0.20631092278319704
-0.6618184  1.3232490000000001  0.2069914675558515
-0.6618184  1.383748  0.20934095481725978
-0.6618184  1.443433  0.21052374817211184
-0.6618184  1.503789  0.21078664107457037
-0.7223237  -0.7223237  -0.1868185
-0.7223237  -0.6618184  -0.18602396645890348
-0.7223237  -0.6019301  -0.18448543950351312
-0.7223237  -0.5414266  -0.18237663107961938
-0.7223237  -0.48104009999999997  -0.1809573121729181
-0.7223237  -0.4211977  -0.17943869462736226
-0.7223237  -0.360773  -0.17698976286194254
-0.7223237  -0.30098610000000003  -0.17626693340247884
-0.7223237  -0.2405293  -0.17336401583133684
-0.7223237  -0.180808  -0.17027932874002286
-0.7223237  -0.1203181  -0.16886325268125063
-0.7223237  -0.06060252  -0.16439189823943715
-0.7223237  -9.172857e-5  -0.15505978772457504
-0.7223237  0.06038413  -0.13302424058247703
-0.7223237  0.1201007  -0.10647417906913358
-0.7223237  0.1805994  -0.04609581460189183
-0.7223237  0.24032810000000002  0.015196902110792717
-0.7223237  0.3008055  0.050431922734087475
-0.7223237  0.36057089999999997  0.07773189926825136
-0.7223237  0.4210471  0.10161033150594422
-0.7223237  0.4808693  0.12148205695299566
-0.7223237  0.5413045  0.14231052883307826
-0.7223237  0.6017396  0.1654381155664368
-0.7223237  0.661558  0.18250208377306076
-0.7223237  0.722076  0.1898315794990851
-0.7223237  0.7818239  0.1949437991513617
-0.7223237  0.8423139  0.19790270142140604
-0.7223237  0.9020751  0.19777497107959124
-0.7223237  0.9625343000000001  0.19893269473416086
-0.7223237  1.022985  0.20280070153201596
-0.7223237  1.0827360000000001  0.2029914790674642
-0.7223237  1.1432090000000001  0.2022494147357963
-0.7223237  1.202952  0.2052998998206022
-0.7223237  1.263542  0.2074859056461374
-0.7223237  1.3232490000000001  0.20691776966324738
-0.7223237  1.383748  0.2079083768970084
-0.7223237  1.443433  0.2111380252532539
-0.7223237  1.503789  0.21103462388584163
-0.7821131  -0.7821131  -0.1901117
-0.7821131  -0.7223237  -0.18894007980339467
-0.7821131  -0.6618184  -0.1873261424801536
-0.7821131  -0.6019301  -0.1858478996225344
-0.7821131  -0.5414266  -0.1848580557839655
-0.7821131  -0.48104009999999997  -0.18271917415754885
-0.7821131  -0.4211977  -0.18084956763323773
-0.7821131  -0.360773  -0.17995883692472273
-0.7821131  -0.30098610000000003  -0.1778958986007814
-0.7821131  -0.2405293  -0.17479078931008563
-0.7821131  -0.180808  -0.1736742698449289
-0.7821131  -0.1203181  -0.17167181624845024
-0.7821131  -0.06060252  -0.1670443545598706
-0.7821131  -9.172857e-5  -0.1630393407382218
-0.7821131  0.06038413  -0.14220434642551655
-0.7821131  0.1201007  -0.11953057113342773
-0.7821131  0.1805994  -0.054436470766593886
-0.7821131  0.24032810000000002  0.015146637322003623
-0.7821131  0.3008055  0.05240248975263013
-0.7821131  0.36057089999999997  0.08053406392514104
-0.7821131  0.4210471  0.10266173890045692
-0.7821131  0.4808693  0.12242665035912827
-0.7821131  0.5413045  0.14428429524579975
-0.7821131  0.6017396  0.16627585184028718
-0.7821131  0.661558  0.18057050226070595
-0.7821131  0.722076  0.19059027891570102
-0.7821131  0.7818239  0.19640527704669009
-0.7821131  0.8423139  0.1970841385643855
-0.7821131  0.9020751  0.1974928315292721
-0.7821131  0.9625343000000001  0.2011955567465052
-0.7821131  1.022985  0.20270582560736602
-0.7821131  1.0827360000000001  0.20122096182759366
-0.7821131  1.1432090000000001  0.20394075743186324
-0.7821131  1.202952  0.20653598729585332
-0.7821131  1.263542  0.2063185174311321
-0.7821131  1.3232490000000001  0.2067224982470618
-0.7821131  1.383748  0.20983507730278267
-0.7821131  1.443433  0.2109944480672906
-0.7821131  1.503789  0.2108347341273841
-0.8425897999999999  -0.8425897999999999  -0.1921273
-0.8425897999999999  -0.7821131  -0.19092289394632025
-0.8425897999999999  -0.7223237  -0.1892679543340803
-0.8425897999999999  -0.6618184  -0.18837429002801007
-0.8425897999999999  -0.6019301  -0.1865028010272467
-0.8425897999999999  -0.5414266  -0.18495662915295474
-0.8425897999999999  -0.48104009999999997  -0.1837884161512671
-0.8425897999999999  -0.4211977  -0.18132445283293874
-0.8425897999999999  -0.360773  -0.1795182032716487
-0.8425897999999999  -0.30098610000000003  -0.1786355066476779
-0.8425897999999999  -0.2405293  -0.17588552081814848
-0.8425897999999999  -0.180808  -0.1730465922224246
-0.8425897999999999  -0.1203181  -0.17187723142208566
-0.8425897999999999  -0.06060252  -0.16879698224432427
-0.8425897999999999  -9.172857e-5  -0.16353584975098784
-0.8425897999999999  0.06038413  -0.14473853390446942
-0.8425897999999999  0.1201007  -0.13285625193119188
-0.8425897999999999  0.1805994  -0.05540739141256967
-0.8425897999999999  0.24032810000000002  0.018486719664524424
-0.8425897999999999  0.3008055  0.05280947524451579
-0.8425897999999999  0.36057089999999997  0.08028421775124801
-0.8425897999999999  0.4210471  0.10454611655461578
-0.8425897999999999  0.4808693  0.12274614202789373
-0.8425897999999999  0.5413045  0.14367446634388117
-0.8425897999999999  0.6017396  0.16597920887005585
-0.8425897999999999  0.661558  0.18134328780517098
-0.8425897999999999  0.722076  0.19010427710168248
-0.8425897999999999  0.7818239  0.19599168852762033
-0.8425897999999999  0.8423139  0.19799356220011963
-0.8425897999999999  0.9020751  0.19738284055392086
-0.8425897999999999  0.9625343000000001  0.20041676734793235
-0.8425897999999999  1.022985  0.20213714157151488
-0.8425897999999999  1.0827360000000001  0.201177126955758
-0.8425897999999999  1.1432090000000001  0.20334549721788475
-0.8425897999999999  1.202952  0.20615837038230866
-0.8425897999999999  1.263542  0.20677712232396392
-0.8425897999999999  1.3232490000000001  0.206375781649929
-0.8425897999999999  1.383748  0.20876377571910187
-0.8425897999999999  1.443433  0.21115635997235344
-0.8425897999999999  1.503789  0.2116105533871138
-0.902366  -0.902366  -0.1933518
-0.902366  -0.8425897999999999  -0.1919906242716157
-0.902366  -0.7821131  -0.1908083450855489
-0.902366  -0.7223237  -0.18967268341702045
-0.902366  -0.6618184  -0.1877042299284846
-0.902366  -0.6019301  -0.18681709941379443
-0.902366  -0.5414266  -0.18477926261513403
-0.902366  -0.48104009999999997  -0.18321491110680316
-0.902366  -0.4211977  -0.18233809644894186
-0.902366  -0.360773  -0.17999032643466223
-0.902366  -0.30098610000000003  -0.1773491858404866
-0.902366  -0.2405293  -0.17667280144695097
-0.902366  -0.180808  -0.1745079550224744
-0.902366  -0.1203181  -0.17029135259737874
-0.902366  -0.06060252  -0.1690886747282585
-0.902366  -9.172857e-5  -0.1645257361188175
-0.902366  0.06038413  -0.1441661858567177
-0.902366  0.1201007  -0.13707622288856944
-0.902366  0.1805994  -0.07309026471099588
-0.902366  0.24032810000000002  0.020726070641417675
-0.902366  0.3008055  0.05619898634624179
-0.902366  0.36057089999999997  0.08160120489506471
-0.902366  0.4210471  0.10197856281327584
-0.902366  0.4808693  0.12401309497616711
-0.902366  0.5413045  0.14494128746327428
-0.902366  0.6017396  0.16428460466132272
-0.902366  0.661558  0.18147939925698742
-0.902366  0.722076  0.19237864310081096
-0.902366  0.7818239  0.19388162991243055
-0.902366  0.8423139  0.1962125750258902
-0.902366  0.9020751  0.19948136779622067
-0.902366  0.9625343000000001  0.19958925358853427
-0.902366  1.022985  0.20015722157059257
-0.902366  1.0827360000000001  0.2031707518517608
-0.902366  1.1432090000000001  0.20484058513613113
-0.902366  1.202952  0.20464317102301297
-0.902366  1.263542  0.20525470942349372
-0.902366  1.3232490000000001  0.20877479865262716
-0.902366  1.383748  0.20964315297195862
-0.902366  1.443433  0.2088389945336505
-0.902366  1.503789  0.21089334167124787
-0.962856  -0.962856  -0.1950877
-0.962856  -0.902366  -0.19365124331827588
-0.962856  -0.8425897999999999  -0.1923839851099186
-0.962856  -0.7821131  -0.1910639563055054
-0.962856  -0.7223237  -0.19010920293982486
-0.962856  -0.6618184  -0.18768136837410826
-0.962856  -0.6019301  -0.18710320647941414
-0.962856  -0.5414266  -0.18520518711824033
-0.962856  -0.48104009999999997  -0.1827984954448208
-0.962856  -0.4211977  -0.1821161513338125
-0.962856  -0.360773  -0.18073451312605024
-0.962856  -0.30098610000000003  -0.1773486704525581
-0.962856  -0.2405293  -0.17676019810391458
-0.962856  -0.180808  -0.17527368631431678
-0.962856  -0.1203181  -0.17063133274918885
-0.962856  -0.06060252  -0.16880078692739267
-0.962856  -9.172857e-5  -0.16561679931341727
-0.962856  0.06038413  -0.14597039742117057
-0.962856  0.1201007  -0.13443055411554472
-0.962856  0.1805994  -0.08358625068205823
-0.962856  0.24032810000000002  0.019736716125999313
-0.962856  0.3008055  0.056114471098937996
-0.962856  0.36057089999999997  0.08181384042197275
-0.962856  0.4210471  0.10241184406402656
-0.962856  0.4808693  0.12375178434409925
-0.962856  0.5413045  0.14584881011348436
-0.962856  0.6017396  0.16430895496990858
-0.962856  0.661558  0.18070865626869015
-0.962856  0.722076  0.1925105128906026
-0.962856  0.7818239  0.1951021464164556
-0.962856  0.8423139  0.19530200274174436
-0.962856  0.9020751  0.19893988885862046
-0.962856  0.9625343000000001  0.2004287795473758
-0.962856  1.022985  0.20018303148486943
-0.962856  1.0827360000000001  0.20308497398888464
-0.962856  1.1432090000000001  0.20491983042896622
-0.962856  1.202952  0.20402405152957698
-0.962856  1.263542  0.20548185551148443
-0.962856  1.3232490000000001  0.2090639886607483
-0.962856  1.383748  0.2099303024372708
-0.962856  1.443433  0.20897067546487091
-0.962856  1.503789  0.21118772366290905
-1.023321  -1.023321  -0.1963899
-1.023321  -0.962856  -0.19517810127595547
-1.023321  -0.902366  -0.19381717323093683
-1.023321  -0.8425897999999999  -0.19262101562709918
-1.023321  -0.7821131  -0.19113400177910825
-1.023321  -0.7223237  -0.19008535948022443
-1.023321  -0.6618184  -0.18811472020560216
-1.023321  -0.6019301  -0.18640655326811623
-1.023321  -0.5414266  -0.18576036661104853
-1.023321  -0.48104009999999997  -0.1837147615190107
-1.023321  -0.4211977  -0.1813186590773165
-1.023321  -0.360773  -0.18064201471998162
-1.023321  -0.30098610000000003  -0.17894971323028913
-1.023321  -0.2405293  -0.17566589099750887
-1.023321  -0.180808  -0.17462397189213355
-1.023321  -0.1203181  -0.17276625170597953
-1.023321  -0.06060252  -0.16880086024482044
-1.023321  -9.172857e-5  -0.1656433450207697
-1.023321  0.06038413  -0.14771162224564588
-1.023321  0.1201007  -0.13914191072273563
-1.023321  0.1805994  -0.06462780880014653
-1.023321  0.24032810000000002  0.01772329573437626
-1.023321  0.3008055  0.0532185502042587
-1.023321  0.36057089999999997  0.08145491602466043
-1.023321  0.4210471  0.1039442754970629
-1.023321  0.4808693  0.12233604803416535
-1.023321  0.5413045  0.14397081518846944
-1.023321  0.6017396  0.16606065983768545
-1.023321  0.661558  0.18034922287312433
-1.023321  0.722076  0.19014382156369725
-1.023321  0.7818239  0.19613603581637162
-1.023321  0.8423139  0.19695078280029432
-1.023321  0.9020751  0.19694148839249465
-1.023321  0.9625343000000001  0.2002177130408674
-1.023321  1.022985  0.2023392326501356
-1.023321  1.0827360000000001  0.20236616898182055
-1.023321  1.1432090000000001  0.20295761367587278
-1.023321  1.202952  0.20625997184137118
-1.023321  1.263542  0.20729058691944527
-1.023321  1.3232490000000001  0.20659256228801118
-1.023321  1.383748  0.20819794228890307
-1.023321  1.443433  0.21091490566654075
-1.023321  1.503789  0.2112714943810381
-1.083067  -1.083067  -0.1979248
-1.083067  -1.023321  -0.19615610892911733
-1.083067  -0.962856  -0.19530891834581995
-1.083067  -0.902366  -0.1934771940123463
-1.083067  -0.8425897999999999  -0.19250062711134383
-1.083067  -0.7821131  -0.19144143792399898
-1.083067  -0.7223237  -0.1898687628539589
-1.083067  -0.6618184  -0.18808413783858358
-1.083067  -0.6019301  -0.18739439294001778
-1.083067  -0.5414266  -0.18490774943301155
-1.083067  -0.48104009999999997  -0.18349816581105505
-1.083067  -0.4211977  -0.18291043785929306
-1.083067  -0.360773  -0.1803675875193748
-1.083067  -0.30098610000000003  -0.1780018439156433
-1.083067  -0.2405293  -0.1771501749905509
-1.083067  -0.180808  -0.17483790247023082
-1.083067  -0.1203181  -0.1713556430737662
-1.083067  -0.06060252  -0.16929414155345532
-1.083067  -9.172857e-5  -0.16631924142696738
-1.083067  0.06038413  -0.1464132858736687
-1.083067  0.1201007  -0.14062874639597933
-1.083067  0.1805994  -0.07373969082148116
-1.083067  0.24032810000000002  0.019782211779878635
-1.083067  0.3008055  0.05517782800343969
-1.083067  0.36057089999999997  0.08240797347599652
-1.083067  0.4210471  0.10196520458010497
-1.083067  0.4808693  0.12266571654674757
-1.083067  0.5413045  0.1454013092148243
-1.083067  0.6017396  0.1647540459356448
-1.083067  0.661558  0.18032435522310458
-1.083067  0.722076  0.19178553223569272
-1.083067  0.7818239  0.19518962712242158
-1.083067  0.8423139  0.19570697027682163
-1.083067  0.9020751  0.19825073663751983
-1.083067  0.9625343000000001  0.20119350381027867
-1.083067  1.022985  0.20098787284117026
-1.083067  1.0827360000000001  0.20166162772255336
-1.083067  1.1432090000000001  0.20439040633906377
-1.083067  1.202952  0.20632078500880321
-1.083067  1.263542  0.2055613815795915
-1.083067  1.3232490000000001  0.2067541526501572
-1.083067  1.383748  0.20990964767930712
-1.083067  1.443433  0.21081012477812033
-1.083067  1.503789  0.21000464583380535
-1.143553  -1.143553  -0.1987268
-1.143553  -1.083067  -0.19762074346534184
-1.143553  -1.023321  -0.19674528149736653
-1.143553  -0.962856  -0.19470266242442877
-1.143553  -0.902366  -0.19389755081570245
-1.143553  -0.8425897999999999  -0.19271133958056544
-1.143553  -0.7821131  -0.19061982697083246
-1.143553  -0.7223237  -0.19008733186782026
-1.143553  -0.6618184  -0.18852934114363937
-1.143553  -0.6019301  -0.18631737930730688
-1.143553  -0.5414266  -0.18549012715043345
-1.143553  -0.48104009999999997  -0.1845985053494123
-1.143553  -0.4211977  -0.18160522833507933
-1.143553  -0.360773  -0.1801035954580762
-1.143553  -0.30098610000000003  -0.1792191801983949
-1.143553  -0.2405293  -0.17559670338037736
-1.143553  -0.180808  -0.17356745309647229
-1.143553  -0.1203181  -0.17290288424724876
-1.143553  -0.06060252  -0.16959034963615366
-1.143553  -9.172857e-5  -0.16234514379894377
-1.143553  0.06038413  -0.14603777967194187
-1.143553  0.1201007  -0.1403556984460951
-1.143553  0.1805994  -0.09553146611475166
-1.143553  0.24032810000000002  0.024854655555983606
-1.143553  0.3008055  0.05545808060841277
-1.143553  0.36057089999999997  0.08018606842204125
-1.143553  0.4210471  0.10413816491312172
-1.143553  0.4808693  0.12419993244051576
-1.143553  0.5413045  0.14342943353656443
-1.143553  0.6017396  0.16568195942859493
-1.143553  0.661558  0.18178669982162832
-1.143553  0.722076  0.18977656524767128
-1.143553  0.7818239  0.19472375211730233
-1.143553  0.8423139  0.1984693363939233
-1.143553  0.9020751  0.19843982524201625
-1.143553  0.9625343000000001  0.19941136672383894
-1.143553  1.022985  0.20289764618929584
-1.143553  1.0827360000000001  0.20358372702962674
-1.143553  1.1432090000000001  0.20311001703150353
-1.143553  1.202952  0.20434188408991216
-1.143553  1.263542  0.20770747695156494
-1.143553  1.3232490000000001  0.20854944967146663
-1.143553  1.383748  0.20721196157850805
-1.143553  1.443433  0.20918373655269998
-1.143553  1.503789  0.21160260549787727
-1.203258  -1.203258  -0.20021009999999997
-1.203258  -1.143553  -0.1990081067882473
-1.203258  -1.083067  -0.19773538528841028
-1.203258  -1.023321  -0.19683542204947646
-1.203258  -0.962856  -0.1952995214834955
-1.203258  -0.902366  -0.1936492285833859
-1.203258  -0.8425897999999999  -0.19296157941004854
-1.203258  -0.7821131  -0.19156566513166723
-1.203258  -0.7223237  -0.18923478094807578
-1.203258  -0.6618184  -0.18866077855402363
-1.203258  -0.6019301  -0.1873892635854796
-1.203258  -0.5414266  -0.18462699024633514
-1.203258  -0.48104009999999997  -0.1838326401320868
-1.203258  -0.4211977  -0.18298912137256765
-1.203258  -0.360773  -0.17983878762239497
-1.203258  -0.30098610000000003  -0.1777574501654533
-1.203258  -0.2405293  -0.17738236161573936
-1.203258  -0.180808  -0.17429483610962937
-1.203258  -0.1203181  -0.17060474130375256
-1.203258  -0.06060252  -0.16989159342525006
-1.203258  -9.172857e-5  -0.16693873968818798
-1.203258  0.06038413  -0.14547509811088288
-1.203258  0.1201007  -0.1360204910606662
-1.203258  0.1805994  -0.07997834318121413
-1.203258  0.24032810000000002  0.01873824733910004
-1.203258  0.3008055  0.05617864828700522
-1.203258  0.36057089999999997  0.0817434307050533
-1.203258  0.4210471  0.10203331717118687
-1.203258  0.4808693  0.1242123814031937
-1.203258  0.5413045  0.14591745533708714
-1.203258  0.6017396  0.1647212571547418
-1.203258  0.661558  0.1803789038179727
-1.203258  0.722076  0.1921653220680843
-1.203258  0.7818239  0.19624928812463802
-1.203258  0.8423139  0.19617283334294458
-1.203258  0.9020751  0.19885689741975293
-1.203258  0.9625343000000001  0.20185685263589523
-1.203258  1.022985  0.20159029125866834
-1.203258  1.0827360000000001  0.20135019455840186
-1.203258  1.1432090000000001  0.20470149656063494
-1.203258  1.202952  0.20649329604262917
-1.203258  1.263542  0.20658283322603954
-1.203258  1.3232490000000001  0.20604869382646393
-1.203258  1.383748  0.20919998245447677
-1.203258  1.443433  0.21147931260202243
-1.203258  1.503789  0.2106320221124755
-1.2638  -1.2638  -0.2015402
-1.2638  -1.203258  -0.2003742832134815
-1.2638  -1.143553  -0.19913620812400612
-1.2638  -1.083067  -0.19766718464466979
-1.2638  -1.023321  -0.1969001277645919
-1.2638  -0.962856  -0.19520650650861598
-1.2638  -0.902366  -0.19359736595647908
-1.2638  -0.8425897999999999  -0.19264875067802306
-1.2638  -0.7821131  -0.1917305846499505
-1.2638  -0.7223237  -0.18943380815458005
-1.2638  -0.6618184  -0.18845385810984502
-1.2638  -0.6019301  -0.18797078431013328
-1.2638  -0.5414266  -0.18536142498059474
-1.2638  -0.48104009999999997  -0.18284528755001472
-1.2638  -0.4211977  -0.18306207894115337
-1.2638  -0.360773  -0.18071012551933927
-1.2638  -0.30098610000000003  -0.17720150953284217
-1.2638  -0.2405293  -0.17618391267399613
-1.2638  -0.180808  -0.17582491768443043
-1.2638  -0.1203181  -0.17196840411796885
-1.2638  -0.06060252  -0.16830713810958647
-1.2638  -9.172857e-5  -0.16721426275425585
-1.2638  0.06038413  -0.1470878511241499
-1.2638  0.1201007  -0.1401704010196914
-1.2638  0.1805994  -0.06412178631869059
-1.2638  0.24032810000000002  0.0180181788290205
-1.2638  0.3008055  0.05355979495993273
-1.2638  0.36057089999999997  0.08158217855227907
-1.2638  0.4210471  0.10403269111121749
-1.2638  0.4808693  0.12285226899701855
-1.2638  0.5413045  0.14464340342437557
-1.2638  0.6017396  0.16654088842246537
-1.2638  0.661558  0.1810039303753718
-1.2638  0.722076  0.19005995098722803
-1.2638  0.7818239  0.196189732627473
-1.2638  0.8423139  0.19736825133621305
-1.2638  0.9020751  0.19719800794777553
-1.2638  0.9625343000000001  0.20023087673696566
-1.2638  1.022985  0.20272136894435966
-1.2638  1.0827360000000001  0.20266600967151915
-1.2638  1.1432090000000001  0.2025291324912697
-1.2638  1.202952  0.20580421399980098
-1.2638  1.263542  0.20778565485945055
-1.2638  1.3232490000000001  0.20665465506936026
-1.2638  1.383748  0.2075793045280729
-1.2638  1.443433  0.21015783733101348
-1.2638  1.503789  0.2121618999066712
-1.323526  -1.323526  -0.2027768
-1.323526  -1.2638  -0.20157441526180908
-1.323526  -1.203258  -0.2001218502311086
-1.323526  -1.143553  -0.1991023090324195
-1.323526  -1.083067  -0.1973767620485597
-1.323526  -1.023321  -0.19642103812844133
-1.323526  -0.962856  -0.19572404994932147
-1.323526  -0.902366  -0.19366215267460063
-1.323526  -0.8425897999999999  -0.19214938902172773
-1.323526  -0.7821131  -0.19202531038271162
-1.323526  -0.7223237  -0.18947372550227337
-1.323526  -0.6618184  -0.18792611734269135
-1.323526  -0.6019301  -0.18763159131248605
-1.323526  -0.5414266  -0.185721260695497
-1.323526  -0.48104009999999997  -0.18283388550982896
-1.323526  -0.4211977  -0.18228617854740956
-1.323526  -0.360773  -0.18122826865450659
-1.323526  -0.30098610000000003  -0.17791667934261282
-1.323526  -0.2405293  -0.17548694059039094
-1.323526  -0.180808  -0.17542881785233877
-1.323526  -0.1203181  -0.17210560693210436
-1.323526  -0.06060252  -0.16794781945980863
-1.323526  -9.172857e-5  -0.16425273595616952
-1.323526  0.06038413  -0.14648238427602464
-1.323526  0.1201007  -0.14099577319841397
-1.323526  0.1805994  -0.08655073452675249
-1.323526  0.24032810000000002  0.023220973848535355
-1.323526  0.3008055  0.054105579524096524
-1.323526  0.36057089999999997  0.08041943009950778
-1.323526  0.4210471  0.10418521597002542
-1.323526  0.4808693  0.12334345325384338
-1.323526  0.5413045  0.14404970026850472
-1.323526  0.6017396  0.1663281734696745
-1.323526  0.661558  0.18240707392657057
-1.323526  0.722076  0.18955724452147502
-1.323526  0.7818239  0.19452068273140288
-1.323526  0.8423139  0.19881445164465517
-1.323526  0.9020751  0.1978201515740576
-1.323526  0.9625343000000001  0.19854912658676538
-1.323526  1.022985  0.20212238850430148
-1.323526  1.0827360000000001  0.2036757803214403
-1.323526  1.1432090000000001  0.20320563062571026
-1.323526  1.202952  0.20402954544084997
-1.323526  1.263542  0.2074525567691989
-1.323526  1.3232490000000001  0.20793085323531385
-1.323526  1.383748  0.2073883168016133
-1.323526  1.443433  0.2092453581237796
-1.323526  1.503789  0.2118660760775305
-1.384018  -1.384018  -0.2040574
-1.384018  -1.323526  -0.20272437642490257
-1.384018  -1.2638  -0.2019991982546074
-1.384018  -1.203258  -0.20077027242524384
-1.384018  -1.143553  -0.19882366155655964
-1.384018  -1.083067  -0.19835558351293098
-1.384018  -1.023321  -0.1965218597894694
-1.384018  -0.962856  -0.1949481217318588
-1.384018  -0.902366  -0.19452857792938388
-1.384018  -0.8425897999999999  -0.1924158813312104
-1.384018  -0.7821131  -0.19113263552149015
-1.384018  -0.7223237  -0.19042967701766883
-1.384018  -0.6618184  -0.18894571984940187
-1.384018  -0.6019301  -0.18618488690675852
-1.384018  -0.5414266  -0.18566105700263275
-1.384018  -0.48104009999999997  -0.18445171501697274
-1.384018  -0.4211977  -0.1818578066416641
-1.384018  -0.360773  -0.17941284783895198
-1.384018  -0.30098610000000003  -0.1792055946893194
-1.384018  -0.2405293  -0.17739956376102173
-1.384018  -0.180808  -0.1735101268129461
-1.384018  -0.1203181  -0.17165879687101712
-1.384018  -0.06060252  -0.17061507302024972
-1.384018  -9.172857e-5  -0.16440278663314806
-1.384018  0.06038413  -0.1446550497666278
-1.384018  0.1201007  -0.13701647300804357
-1.384018  0.1805994  -0.09291084144855896
-1.384018  0.24032810000000002  0.022201638615024125
-1.384018  0.3008055  0.05666789737800632
-1.384018  0.36057089999999997  0.08117682039222401
-1.384018  0.4210471  0.10181143719391084
-1.384018  0.4808693  0.12357371655052841
-1.384018  0.5413045  0.14578046723940308
-1.384018  0.6017396  0.16471919578918046
-1.384018  0.661558  0.18012819881336456
-1.384018  0.722076  0.19216500205975434
-1.384018  0.7818239  0.195931867834881
-1.384018  0.8423139  0.1960607332430961
-1.384018  0.9020751  0.19796188971472028
-1.384018  0.9625343000000001  0.20077849898728722
-1.384018  1.022985  0.2025000932601035
-1.384018  1.0827360000000001  0.20191878563662866
-1.384018  1.1432090000000001  0.2024456966997914
-1.384018  1.202952  0.20494397942921336
-1.384018  1.263542  0.20742078099132114
-1.384018  1.3232490000000001  0.20704189182044844
-1.384018  1.383748  0.20711872185409358
-1.384018  1.443433  0.209856787938139
-1.384018  1.503789  0.21135665720701946
-1.443726  -1.443726  -0.20482160000000002
-1.443726  -1.384018  -0.20365105435976552
-1.443726  -1.323526  -0.20292450151483749
-1.443726  -1.2638  -0.20153883544930248
-1.443726  -1.203258  -0.2006618075555506
-1.443726  -1.143553  -0.1993532873596648
-1.443726  -1.083067  -0.19828735976393813
-1.443726  -1.023321  -0.19722475949529306
-1.443726  -0.962856  -0.19504843946863984
-1.443726  -0.902366  -0.19388764930866736
-1.443726  -0.8425897999999999  -0.19347201039227369
-1.443726  -0.7821131  -0.19163493441976792
-1.443726  -0.7223237  -0.18930054370369181
-1.443726  -0.6618184  -0.18838573298612712
-1.443726  -0.6019301  -0.18787077340682973
-1.443726  -0.5414266  -0.18486204581267682
-1.443726  -0.48104009999999997  -0.1831106876097076
-1.443726  -0.4211977  -0.1828895414335729
-1.443726  -0.360773  -0.18074063721703404
-1.443726  -0.30098610000000003  -0.17769821311242698
-1.443726  -0.2405293  -0.1769563286955008
-1.443726  -0.180808  -0.17570511604527134
-1.443726  -0.1203181  -0.1711492908152969
-1.443726  -0.06060252  -0.1681749872314333
-1.443726  -9.172857e-5  -0.1667315184122948
-1.443726  0.06038413  -0.14777505646315345
-1.443726  0.1201007  -0.13808056198119517
-1.443726  0.1805994  -0.06879439186071704
-1.443726  0.24032810000000002  0.017890837359379883
-1.443726  0.3008055  0.05357365344118288
-1.443726  0.36057089999999997  0.08104770696587657
-1.443726  0.4210471  0.10460802233489208
-1.443726  0.4808693  0.12304151002560451
-1.443726  0.5413045  0.14364810567807615
-1.443726  0.6017396  0.16584416503465127
-1.443726  0.661558  0.1830773521119478
-1.443726  0.722076  0.18926424787512197
-1.443726  0.7818239  0.19449391602574692
-1.443726  0.8423139  0.19844052679898383
-1.443726  0.9020751  0.19894868626937565
-1.443726  0.9625343000000001  0.1989520634373409
-1.443726  1.022985  0.20061431632405954
-1.443726  1.0827360000000001  0.2038375986809426
-1.443726  1.1432090000000001  0.2050053123524437
-1.443726  1.202952  0.20461816870293395
-1.443726  1.263542  0.20551214735117065
-1.443726  1.3232490000000001  0.20859946839614654
-1.443726  1.383748  0.21000022425522943
-1.443726  1.443433  0.21026949676131282
-1.443726  1.503789  0.2100539832492347
-1.504218  -1.504218  -0.20622089999999998
-1.504218  -1.443726  -0.20550818020463113
-1.504218  -1.384018  -0.20411051155735274
-1.504218  -1.323526  -0.20301013721083097
-1.504218  -1.2638  -0.20156113792792602
-1.504218  -1.203258  -0.20031100455729994
-1.504218  -1.143553  -0.19920516176757397
-1.504218  -1.083067  -0.19823287032766074
-1.504218  -1.023321  -0.19662813568927498
-1.504218  -0.962856  -0.19521005187963547
-1.504218  -0.902366  -0.19452471711482613
-1.504218  -0.8425897999999999  -0.1931806304335846
-1.504218  -0.7821131  -0.1907527219685476
-1.504218  -0.7223237  -0.18989866911002523
-1.504218  -0.6618184  -0.18863480143881234
-1.504218  -0.6019301  -0.18642887669652553
-1.504218  -0.5414266  -0.1846641302795646
-1.504218  -0.48104009999999997  -0.18465200870024323
-1.504218  -0.4211977  -0.18212628186099697
-1.504218  -0.360773  -0.1796861921381124
-1.504218  -0.30098610000000003  -0.17855976532526743
-1.504218  -0.2405293  -0.17760146323120496
-1.504218  -0.180808  -0.17398452782429172
-1.504218  -0.1203181  -0.17076398736342158
-1.504218  -0.06060252  -0.17013636178746327
-1.504218  -9.172857e-5  -0.16647214528497087
-1.504218  0.06038413  -0.14549112454792257
-1.504218  0.1201007  -0.13577472860776033
-1.504218  0.1805994  -0.06976965992639433
-1.504218  0.24032810000000002  0.016499754119718234
-1.504218  0.3008055  0.0550836016629892
-1.504218  0.36057089999999997  0.08163567843792174
-1.504218  0.4210471  0.1024804277281463
-1.504218  0.4808693  0.1228077991959571
-1.504218  0.5413045  0.14577887996474784
-1.504218  0.6017396  0.16546078016097335
-1.504218  0.661558  0.18009759106482295
-1.504218  0.722076  0.18994205595150393
-1.504218  0.7818239  0.19579900480128284
-1.504218  0.8423139  0.1967570871998865
-1.504218  0.9020751  0.19704501887090947
-1.504218  0.9625343000000001  0.20009112202712506
-1.504218  1.022985  0.20264340032916128
-1.504218  1.0827360000000001  0.2019805672636473
-1.504218  1.1432090000000001  0.20278911715992629
-1.504218  1.202952  0.20504093729186967
-1.504218  1.263542  0.20803606377822614
-1.504218  1.3232490000000001  0.2081927789015931
-1.504218  1.383748  0.2074055749624108
-1.504218  1.443433  0.20951112168381625
-1.504218  1.503789  0.21147778718845606
