1.503789  1.503789  0.21101109999999998

1.443433  1.443433  0.20954689999999998
1.443433  1.503789  0.21101109999999998

1.383748  1.383748  0.2085419
1.383748  1.443433  0.21025110496949462
1.383748  1.503789  0.2108423311138019

1.3232490000000001  1.3232490000000001  0.20748790000000003
1.3232490000000001  1.383748  0.20818259961432628
1.3232490000000001  1.443433  0.20996775246272606
1.3232490000000001  1.503789  0.21087050771123217

1.263542  1.263542  0.20639822925606557
1.263542  1.3232490000000001  0.20744211007754082
1.263542  1.383748  0.20886141938233088
1.263542  1.443433  0.2094819475475817
1.263542  1.503789  0.21063790723700532

1.202952  1.202952  0.20493678981382843
1.202952  1.263542  0.20620038026107476
1.202952  1.3232490000000001  0.20782725224285056
1.202952  1.383748  0.20815243474784823
1.202952  1.443433  0.2094888006307185
1.202952  1.503789  0.21087807718100324

1.1432090000000001  1.1432090000000001  0.20388634174916892
1.1432090000000001  1.202952  0.20455004516276953
1.1432090000000001  1.263542  0.20615186583537876
1.1432090000000001  1.3232490000000001  0.2075957304589517
1.1432090000000001  1.383748  0.20814258257532006
1.1432090000000001  1.443433  0.20974725005888853
1.1432090000000001  1.503789  0.2102966349559546

1.0827360000000001  1.0827360000000001  0.20218887940023117
1.0827360000000001  1.1432090000000001  0.20408967448604376
1.0827360000000001  1.202952  0.20479601044919515
1.0827360000000001  1.263542  0.20581465930598541
1.0827360000000001  1.3232490000000001  0.20749876171670337
1.0827360000000001  1.383748  0.20768144779537995
1.0827360000000001  1.443433  0.20950242789655207
1.0827360000000001  1.503789  0.21140865545181411

1.022985  1.022985  0.201251900731901
1.022985  1.0827360000000001  0.20218455684938344
1.022985  1.1432090000000001  0.20388884682413821
1.022985  1.202952  0.20505416001969318
1.022985  1.263542  0.2058024835601837
1.022985  1.3232490000000001  0.20814062094378144
1.022985  1.383748  0.20803834130303978
1.022985  1.443433  0.2087538431449529
1.022985  1.503789  0.21113988809113562

0.9625343000000001  0.9625343000000001  0.19967895817619616
0.9625343000000001  1.022985  0.200767430623247
0.9625343000000001  1.0827360000000001  0.20211363141506178
0.9625343000000001  1.1432090000000001  0.20344211595884681
0.9625343000000001  1.202952  0.20431925247879484
0.9625343000000001  1.263542  0.20643716275389937
0.9625343000000001  1.3232490000000001  0.2069961502623951
0.9625343000000001  1.383748  0.20787006819142373
0.9625343000000001  1.443433  0.21017977478116523
0.9625343000000001  1.503789  0.21032660890490276

0.9020751  0.9020751  0.19806591297072657
0.9020751  0.9625343000000001  0.1993382743065255
0.9020751  1.022985  0.20110665804017822
0.9020751  1.0827360000000001  0.20211541375277947
0.9020751  1.1432090000000001  0.20300314701575453
0.9020751  1.202952  0.2050957005513967
0.9020751  1.263542  0.20552727480823707
0.9020751  1.3232490000000001  0.20646560750239248
0.9020751  1.383748  0.2093347838387673
0.9020751  1.443433  0.20904549140156176
0.9020751  1.503789  0.2102143168616907

0.8423139  0.8423139  0.19701713736558898
0.8423139  0.9020751  0.1984257777639707
0.8423139  0.9625343000000001  0.19955363783946972
0.8423139  1.022985  0.20033017976747436
0.8423139  1.0827360000000001  0.20255242167997017
0.8423139  1.1432090000000001  0.2032974006197657
0.8423139  1.202952  0.20425241986434256
0.8423139  1.263542  0.20629065422022577
0.8423139  1.3232490000000001  0.20651811988438898
0.8423139  1.383748  0.2081051351442703
0.8423139  1.443433  0.20999895836537158
0.8423139  1.503789  0.21037190260251654

0.7818239  0.7818239  0.19576320771704242
0.7818239  0.8423139  0.1969009991068174
0.7818239  0.9020751  0.1989140883335797
0.7818239  0.9625343000000001  0.19881764721382805
0.7818239  1.022985  0.20137760215737258
0.7818239  1.0827360000000001  0.20189373802402805
0.7818239  1.1432090000000001  0.2026834961591732
0.7818239  1.202952  0.20532818384891457
0.7818239  1.263542  0.20544942338502706
0.7818239  1.3232490000000001  0.2069173734401905
0.7818239  1.383748  0.2089272851654917
0.7818239  1.443433  0.2090737852117701
0.7818239  1.503789  0.21013710540595815

0.722076  0.722076  0.19447751857459902
0.722076  0.7818239  0.19569822666584463
0.722076  0.8423139  0.1971010562821795
0.722076  0.9020751  0.19724189470470493
0.722076  0.9625343000000001  0.19992239556604183
0.722076  1.022985  0.20086023106082362
0.722076  1.0827360000000001  0.20142433507133278
0.722076  1.1432090000000001  0.20386246145217848
0.722076  1.202952  0.20453065183931968
0.722076  1.263542  0.20558681487698027
0.722076  1.3232490000000001  0.20778833177363054
0.722076  1.383748  0.2075794172517635
0.722076  1.443433  0.2087869304941115
0.722076  1.503789  0.21104114193460619

0.661558  0.661558  0.19264757221212445
0.661558  0.722076  0.19394018480430783
0.661558  0.7818239  0.19580022720150897
0.661558  0.8423139  0.19641707026162003
0.661558  0.9020751  0.19859365226206427
0.661558  0.9625343000000001  0.1996587307895988
0.661558  1.022985  0.20025925192072347
0.661558  1.0827360000000001  0.20276939984103967
0.661558  1.1432090000000001  0.2037090603432175
0.661558  1.202952  0.20421017043207024
0.661558  1.263542  0.20677760385645522
0.661558  1.3232490000000001  0.20695766377582236
0.661558  1.383748  0.20735790464204035
0.661558  1.443433  0.21058552956346355
0.661558  1.503789  0.21065208250883372

0.6017396  0.6017396  0.19107199310649936
0.6017396  0.661558  0.1928111793610267
0.6017396  0.722076  0.19390706721221485
0.6017396  0.7818239  0.19607021829194754
0.6017396  0.8423139  0.1968194910688954
0.6017396  0.9020751  0.19815074168525443
0.6017396  0.9625343000000001  0.20006427399291932
0.6017396  1.022985  0.20006176158088254
0.6017396  1.0827360000000001  0.20212986729587962
0.6017396  1.1432090000000001  0.20429466783187727
0.6017396  1.202952  0.20373094941843564
0.6017396  1.263542  0.20605252920509784
0.6017396  1.3232490000000001  0.20834583649188393
0.6017396  1.383748  0.20780990402206992
0.6017396  1.443433  0.20919257237552025
0.6017396  1.503789  0.21114459191977927

0.5413045  0.5413045  0.1896483014857918
0.5413045  0.6017396  0.1911443253266833
0.5413045  0.661558  0.19289955226813646
0.5413045  0.722076  0.19437992549841832
0.5413045  0.7818239  0.19543664566532862
0.5413045  0.8423139  0.19760199565285247
0.5413045  0.9020751  0.1975895706381268
0.5413045  0.9625343000000001  0.19982230223681252
0.5413045  1.022985  0.20126339384380817
0.5413045  1.0827360000000001  0.2011980120271576
0.5413045  1.1432090000000001  0.20371609332749332
0.5413045  1.202952  0.2052122766213646
0.5413045  1.263542  0.20514860634166324
0.5413045  1.3232490000000001  0.20766237853971287
0.5413045  1.383748  0.20953186577850955
0.5413045  1.443433  0.20862592838146576
0.5413045  1.503789  0.21052860659276518

0.4808693  0.4808693  0.18831958390264483
0.4808693  0.5413045  0.189877151351936
0.4808693  0.6017396  0.191414491758233
0.4808693  0.661558  0.19204258275769626
0.4808693  0.722076  0.19534084479274905
0.4808693  0.7818239  0.1948987765033838
0.4808693  0.8423139  0.19732717608846329
0.4808693  0.9020751  0.19876821914582254
0.4808693  0.9625343000000001  0.19929749919978662
0.4808693  1.022985  0.20155296259000371
0.4808693  1.0827360000000001  0.20277142687419852
0.4808693  1.1432090000000001  0.20310680882372723
0.4808693  1.202952  0.20483141001505498
0.4808693  1.263542  0.20670922791919039
0.4808693  1.3232490000000001  0.20665576784427372
0.4808693  1.383748  0.20837791409081788
0.4808693  1.443433  0.210696635932806
0.4808693  1.503789  0.21034896642809417

0.4210471  0.4210471  0.18661424231856105
0.4210471  0.4808693  0.18799876951222774
0.4210471  0.5413045  0.18978342940419107
0.4210471  0.6017396  0.19178077395176804
0.4210471  0.661558  0.19185691215374512
0.4210471  0.722076  0.19498258237111882
0.4210471  0.7818239  0.19509528545059834
0.4210471  0.8423139  0.1971489330483137
0.4210471  0.9020751  0.19893255795582418
0.4210471  0.9625343000000001  0.19902727267650006
0.4210471  1.022985  0.20108979891705717
0.4210471  1.0827360000000001  0.20282386716395054
0.4210471  1.1432090000000001  0.2028457559221672
0.4210471  1.202952  0.20469149865773345
0.4210471  1.263542  0.2069227394382391
0.4210471  1.3232490000000001  0.20683011685972508
0.4210471  1.383748  0.20784488780675792
0.4210471  1.443433  0.210634115665949
0.4210471  1.503789  0.21063802571514573

0.36057089999999997  0.36057089999999997  0.18471737707844169
0.36057089999999997  0.4210471  0.18675613146632974
0.36057089999999997  0.4808693  0.18836575948603168
0.36057089999999997  0.5413045  0.1893592665857523
0.36057089999999997  0.6017396  0.19178728802829648
0.36057089999999997  0.661558  0.19220239555197396
0.36057089999999997  0.722076  0.19438147060398198
0.36057089999999997  0.7818239  0.1957014908473772
0.36057089999999997  0.8423139  0.19650133337836365
0.36057089999999997  0.9020751  0.19902569567635287
0.36057089999999997  0.9625343000000001  0.19979156755646438
0.36057089999999997  1.022985  0.20004994404181986
0.36057089999999997  1.0827360000000001  0.2029425672788855
0.36057089999999997  1.1432090000000001  0.20388196796639768
0.36057089999999997  1.202952  0.2036869142078678
0.36057089999999997  1.263542  0.20690598892382922
0.36057089999999997  1.3232490000000001  0.20775429693424485
0.36057089999999997  1.383748  0.2069893902572849
0.36057089999999997  1.443433  0.20967325979147883
0.36057089999999997  1.503789  0.21102732372298572

0.3008055  0.3008055  0.1831500202248773
0.3008055  0.36057089999999997  0.18457384327855272
0.3008055  0.4210471  0.18656687178677966
0.3008055  0.4808693  0.18814579061207298
0.3008055  0.5413045  0.18930380700736674
0.3008055  0.6017396  0.19185302379632363
0.3008055  0.661558  0.19190839650762387
0.3008055  0.722076  0.19496434305714594
0.3008055  0.7818239  0.19596426855944177
0.3008055  0.8423139  0.1967878152557196
0.3008055  0.9020751  0.19935600188417293
0.3008055  0.9625343000000001  0.19982219716945107
0.3008055  1.022985  0.20053890892993415
0.3008055  1.0827360000000001  0.20328690231629387
0.3008055  1.1432090000000001  0.20358193416962186
0.3008055  1.202952  0.20391203462089952
0.3008055  1.263542  0.20719415870010677
0.3008055  1.3232490000000001  0.20669965150199443
0.3008055  1.383748  0.20794077625091553
0.3008055  1.443433  0.21043811488953984
0.3008055  1.503789  0.210415747427885

0.24032810000000002  0.24032810000000002  0.18126369874823303
0.24032810000000002  0.3008055  0.1833270916610624
0.24032810000000002  0.36057089999999997  0.18464979151355837
0.24032810000000002  0.4210471  0.18683557199048284
0.24032810000000002  0.4808693  0.18776674941263855
0.24032810000000002  0.5413045  0.19040961355052372
0.24032810000000002  0.6017396  0.19137198811673498
0.24032810000000002  0.661558  0.19232231970256378
0.24032810000000002  0.722076  0.195158724583374
0.24032810000000002  0.7818239  0.19523642972819058
0.24032810000000002  0.8423139  0.19659602233814477
0.24032810000000002  0.9020751  0.19931970226698847
0.24032810000000002  0.9625343000000001  0.1994540071654777
0.24032810000000002  1.022985  0.2008274719831849
0.24032810000000002  1.0827360000000001  0.20350430213079315
0.24032810000000002  1.1432090000000001  0.20329949280083337
0.24032810000000002  1.202952  0.20442697354174968
0.24032810000000002  1.263542  0.20757095848672735
0.24032810000000002  1.3232490000000001  0.20698009469097453
0.24032810000000002  1.383748  0.20796252158644485
0.24032810000000002  1.443433  0.21037113816529107
0.24032810000000002  1.503789  0.21127781495310122

0.1805994  0.1805994  0.17915570523115162
0.1805994  0.24032810000000002  0.1813991477431717
0.1805994  0.3008055  0.1825848756881422
0.1805994  0.36057089999999997  0.18530479372404768
0.1805994  0.4210471  0.1862718991044279
0.1805994  0.4808693  0.1880103359598408
0.1805994  0.5413045  0.19025210973875756
0.1805994  0.6017396  0.19086961732387592
0.1805994  0.661558  0.19337903005789894
0.1805994  0.722076  0.19426783763803251
0.1805994  0.7818239  0.1948721241101057
0.1805994  0.8423139  0.19796598946436608
0.1805994  0.9020751  0.19929502206576882
0.1805994  0.9625343000000001  0.19904774669287167
0.1805994  1.022985  0.2014901089451124
0.1805994  1.0827360000000001  0.20347818708731855
0.1805994  1.1432090000000001  0.2030108276713635
0.1805994  1.202952  0.2048073415987307
0.1805994  1.263542  0.2074300278877688
0.1805994  1.3232490000000001  0.20719537434432184
0.1805994  1.383748  0.20792786560507043
0.1805994  1.443433  0.21106618223770435
0.1805994  1.503789  0.21102420827523916

0.1201007  0.1201007  0.17681030359804978
0.1201007  0.1805994  0.1790621284186477
0.1201007  0.24032810000000002  0.18079275686649643
0.1201007  0.3008055  0.18170124217037112
0.1201007  0.36057089999999997  0.18524786230534657
0.1201007  0.4210471  0.1857298386975368
0.1201007  0.4808693  0.1884890999904945
0.1201007  0.5413045  0.19029604287754445
0.1201007  0.6017396  0.1909376025128861
0.1201007  0.661558  0.1936033328298664
0.1201007  0.722076  0.1939535549138014
0.1201007  0.7818239  0.19491614458765674
0.1201007  0.8423139  0.19799446166166654
0.1201007  0.9020751  0.19877136640376064
0.1201007  0.9625343000000001  0.1991257144206352
0.1201007  1.022985  0.20153239611318804
0.1201007  1.0827360000000001  0.2034065438900554
0.1201007  1.1432090000000001  0.2037157225133021
0.1201007  1.202952  0.20427772547111794
0.1201007  1.263542  0.20710828326379543
0.1201007  1.3232490000000001  0.2086148118697511
0.1201007  1.383748  0.2073880519793219
0.1201007  1.443433  0.2103291089886341
0.1201007  1.503789  0.21093495639544452

0.06038413  0.06038413  0.1745946996761734
0.06038413  0.1201007  0.17647453416089182
0.06038413  0.1805994  0.17850147181920217
0.06038413  0.24032810000000002  0.18065899831694104
0.06038413  0.3008055  0.182947809798421
0.06038413  0.36057089999999997  0.1838470771676325
0.06038413  0.4210471  0.18646318136091725
0.06038413  0.4808693  0.18818561238873902
0.06038413  0.5413045  0.1887308995727878
0.06038413  0.6017396  0.1919198960624955
0.06038413  0.661558  0.19293392616584681
0.06038413  0.722076  0.19392146092888116
0.06038413  0.7818239  0.19680948738377585
0.06038413  0.8423139  0.1976816683287051
0.06038413  0.9020751  0.19802246297496298
0.06038413  0.9625343000000001  0.2006076476876893
0.06038413  1.022985  0.2017986647717479
0.06038413  1.0827360000000001  0.20127039557139045
0.06038413  1.1432090000000001  0.20396188993887937
0.06038413  1.202952  0.20645313506518634
0.06038413  1.263542  0.20561279769406365
0.06038413  1.3232490000000001  0.2070887221151232
0.06038413  1.383748  0.20999293758493626
0.06038413  1.443433  0.21011387528105807
0.06038413  1.503789  0.21068139834513963

-9.172857e-5  -9.172857e-5  0.17054089995609886
-9.172857e-5  0.06038413  0.17320603422905073
-9.172857e-5  0.1201007  0.17652909569709893
-9.172857e-5  0.1805994  0.1772335300605899
-9.172857e-5  0.24032810000000002  0.18045335917869015
-9.172857e-5  0.3008055  0.1824200107756461
-9.172857e-5  0.36057089999999997  0.18345440774338767
-9.172857e-5  0.4210471  0.1870502924219092
-9.172857e-5  0.4808693  0.1879801758496643
-9.172857e-5  0.5413045  0.18902515869433525
-9.172857e-5  0.6017396  0.1920772266582848
-9.172857e-5  0.661558  0.19269670362110422
-9.172857e-5  0.722076  0.19380569302195602
-9.172857e-5  0.7818239  0.19656522970386242
-9.172857e-5  0.8423139  0.19704475516263464
-9.172857e-5  0.9020751  0.1978055918438973
-9.172857e-5  0.9625343000000001  0.20092343915454325
-9.172857e-5  1.022985  0.20181209276942436
-9.172857e-5  1.0827360000000001  0.20169472014978673
-9.172857e-5  1.1432090000000001  0.20432864848842613
-9.172857e-5  1.202952  0.20581025506915712
-9.172857e-5  1.263542  0.2051545896748695
-9.172857e-5  1.3232490000000001  0.2070400887720832
-9.172857e-5  1.383748  0.21031315535334186
-9.172857e-5  1.443433  0.21002527201786453
-9.172857e-5  1.503789  0.20977519968211156

-0.06060252  -0.06060252  0.1512461009866818
-0.06060252  -9.172857e-5  0.15680366824575123
-0.06060252  0.06038413  0.1706715320965413
-0.06060252  0.1201007  0.1751207397416504
-0.06060252  0.1805994  0.17692190950514572
-0.06060252  0.24032810000000002  0.17885859212891092
-0.06060252  0.3008055  0.1822040671667894
-0.06060252  0.36057089999999997  0.1828469200438851
-0.06060252  0.4210471  0.1852554278497774
-0.06060252  0.4808693  0.18831681663721034
-0.06060252  0.5413045  0.18894107815991285
-0.06060252  0.6017396  0.19106123085320123
-0.06060252  0.661558  0.19382106270618155
-0.06060252  0.722076  0.1940844313200407
-0.06060252  0.7818239  0.1957877209918601
-0.06060252  0.8423139  0.19840681657473933
-0.06060252  0.9020751  0.19806897851048189
-0.06060252  0.9625343000000001  0.1996913253666334
-0.06060252  1.022985  0.20303309732412683
-0.06060252  1.0827360000000001  0.202404631714179
-0.06060252  1.1432090000000001  0.2029241733828992
-0.06060252  1.202952  0.20538149401693823
-0.06060252  1.263542  0.2071865737695925
-0.06060252  1.3232490000000001  0.20625013396136044
-0.06060252  1.383748  0.20879162116442207
-0.06060252  1.443433  0.21102419796569408
-0.06060252  1.503789  0.21088553074080857

-0.1203181  -0.1203181  0.14208380004227145
-0.1203181  -0.06060252  0.1437495189654116
-0.1203181  -9.172857e-5  0.1470233117250841
-0.1203181  0.06038413  0.16517483065209376
-0.1203181  0.1201007  0.17084718955542252
-0.1203181  0.1805994  0.17385046827596412
-0.1203181  0.24032810000000002  0.17781376130771392
-0.1203181  0.3008055  0.17908950148411418
-0.1203181  0.36057089999999997  0.1817894530375118
-0.1203181  0.4210471  0.1853975986306993
-0.1203181  0.4808693  0.18630246838317258
-0.1203181  0.5413045  0.18836417810735773
-0.1203181  0.6017396  0.19183564943340486
-0.1203181  0.661558  0.19224829677343996
-0.1203181  0.722076  0.1937485222117087
-0.1203181  0.7818239  0.19710897773636782
-0.1203181  0.8423139  0.19701886515409334
-0.1203181  0.9020751  0.19767109230580052
-0.1203181  0.9625343000000001  0.20123213760999228
-0.1203181  1.022985  0.20148121183681156
-0.1203181  1.0827360000000001  0.2017413799044312
-0.1203181  1.1432090000000001  0.20469688870209538
-0.1203181  1.202952  0.20562125551272237
-0.1203181  1.263542  0.20512797341284328
-0.1203181  1.3232490000000001  0.20693492228445612
-0.1203181  1.383748  0.21032187357380538
-0.1203181  1.443433  0.2085660640772777
-0.1203181  1.503789  0.21107008325586582

-0.180808  -0.180808  0.09086647971916902
-0.180808  -0.1203181  0.07860480869077019
-0.180808  -0.06060252  0.08350026814822868
-0.180808  -9.172857e-5  0.08731688285430624
-0.180808  0.06038413  0.10662501458627226
-0.180808  0.1201007  0.11535698951845115
-0.180808  0.1805994  0.12072106580372302
-0.180808  0.24032810000000002  0.12594990950388477
-0.180808  0.3008055  0.135765194297151
-0.180808  0.36057089999999997  0.14496737657490832
-0.180808  0.4210471  0.15289592260463197
-0.180808  0.4808693  0.16340956377982838
-0.180808  0.5413045  0.17344346095376467
-0.180808  0.6017396  0.18158405953162046
-0.180808  0.661558  0.18991908693689788
-0.180808  0.722076  0.19467987323206948
-0.180808  0.7818239  0.19494727174242168
-0.180808  0.8423139  0.19707804390920936
-0.180808  0.9020751  0.19979948226391267
-0.180808  0.9625343000000001  0.19938817373183187
-0.180808  1.022985  0.20097301743476936
-0.180808  1.0827360000000001  0.20363389670487583
-0.180808  1.1432090000000001  0.20282844350939344
-0.180808  1.202952  0.2042197974866281
-0.180808  1.263542  0.208237464515177
-0.180808  1.3232490000000001  0.2074778145930392
-0.180808  1.383748  0.20785066186231105
-0.180808  1.443433  0.20989573262797045
-0.180808  1.503789  0.21270179454088695

-0.2405293  -0.2405293  -0.02087638006443099
-0.2405293  -0.180808  -0.020604069460942592
-0.2405293  -0.1203181  -0.01651652151419087
-0.2405293  -0.06060252  -0.010843329554806616
-0.2405293  -9.172857e-5  -0.005018876482319264
-0.2405293  0.06038413  0.018121611696849303
-0.2405293  0.1201007  0.029129633514882895
-0.2405293  0.1805994  0.03946301686009129
-0.2405293  0.24032810000000002  0.055553304034966375
-0.2405293  0.3008055  0.07420228794661296
-0.2405293  0.36057089999999997  0.09244973697994331
-0.2405293  0.4210471  0.11335367789772732
-0.2405293  0.4808693  0.1329020307107528
-0.2405293  0.5413045  0.15078237422300128
-0.2405293  0.6017396  0.17034847086099802
-0.2405293  0.661558  0.1860141303711594
-0.2405293  0.722076  0.19203499436335725
-0.2405293  0.7818239  0.19461323584423185
-0.2405293  0.8423139  0.1983723134558687
-0.2405293  0.9020751  0.19876861841081003
-0.2405293  0.9625343000000001  0.19893043717831627
-0.2405293  1.022985  0.2027391987505503
-0.2405293  1.0827360000000001  0.20323592082173716
-0.2405293  1.1432090000000001  0.2029507655517236
-0.2405293  1.202952  0.20558709418226168
-0.2405293  1.263542  0.20828017065497648
-0.2405293  1.3232490000000001  0.20712096451691464
-0.2405293  1.383748  0.20748812327072014
-0.2405293  1.443433  0.21110791321825756
-0.2405293  1.503789  0.21126044479371509

-0.30098610000000003  -0.30098610000000003  -0.05596100014773021
-0.30098610000000003  -0.2405293  -0.054439139113794055
-0.30098610000000003  -0.180808  -0.05064294422081354
-0.30098610000000003  -0.1203181  -0.04528211795795814
-0.30098610000000003  -0.06060252  -0.040987480170015814
-0.30098610000000003  -9.172857e-5  -0.031746239684173
-0.30098610000000003  0.06038413  -0.008737894799548127
-0.30098610000000003  0.1201007  0.0053376437220707664
-0.30098610000000003  0.1805994  0.020170698252345555
-0.30098610000000003  0.24032810000000002  0.040778686455989234
-0.30098610000000003  0.3008055  0.06151703750242935
-0.30098610000000003  0.36057089999999997  0.08346307009498329
-0.30098610000000003  0.4210471  0.10673094185378765
-0.30098610000000003  0.4808693  0.1276865417211721
-0.30098610000000003  0.5413045  0.14764435355906805
-0.30098610000000003  0.6017396  0.1690657089527514
-0.30098610000000003  0.661558  0.1851980655224785
-0.30098610000000003  0.722076  0.19145711968446624
-0.30098610000000003  0.7818239  0.19497712419599525
-0.30098610000000003  0.8423139  0.1981949650680676
-0.30098610000000003  0.9020751  0.19816308978459457
-0.30098610000000003  0.9625343000000001  0.1994051939304811
-0.30098610000000003  1.022985  0.20278301353085482
-0.30098610000000003  1.0827360000000001  0.20384333584967052
-0.30098610000000003  1.1432090000000001  0.20255560313602605
-0.30098610000000003  1.202952  0.2054310988131865
-0.30098610000000003  1.263542  0.20804744943500666
-0.30098610000000003  1.3232490000000001  0.20736127135674454
-0.30098610000000003  1.383748  0.2077353105923711
-0.30098610000000003  1.443433  0.21066505156900325
-0.30098610000000003  1.503789  0.21145424557037287

-0.360773  -0.360773  -0.08142691976358997
-0.360773  -0.30098610000000003  -0.07935313085712176
-0.360773  -0.2405293  -0.07553710915163094
-0.360773  -0.180808  -0.07055459081302842
-0.360773  -0.1203181  -0.06632528532100673
-0.360773  -0.06060252  -0.0593564623652537
-0.360773  -9.172857e-5  -0.050743868355937465
-0.360773  0.06038413  -0.026943144525482545
-0.360773  0.1201007  -0.00808720836456618
-0.360773  0.1805994  0.009667649023457646
-0.360773  0.24032810000000002  0.030806659208796786
-0.360773  0.3008055  0.05451205026434562
-0.360773  0.36057089999999997  0.0801108056647234
-0.360773  0.4210471  0.10146715864089963
-0.360773  0.4808693  0.12257991086882021
-0.360773  0.5413045  0.14644585869910298
-0.360773  0.6017396  0.16692203885698242
-0.360773  0.661558  0.1824738929341036
-0.360773  0.722076  0.19288350256485304
-0.360773  0.7818239  0.19616687462619328
-0.360773  0.8423139  0.1960276687810128
-0.360773  0.9020751  0.198529654502094
-0.360773  0.9625343000000001  0.201301327833797
-0.360773  1.022985  0.2002168109679906
-0.360773  1.0827360000000001  0.20247827539091012
-0.360773  1.1432090000000001  0.204881825721374
-0.360773  1.202952  0.2053201125471897
-0.360773  1.263542  0.20445048841200214
-0.360773  1.3232490000000001  0.20785944714566768
-0.360773  1.383748  0.21047181048080302
-0.360773  1.443433  0.2096008978889426
-0.360773  1.503789  0.21080868586761273

-0.4211977  -0.4211977  -0.10305770013593557
-0.4211977  -0.360773  -0.10144482960509868
-0.4211977  -0.30098610000000003  -0.09746534031890362
-0.4211977  -0.2405293  -0.09399639353713983
-0.4211977  -0.180808  -0.0886489752677725
-0.4211977  -0.1203181  -0.08262250502166703
-0.4211977  -0.06060252  -0.07649878754651578
-0.4211977  -9.172857e-5  -0.06525402027232911
-0.4211977  0.06038413  -0.03833006263496363
-0.4211977  0.1201007  -0.020913534458203306
-0.4211977  0.1805994  0.0011519437309583389
-0.4211977  0.24032810000000002  0.026668823607509592
-0.4211977  0.3008055  0.04981548441482793
-0.4211977  0.36057089999999997  0.07581486528118897
-0.4211977  0.4210471  0.10030277441609911
-0.4211977  0.4808693  0.12099386209722125
-0.4211977  0.5413045  0.14332010111866916
-0.4211977  0.6017396  0.1667506451425299
-0.4211977  0.661558  0.18351277639778324
-0.4211977  0.722076  0.19088500346683795
-0.4211977  0.7818239  0.19579778710086104
-0.4211977  0.8423139  0.19813514648705177
-0.4211977  0.9020751  0.19709386421370834
-0.4211977  0.9625343000000001  0.2003064799714942
-0.4211977  1.022985  0.20197076404999187
-0.4211977  1.0827360000000001  0.20133976033670314
-0.4211977  1.1432090000000001  0.203449007927357
-0.4211977  1.202952  0.2063235212888064
-0.4211977  1.263542  0.2062564672830997
-0.4211977  1.3232490000000001  0.2062981296383452
-0.4211977  1.383748  0.2096949479984707
-0.4211977  1.443433  0.21099309672242855
-0.4211977  1.503789  0.21049278796960175

-0.48104009999999997  -0.48104009999999997  -0.12366529979435892
-0.48104009999999997  -0.4211977  -0.12196604665221009
-0.48104009999999997  -0.360773  -0.11870377574738859
-0.48104009999999997  -0.30098610000000003  -0.11493793225715061
-0.48104009999999997  -0.2405293  -0.1107570751033378
-0.48104009999999997  -0.180808  -0.10596513641846461
-0.48104009999999997  -0.1203181  -0.09859614638027861
-0.48104009999999997  -0.06060252  -0.09246839075585864
-0.48104009999999997  -9.172857e-5  -0.07848393065323525
-0.48104009999999997  0.06038413  -0.05098768161339404
-0.48104009999999997  0.1201007  -0.03096892999192189
-0.48104009999999997  0.1805994  -0.00823973959830716
-0.48104009999999997  0.24032810000000002  0.021325275634161665
-0.48104009999999997  0.3008055  0.047949526056182926
-0.48104009999999997  0.36057089999999997  0.0721894154242173
-0.48104009999999997  0.4210471  0.09725071929326085
-0.48104009999999997  0.4808693  0.12025414693887727
-0.48104009999999997  0.5413045  0.14182357462541162
-0.48104009999999997  0.6017396  0.16433954200965858
-0.48104009999999997  0.661558  0.18348559040998785
-0.48104009999999997  0.722076  0.19163794930566036
-0.48104009999999997  0.7818239  0.19395913558130215
-0.48104009999999997  0.8423139  0.19828138668829742
-0.48104009999999997  0.9020751  0.1993552836154453
-0.48104009999999997  0.9625343000000001  0.1989735443470807
-0.48104009999999997  1.022985  0.20176006243931274
-0.48104009999999997  1.0827360000000001  0.20359176322782535
-0.48104009999999997  1.1432090000000001  0.20328176153577926
-0.48104009999999997  1.202952  0.2047067250294396
-0.48104009999999997  1.263542  0.20828546062380743
-0.48104009999999997  1.3232490000000001  0.2083399611936103
-0.48104009999999997  1.383748  0.20776195030927525
-0.48104009999999997  1.443433  0.2107900545383292
-0.48104009999999997  1.503789  0.21185483252179757

-0.5414266  -0.5414266  -0.14411739999110595
-0.5414266  -0.48104009999999997  -0.14360544612019338
-0.5414266  -0.4211977  -0.13988276334112032
-0.5414266  -0.360773  -0.13739372605304345
-0.5414266  -0.30098610000000003  -0.13346746553080874
-0.5414266  -0.2405293  -0.12877973346830485
-0.5414266  -0.180808  -0.12491562110153293
-0.5414266  -0.1203181  -0.11850179599695827
-0.5414266  -0.06060252  -0.10934050834373846
-0.5414266  -9.172857e-5  -0.0991744930014216
-0.5414266  0.06038413  -0.0713912583439218
-0.5414266  0.1201007  -0.04287570563684897
-0.5414266  0.1805994  -0.016192396510285686
-0.5414266  0.24032810000000002  0.01462427634139952
-0.5414266  0.3008055  0.04604123150994528
-0.5414266  0.36057089999999997  0.07297455608292899
-0.5414266  0.4210471  0.0947818148629671
-0.5414266  0.4808693  0.1170070437299092
-0.5414266  0.5413045  0.14258307008888807
-0.5414266  0.6017396  0.16445160712930032
-0.5414266  0.661558  0.18113279241857028
-0.5414266  0.722076  0.19266447816461557
-0.5414266  0.7818239  0.19570806516554076
-0.5414266  0.8423139  0.1958010635123988
-0.5414266  0.9020751  0.19888570809700146
-0.5414266  0.9625343000000001  0.20147877006867773
-0.5414266  1.022985  0.19982646610261298
-0.5414266  1.0827360000000001  0.20219006505283219
-0.5414266  1.1432090000000001  0.20538440873259498
-0.5414266  1.202952  0.2046872456414232
-0.5414266  1.263542  0.20476587902910753
-0.5414266  1.3232490000000001  0.20791962565115132
-0.5414266  1.383748  0.20953682399247855
-0.5414266  1.443433  0.20927248008151636
-0.5414266  1.503789  0.21137043405971556

-0.6019301  -0.6019301  -0.16452449999625054
-0.6019301  -0.5414266  -0.1641437825042909
-0.6019301  -0.48104009999999997  -0.16168695923796747
-0.6019301  -0.4211977  -0.159454181125549
-0.6019301  -0.360773  -0.1571590919614249
-0.6019301  -0.30098610000000003  -0.15330543953205072
-0.6019301  -0.2405293  -0.15076120800587717
-0.6019301  -0.180808  -0.1459845162078184
-0.6019301  -0.1203181  -0.13972783107304698
-0.6019301  -0.06060252  -0.13451760691366216
-0.6019301  -9.172857e-5  -0.1227248978120755
-0.6019301  0.06038413  -0.09192491104393652
-0.6019301  0.1201007  -0.06191321107116106
-0.6019301  0.1805994  -0.027563904751975416
-0.6019301  0.24032810000000002  0.013610387996707322
-0.6019301  0.3008055  0.04661703223343814
-0.6019301  0.36057089999999997  0.07131835885905759
-0.6019301  0.4210471  0.09611642392583443
-0.6019301  0.4808693  0.11933977216862826
-0.6019301  0.5413045  0.1407559062555567
-0.6019301  0.6017396  0.16295351002726005
-0.6019301  0.661558  0.1827140396590577
-0.6019301  0.722076  0.1916605387871231
-0.6019301  0.7818239  0.1938404966286863
-0.6019301  0.8423139  0.19802128490234802
-0.6019301  0.9020751  0.19914167726184862
-0.6019301  0.9625343000000001  0.19897355823540944
-0.6019301  1.022985  0.20152664745993296
-0.6019301  1.0827360000000001  0.20454390813506246
-0.6019301  1.1432090000000001  0.20300149982216656
-0.6019301  1.202952  0.2043908863700967
-0.6019301  1.263542  0.20741659663060422
-0.6019301  1.3232490000000001  0.20817381375568056
-0.6019301  1.383748  0.2074318389756062
-0.6019301  1.443433  0.20958045410959508
-0.6019301  1.503789  0.21244053383469438

-0.6618184  -0.6618184  -0.17957010005539276
-0.6618184  -0.6019301  -0.178612222119156
-0.6618184  -0.5414266  -0.1772497570321085
-0.6618184  -0.48104009999999997  -0.17575432980849676
-0.6618184  -0.4211977  -0.17236658458321982
-0.6618184  -0.360773  -0.17157137430943237
-0.6618184  -0.30098610000000003  -0.1687059044042114
-0.6618184  -0.2405293  -0.16550712111298876
-0.6618184  -0.180808  -0.16378256958643714
-0.6618184  -0.1203181  -0.15784014893425352
-0.6618184  -0.06060252  -0.15367116548437612
-0.6618184  -9.172857e-5  -0.14320201505906224
-0.6618184  0.06038413  -0.11575197497842823
-0.6618184  0.1201007  -0.08173670636685865
-0.6618184  0.1805994  -0.03672417378287119
-0.6618184  0.24032810000000002  0.011178712530603959
-0.6618184  0.3008055  0.04820771005349592
-0.6618184  0.36057089999999997  0.07626815321410864
-0.6618184  0.4210471  0.09874049071776052
-0.6618184  0.4808693  0.11905502610980909
-0.6618184  0.5413045  0.1437033412679135
-0.6618184  0.6017396  0.1650945794971478
-0.6618184  0.661558  0.1800724930251413
-0.6618184  0.722076  0.1921383623651444
-0.6618184  0.7818239  0.19614549212381444
-0.6618184  0.8423139  0.1962390915761834
-0.6618184  0.9020751  0.19862773039349685
-0.6618184  0.9625343000000001  0.20129025066374817
-0.6618184  1.022985  0.20171555437019464
-0.6618184  1.0827360000000001  0.20047333154693978
-0.6618184  1.1432090000000001  0.20447311146344005
-0.6618184  1.202952  0.20648561247559916
-0.6618184  1.263542  0.2063123276366088
-0.6618184  1.3232490000000001  0.20703114425453983
-0.6618184  1.383748  0.20948467934477047
-0.6618184  1.443433  0.2108195492909531
-0.6618184  1.503789  0.21081555072008018

-0.7223237  -0.7223237  -0.18681849996358932
-0.7223237  -0.6618184  -0.18605066206915452
-0.7223237  -0.6019301  -0.18454076836177952
-0.7223237  -0.5414266  -0.18242636298462842
-0.7223237  -0.48104009999999997  -0.18105420532400132
-0.7223237  -0.4211977  -0.17961906219039836
-0.7223237  -0.360773  -0.17664881155301101
-0.7223237  -0.30098610000000003  -0.1765393443248373
-0.7223237  -0.2405293  -0.17299051237475366
-0.7223237  -0.180808  -0.17059075629997505
-0.7223237  -0.1203181  -0.16782995832477912
-0.7223237  -0.06060252  -0.1657152134420556
-0.7223237  -9.172857e-5  -0.15365085659831032
-0.7223237  0.06038413  -0.1340055515181009
-0.7223237  0.1201007  -0.10487698665690211
-0.7223237  0.1805994  -0.04603173813381003
-0.7223237  0.24032810000000002  0.015506453245925523
-0.7223237  0.3008055  0.05085936429109404
-0.7223237  0.36057089999999997  0.07670601128162999
-0.7223237  0.4210471  0.10272677651900222
-0.7223237  0.4808693  0.12118446732859949
-0.7223237  0.5413045  0.14217762740309114
-0.7223237  0.6017396  0.1662152968912847
-0.7223237  0.661558  0.18213208735733677
-0.7223237  0.722076  0.1903148592868122
-0.7223237  0.7818239  0.1946158955742272
-0.7223237  0.8423139  0.19811934681335508
-0.7223237  0.9020751  0.19810065836531332
-0.7223237  0.9625343000000001  0.19839209208615552
-0.7223237  1.022985  0.20344123616423318
-0.7223237  1.0827360000000001  0.20287848332741254
-0.7223237  1.1432090000000001  0.20210588640367685
-0.7223237  1.202952  0.20531134350657454
-0.7223237  1.263542  0.20756839098591465
-0.7223237  1.3232490000000001  0.2069654264912366
-0.7223237  1.383748  0.20777447535595422
-0.7223237  1.443433  0.21120817199771197
-0.7223237  1.503789  0.21100050957723884

-0.7821131  -0.7821131  -0.19011170003628255
-0.7821131  -0.7223237  -0.1889642692945943
-0.7821131  -0.6618184  -0.18730686082252448
-0.7821131  -0.6019301  -0.18580495796026997
-0.7821131  -0.5414266  -0.18490837450326056
-0.7821131  -0.48104009999999997  -0.18255875473690958
-0.7821131  -0.4211977  -0.18093212019812352
-0.7821131  -0.360773  -0.17958266214138255
-0.7821131  -0.30098610000000003  -0.17819476038635407
-0.7821131  -0.2405293  -0.17406630208596552
-0.7821131  -0.180808  -0.17477048819303959
-0.7821131  -0.1203181  -0.17009857795432823
-0.7821131  -0.06060252  -0.16827378075278515
-0.7821131  -9.172857e-5  -0.16091679120534919
-0.7821131  0.06038413  -0.14498005248244503
-0.7821131  0.1201007  -0.1195585466731729
-0.7821131  0.1805994  -0.0553433513165934
-0.7821131  0.24032810000000002  0.016438954547295895
-0.7821131  0.3008055  0.05346846934038171
-0.7821131  0.36057089999999997  0.07860072172758556
-0.7821131  0.4210471  0.10433183924253976
-0.7821131  0.4808693  0.12131287016334956
-0.7821131  0.5413045  0.1444560658206265
-0.7821131  0.6017396  0.1670467008235017
-0.7821131  0.661558  0.17940258797173747
-0.7821131  0.722076  0.19137039850423346
-0.7821131  0.7818239  0.196219111934692
-0.7821131  0.8423139  0.1968556246302717
-0.7821131  0.9020751  0.19791991553154809
-0.7821131  0.9625343000000001  0.20045811949178846
-0.7821131  1.022985  0.20322470701723439
-0.7821131  1.0827360000000001  0.20115412199726074
-0.7821131  1.1432090000000001  0.20366902451455232
-0.7821131  1.202952  0.20660516706993962
-0.7821131  1.263542  0.20618285538001868
-0.7821131  1.3232490000000001  0.20665262694921507
-0.7821131  1.383748  0.2098838405265847
-0.7821131  1.443433  0.21076890406083515
-0.7821131  1.503789  0.2107860136101136

-0.8425897999999999  -0.8425897999999999  -0.1921272999701522
-0.8425897999999999  -0.7821131  -0.190957697996733
-0.8425897999999999  -0.7223237  -0.18918128575158744
-0.8425897999999999  -0.6618184  -0.18836807576517217
-0.8425897999999999  -0.6019301  -0.18648014249550765
-0.8425897999999999  -0.5414266  -0.1850019642388707
-0.8425897999999999  -0.48104009999999997  -0.18350578440390006
-0.8425897999999999  -0.4211977  -0.18196109488151893
-0.8425897999999999  -0.360773  -0.17899999513172352
-0.8425897999999999  -0.30098610000000003  -0.1791066772717424
-0.8425897999999999  -0.2405293  -0.1754190470324016
-0.8425897999999999  -0.180808  -0.1743213361346454
-0.8425897999999999  -0.1203181  -0.17023298392122993
-0.8425897999999999  -0.06060252  -0.1716513708193691
-0.8425897999999999  -9.172857e-5  -0.15946441892157667
-0.8425897999999999  0.06038413  -0.14715632711089766
-0.8425897999999999  0.1201007  -0.1313946607264649
-0.8425897999999999  0.1805994  -0.060658521391357904
-0.8425897999999999  0.24032810000000002  0.019811659207221565
-0.8425897999999999  0.3008055  0.053468197359433756
-0.8425897999999999  0.36057089999999997  0.07805954533793914
-0.8425897999999999  0.4210471  0.1065658720576758
-0.8425897999999999  0.4808693  0.12148046253579581
-0.8425897999999999  0.5413045  0.14347777917311533
-0.8425897999999999  0.6017396  0.16701453962781188
-0.8425897999999999  0.661558  0.1799074056991239
-0.8425897999999999  0.722076  0.1910830837818436
-0.8425897999999999  0.7818239  0.19537090243667848
-0.8425897999999999  0.8423139  0.19846749770526648
-0.8425897999999999  0.9020751  0.19752218621351603
-0.8425897999999999  0.9625343000000001  0.2004565544559332
-0.8425897999999999  1.022985  0.2021072347609385
-0.8425897999999999  1.0827360000000001  0.20167467122638075
-0.8425897999999999  1.1432090000000001  0.20320456051487165
-0.8425897999999999  1.202952  0.2063407188177833
-0.8425897999999999  1.263542  0.2068557977690754
-0.8425897999999999  1.3232490000000001  0.2063062653531154
-0.8425897999999999  1.383748  0.20887554128248886
-0.8425897999999999  1.443433  0.2112758284018264
-0.8425897999999999  1.503789  0.21174138912843607

-0.902366  -0.902366  -0.19335180003328495
-0.902366  -0.8425897999999999  -0.19198484250241532
-0.902366  -0.7821131  -0.19075956293931717
-0.902366  -0.7223237  -0.18968376135881618
-0.902366  -0.6618184  -0.18767637285213634
-0.902366  -0.6019301  -0.18679905668285246
-0.902366  -0.5414266  -0.18521716288584866
-0.902366  -0.48104009999999997  -0.1823899780079882
-0.902366  -0.4211977  -0.18310754035120486
-0.902366  -0.360773  -0.18009817125766847
-0.902366  -0.30098610000000003  -0.17709321178379256
-0.902366  -0.2405293  -0.1760205218544
-0.902366  -0.180808  -0.17609411868750385
-0.902366  -0.1203181  -0.16784778429660605
-0.902366  -0.06060252  -0.17268603996154464
-0.902366  -9.172857e-5  -0.16068303350546131
-0.902366  0.06038413  -0.14545414902008102
-0.902366  0.1201007  -0.13511996623782332
-0.902366  0.1805994  -0.07018351282308308
-0.902366  0.24032810000000002  0.01694447788625542
-0.902366  0.3008055  0.05862541851550947
-0.902366  0.36057089999999997  0.07863059952675022
-0.902366  0.4210471  0.10395715812888352
-0.902366  0.4808693  0.1237009334470427
-0.902366  0.5413045  0.14461690398024452
-0.902366  0.6017396  0.1652510634751379
-0.902366  0.661558  0.1807373588933977
-0.902366  0.722076  0.1929056145314889
-0.902366  0.7818239  0.19422065485734694
-0.902366  0.8423139  0.19564897499983622
-0.902366  0.9020751  0.20035074745040404
-0.902366  0.9625343000000001  0.19923520423970573
-0.902366  1.022985  0.2006110382765689
-0.902366  1.0827360000000001  0.20298706294241498
-0.902366  1.1432090000000001  0.20506922237039754
-0.902366  1.202952  0.2046702672389321
-0.902366  1.263542  0.20523513696099505
-0.902366  1.3232490000000001  0.20903044995260645
-0.902366  1.383748  0.20981238571407407
-0.902366  1.443433  0.2088495399540238
-0.902366  1.503789  0.2109432295364283

-0.962856  -0.962856  -0.19508769997307326
-0.962856  -0.902366  -0.19366279658967464
-0.962856  -0.8425897999999999  -0.1924294812659701
-0.962856  -0.7821131  -0.19101674159205398
-0.962856  -0.7223237  -0.1900919770889159
-0.962856  -0.6618184  -0.1876582875187759
-0.962856  -0.6019301  -0.18672707969154784
-0.962856  -0.5414266  -0.18606510914253113
-0.962856  -0.48104009999999997  -0.18217680133611003
-0.962856  -0.4211977  -0.18188405797929597
-0.962856  -0.360773  -0.18147601716160486
-0.962856  -0.30098610000000003  -0.17762235155392764
-0.962856  -0.2405293  -0.1757321207273303
-0.962856  -0.180808  -0.17756489229495293
-0.962856  -0.1203181  -0.16708032800339637
-0.962856  -0.06060252  -0.1725213014381192
-0.962856  -9.172857e-5  -0.16304970172625238
-0.962856  0.06038413  -0.14732355937824737
-0.962856  0.1201007  -0.14120740067928034
-0.962856  0.1805994  -0.0758925729550899
-0.962856  0.24032810000000002  0.018164139860658967
-0.962856  0.3008055  0.05939716391974745
-0.962856  0.36057089999999997  0.07768247469406955
-0.962856  0.4210471  0.10467077398198611
-0.962856  0.4808693  0.12313361602457872
-0.962856  0.5413045  0.14475275340346963
-0.962856  0.6017396  0.16580871325928273
-0.962856  0.661558  0.1792206133164056
-0.962856  0.722076  0.19336333938783556
-0.962856  0.7818239  0.19486878192863433
-0.962856  0.8423139  0.1948310832100339
-0.962856  0.9020751  0.19959207683836733
-0.962856  0.9625343000000001  0.19969123745730968
-0.962856  1.022985  0.2006167093833598
-0.962856  1.0827360000000001  0.20291271219891932
-0.962856  1.1432090000000001  0.2051132563252963
-0.962856  1.202952  0.20406138891471182
-0.962856  1.263542  0.2054737956322634
-0.962856  1.3232490000000001  0.20918108404859093
-0.962856  1.383748  0.21000928269291047
-0.962856  1.443433  0.2089445623473581
-0.962856  1.503789  0.21119942212709994

-1.023321  -1.023321  -0.19638990001141077
-1.023321  -0.962856  -0.19514190496389197
-1.023321  -0.902366  -0.1938015972626422
-1.023321  -0.8425897999999999  -0.1926519287377839
-1.023321  -0.7821131  -0.19111195967204644
-1.023321  -0.7223237  -0.1900907905250434
-1.023321  -0.6618184  -0.18850999889697306
-1.023321  -0.6019301  -0.18581212192802746
-1.023321  -0.5414266  -0.18624843816038844
-1.023321  -0.48104009999999997  -0.18455548030056246
-1.023321  -0.4211977  -0.17971039956296697
-1.023321  -0.360773  -0.1818715217264831
-1.023321  -0.30098610000000003  -0.17872020481799877
-1.023321  -0.2405293  -0.1752200656113521
-1.023321  -0.180808  -0.17646555228829708
-1.023321  -0.1203181  -0.16949024738229443
-1.023321  -0.06060252  -0.17277195115439103
-1.023321  -9.172857e-5  -0.16045108852345114
-1.023321  0.06038413  -0.15004468197165483
-1.023321  0.1201007  -0.14207226323709304
-1.023321  0.1805994  -0.0675800394268822
-1.023321  0.24032810000000002  0.02154876018655477
-1.023321  0.3008055  0.054889518669154196
-1.023321  0.36057089999999997  0.07846841980147704
-1.023321  0.4210471  0.10670833678280557
-1.023321  0.4808693  0.12086617666315891
-1.023321  0.5413045  0.14398900292013977
-1.023321  0.6017396  0.16689946353540966
-1.023321  0.661558  0.17959688908987004
-1.023321  0.722076  0.19112746117834267
-1.023321  0.7818239  0.19565062844391914
-1.023321  0.8423139  0.19769529910716693
-1.023321  0.9020751  0.19655052802235246
-1.023321  0.9625343000000001  0.2006559136375082
-1.023321  1.022985  0.20249803802567978
-1.023321  1.0827360000000001  0.20251757407701695
-1.023321  1.1432090000000001  0.20290799970641468
-1.023321  1.202952  0.20656150538976162
-1.023321  1.263542  0.2075968752694945
-1.023321  1.3232490000000001  0.20663630096647786
-1.023321  1.383748  0.20814635150143126
-1.023321  1.443433  0.21115278947120208
-1.023321  1.503789  0.21142182705700668

-1.083067  -1.083067  -0.19792479999982598
-1.083067  -1.023321  -0.1961136801424411
-1.083067  -0.962856  -0.1954213619024543
-1.083067  -0.902366  -0.19349856991444583
-1.083067  -0.8425897999999999  -0.19253217873398923
-1.083067  -0.7821131  -0.19152956124106096
-1.083067  -0.7223237  -0.18983115604534204
-1.083067  -0.6618184  -0.18824703701429438
-1.083067  -0.6019301  -0.18744408419452036
-1.083067  -0.5414266  -0.18429654914847565
-1.083067  -0.48104009999999997  -0.1844184171151009
-1.083067  -0.4211977  -0.1818781592531379
-1.083067  -0.360773  -0.18100416070491765
-1.083067  -0.30098610000000003  -0.17722657121988197
-1.083067  -0.2405293  -0.1769263465429023
-1.083067  -0.180808  -0.17610767822140788
-1.083067  -0.1203181  -0.16882393511036764
-1.083067  -0.06060252  -0.1725465136682162
-1.083067  -9.172857e-5  -0.16237205229347582
-1.083067  0.06038413  -0.14745458836753278
-1.083067  0.1201007  -0.1382739473326537
-1.083067  0.1805994  -0.07452043002481652
-1.083067  0.24032810000000002  0.015988468897065525
-1.083067  0.3008055  0.05827925311248129
-1.083067  0.36057089999999997  0.07918796668083745
-1.083067  0.4210471  0.10489350406419669
-1.083067  0.4808693  0.12167871727309446
-1.083067  0.5413045  0.1453756459286113
-1.083067  0.6017396  0.166173582842396
-1.083067  0.661558  0.17860499903314567
-1.083067  0.722076  0.193439052648942
-1.083067  0.7818239  0.19460275430090956
-1.083067  0.8423139  0.195983470564982
-1.083067  0.9020751  0.19854063206730066
-1.083067  0.9625343000000001  0.20163801439358242
-1.083067  1.022985  0.20036507153231642
-1.083067  1.0827360000000001  0.20231845526082082
-1.083067  1.1432090000000001  0.20431311080518283
-1.083067  1.202952  0.20664720156639071
-1.083067  1.263542  0.20559851319872166
-1.083067  1.3232490000000001  0.20689907084679143
-1.083067  1.383748  0.21016312475028534
-1.083067  1.443433  0.21134980900318123
-1.083067  1.503789  0.21004519249169584

-1.143553  -1.143553  -0.19872680000102746
-1.143553  -1.083067  -0.19756781635338352
-1.143553  -1.023321  -0.19682370457811915
-1.143553  -0.962856  -0.1947442735591932
-1.143553  -0.902366  -0.19397830846802847
-1.143553  -0.8425897999999999  -0.19268190215237863
-1.143553  -0.7821131  -0.19059468508911914
-1.143553  -0.7223237  -0.18986340180858394
-1.143553  -0.6618184  -0.18850329920243566
-1.143553  -0.6019301  -0.1867383329207751
-1.143553  -0.5414266  -0.18404126187740438
-1.143553  -0.48104009999999997  -0.1860953705309003
-1.143553  -0.4211977  -0.18020532622953978
-1.143553  -0.360773  -0.18102607765412793
-1.143553  -0.30098610000000003  -0.17878625926611325
-1.143553  -0.2405293  -0.1747003535076506
-1.143553  -0.180808  -0.1752684356116419
-1.143553  -0.1203181  -0.16995574615655515
-1.143553  -0.06060252  -0.17300143179988903
-1.143553  -9.172857e-5  -0.16026793682546764
-1.143553  0.06038413  -0.14514467656707591
-1.143553  0.1201007  -0.14594252411493275
-1.143553  0.1805994  -0.08291550038512582
-1.143553  0.24032810000000002  0.019630285699439646
-1.143553  0.3008055  0.059582960626680594
-1.143553  0.36057089999999997  0.07517950042896179
-1.143553  0.4210471  0.10773835778637872
-1.143553  0.4808693  0.1233365072498317
-1.143553  0.5413045  0.14281689997089955
-1.143553  0.6017396  0.1674777348821439
-1.143553  0.661558  0.1801028278815438
-1.143553  0.722076  0.1912696430839168
-1.143553  0.7818239  0.19341146416092977
-1.143553  0.8423139  0.19929190438592465
-1.143553  0.9020751  0.1977656074828134
-1.143553  0.9625343000000001  0.2003476381810057
-1.143553  1.022985  0.20188546468369672
-1.143553  1.0827360000000001  0.20424694955137568
-1.143553  1.1432090000000001  0.20299779333901244
-1.143553  1.202952  0.20426191626478085
-1.143553  1.263542  0.20801293705446613
-1.143553  1.3232490000000001  0.20884190562837557
-1.143553  1.383748  0.2071946780256751
-1.143553  1.443433  0.20925093783493262
-1.143553  1.503789  0.21160814144966705

-1.203258  -1.203258  -0.2002100999950846
-1.203258  -1.143553  -0.1990215885326852
-1.203258  -1.083067  -0.19773379779807287
-1.203258  -1.023321  -0.19681454690441488
-1.203258  -0.962856  -0.19529849508866012
-1.203258  -0.902366  -0.19361057653284813
-1.203258  -0.8425897999999999  -0.19289604913380337
-1.203258  -0.7821131  -0.19160154137324723
-1.203258  -0.7223237  -0.18921250662513373
-1.203258  -0.6618184  -0.18833807912625544
-1.203258  -0.6019301  -0.18826755251263427
-1.203258  -0.5414266  -0.1835518431502153
-1.203258  -0.48104009999999997  -0.18486744639447533
-1.203258  -0.4211977  -0.18194392009305077
-1.203258  -0.360773  -0.18113999126089328
-1.203258  -0.30098610000000003  -0.17699837147737207
-1.203258  -0.2405293  -0.17755520403172415
-1.203258  -0.180808  -0.1759318674694617
-1.203258  -0.1203181  -0.16759871588719516
-1.203258  -0.06060252  -0.17344028060769107
-1.203258  -9.172857e-5  -0.16372684622055364
-1.203258  0.06038413  -0.14737883607440508
-1.203258  0.1201007  -0.14269845341953144
-1.203258  0.1805994  -0.07687062972890435
-1.203258  0.24032810000000002  0.021127922591622498
-1.203258  0.3008055  0.059095756121158784
-1.203258  0.36057089999999997  0.07684358923764226
-1.203258  0.4210471  0.10570927711307028
-1.203258  0.4808693  0.12161509953578462
-1.203258  0.5413045  0.14626029364102028
-1.203258  0.6017396  0.1656810912008549
-1.203258  0.661558  0.17801479644443416
-1.203258  0.722076  0.19462758043778836
-1.203258  0.7818239  0.1940809597913428
-1.203258  0.8423139  0.19759418792079358
-1.203258  0.9020751  0.19658387612563413
-1.203258  0.9625343000000001  0.20389228040010554
-1.203258  1.022985  0.20035470095052585
-1.203258  1.0827360000000001  0.2012950387930897
-1.203258  1.1432090000000001  0.20470865494652554
-1.203258  1.202952  0.20642321986794934
-1.203258  1.263542  0.2065589909590703
-1.203258  1.3232490000000001  0.205817605478009
-1.203258  1.383748  0.209264723100463
-1.203258  1.443433  0.21147571658263015
-1.203258  1.503789  0.21041097399996564

-1.2638  -1.2638  -0.2015401999983381
-1.2638  -1.203258  -0.2003716690932717
-1.2638  -1.143553  -0.19915756277519261
-1.2638  -1.083067  -0.1976677046895425
-1.2638  -1.023321  -0.19691573164651455
-1.2638  -0.962856  -0.19511671676278072
-1.2638  -0.902366  -0.19356346470119634
-1.2638  -0.8425897999999999  -0.19269267611820418
-1.2638  -0.7821131  -0.191694119058003
-1.2638  -0.7223237  -0.18946514210901716
-1.2638  -0.6618184  -0.18828218669147767
-1.2638  -0.6019301  -0.18826030887262432
-1.2638  -0.5414266  -0.185010453781682
-1.2638  -0.48104009999999997  -0.18334874005315827
-1.2638  -0.4211977  -0.18195643222143248
-1.2638  -0.360773  -0.18182328987024265
-1.2638  -0.30098610000000003  -0.17606819945502777
-1.2638  -0.2405293  -0.17679074027442856
-1.2638  -0.180808  -0.17648230006435925
-1.2638  -0.1203181  -0.16986744340905804
-1.2638  -0.06060252  -0.17167571687027727
-1.2638  -9.172857e-5  -0.16193887183878256
-1.2638  0.06038413  -0.14991139220826386
-1.2638  0.1201007  -0.13900531988609902
-1.2638  0.1805994  -0.06957706081901116
-1.2638  0.24032810000000002  0.02001590220853687
-1.2638  0.3008055  0.05548860095808999
-1.2638  0.36057089999999997  0.07845047926157664
-1.2638  0.4210471  0.1073916457145349
-1.2638  0.4808693  0.12060556232205895
-1.2638  0.5413045  0.14519209378211997
-1.2638  0.6017396  0.16709158648229416
-1.2638  0.661558  0.17950901757430315
-1.2638  0.722076  0.19182407249458217
-1.2638  0.7818239  0.19461203096370353
-1.2638  0.8423139  0.19945485362692808
-1.2638  0.9020751  0.1951450419364563
-1.2638  0.9625343000000001  0.2014748116778508
-1.2638  1.022985  0.2025809549440637
-1.2638  1.0827360000000001  0.20258931377810394
-1.2638  1.1432090000000001  0.20263555644983947
-1.2638  1.202952  0.2058561028010124
-1.2638  1.263542  0.20781819841278476
-1.2638  1.3232490000000001  0.20663789795127951
-1.2638  1.383748  0.2076096121765138
-1.2638  1.443433  0.21011077047664456
-1.2638  1.503789  0.2120954589077506

-1.323526  -1.323526  -0.20277680001884432
-1.323526  -1.2638  -0.2015281289239682
-1.323526  -1.203258  -0.20003250362203534
-1.323526  -1.143553  -0.19913166626898343
-1.323526  -1.083067  -0.19732953667074069
-1.323526  -1.023321  -0.19642750668416722
-1.323526  -0.962856  -0.19587956237345142
-1.323526  -0.902366  -0.19351288086035795
-1.323526  -0.8425897999999999  -0.1922367497616259
-1.323526  -0.7821131  -0.19263438852857756
-1.323526  -0.7223237  -0.1885166629604143
-1.323526  -0.6618184  -0.18901326176285363
-1.323526  -0.6019301  -0.18698582743630268
-1.323526  -0.5414266  -0.1862574993686388
-1.323526  -0.48104009999999997  -0.18295303529641743
-1.323526  -0.4211977  -0.1814634658780659
-1.323526  -0.360773  -0.18282790242649988
-1.323526  -0.30098610000000003  -0.17617709714981436
-1.323526  -0.2405293  -0.17679052835597767
-1.323526  -0.180808  -0.1759193232302875
-1.323526  -0.1203181  -0.17017783118849475
-1.323526  -0.06060252  -0.171841228006716
-1.323526  -9.172857e-5  -0.16031079029764092
-1.323526  0.06038413  -0.1476213840660482
-1.323526  0.1201007  -0.14112244915158964
-1.323526  0.1805994  -0.07899656476058327
-1.323526  0.24032810000000002  0.015609149809706267
-1.323526  0.3008055  0.05846918352470003
-1.323526  0.36057089999999997  0.07597653840261062
-1.323526  0.4210471  0.1066268246833215
-1.323526  0.4808693  0.12322859927520256
-1.323526  0.5413045  0.14242736597339783
-1.323526  0.6017396  0.16856780083141057
-1.323526  0.661558  0.18044146840971423
-1.323526  0.722076  0.19042559615417953
-1.323526  0.7818239  0.19387831378907702
-1.323526  0.8423139  0.19853372860715418
-1.323526  0.9020751  0.19803815155322702
-1.323526  0.9625343000000001  0.1987793106896954
-1.323526  1.022985  0.2011939867988148
-1.323526  1.0827360000000001  0.20446755956124602
-1.323526  1.1432090000000001  0.20309300304670913
-1.323526  1.202952  0.2038239840070168
-1.323526  1.263542  0.20749058797172593
-1.323526  1.3232490000000001  0.20794674932305246
-1.323526  1.383748  0.2074475174486726
-1.323526  1.443433  0.2091081866936155
-1.323526  1.503789  0.21180819156615427

-1.384018  -1.384018  -0.204057399960756
-1.384018  -1.323526  -0.2027346434853809
-1.384018  -1.2638  -0.20201921279378335
-1.384018  -1.203258  -0.20081880469690971
-1.384018  -1.143553  -0.19881984661496618
-1.384018  -1.083067  -0.19851061247087687
-1.384018  -1.023321  -0.19648664121919968
-1.384018  -0.962856  -0.19508559728448333
-1.384018  -0.902366  -0.19461822863884576
-1.384018  -0.8425897999999999  -0.19176132350343394
-1.384018  -0.7821131  -0.19242989229913968
-1.384018  -0.7223237  -0.18891704961258796
-1.384018  -0.6618184  -0.19022405473338583
-1.384018  -0.6019301  -0.18502630844610807
-1.384018  -0.5414266  -0.1861983352148054
-1.384018  -0.48104009999999997  -0.1846853803156952
-1.384018  -0.4211977  -0.18073171780814443
-1.384018  -0.360773  -0.18125930947423452
-1.384018  -0.30098610000000003  -0.17704308367033966
-1.384018  -0.2405293  -0.17859881872648975
-1.384018  -0.180808  -0.1740514076831835
-1.384018  -0.1203181  -0.16836223207158865
-1.384018  -0.06060252  -0.1750062963702438
-1.384018  -9.172857e-5  -0.16120680131366733
-1.384018  0.06038413  -0.14554282467002982
-1.384018  0.1201007  -0.14451692684151357
-1.384018  0.1805994  -0.0820736332815167
-1.384018  0.24032810000000002  0.018885533974621272
-1.384018  0.3008055  0.06139272530320786
-1.384018  0.36057089999999997  0.07567239932635697
-1.384018  0.4210471  0.1046467532608786
-1.384018  0.4808693  0.12265407592241018
-1.384018  0.5413045  0.14476150154703477
-1.384018  0.6017396  0.1663870371105195
-1.384018  0.661558  0.17778365995942885
-1.384018  0.722076  0.1937124929092326
-1.384018  0.7818239  0.1948400939023507
-1.384018  0.8423139  0.19625262408484853
-1.384018  0.9020751  0.1968431522962263
-1.384018  0.9625343000000001  0.2021119044957951
-1.384018  1.022985  0.20150990913772165
-1.384018  1.0827360000000001  0.20197538255541092
-1.384018  1.1432090000000001  0.2022126536072961
-1.384018  1.202952  0.20495043809697103
-1.384018  1.263542  0.2075042110350829
-1.384018  1.3232490000000001  0.20694614314163967
-1.384018  1.383748  0.20703966473578095
-1.384018  1.443433  0.21001657351552724
-1.384018  1.503789  0.2112751809155513

-1.443726  -1.443726  -0.2048216000329486
-1.443726  -1.384018  -0.20362222535071528
-1.443726  -1.323526  -0.20298863292259187
-1.443726  -1.2638  -0.20155802410763773
-1.443726  -1.203258  -0.20072324269160408
-1.443726  -1.143553  -0.19930444943862635
-1.443726  -1.083067  -0.19823727510235647
-1.443726  -1.023321  -0.19710593597379783
-1.443726  -0.962856  -0.19504080407299793
-1.443726  -0.902366  -0.19448641447912862
-1.443726  -0.8425897999999999  -0.19172270446218173
-1.443726  -0.7821131  -0.19367432390952755
-1.443726  -0.7223237  -0.1874513006220852
-1.443726  -0.6618184  -0.18989935294023622
-1.443726  -0.6019301  -0.18608206421613066
-1.443726  -0.5414266  -0.18583124035399712
-1.443726  -0.48104009999999997  -0.1826024468093944
-1.443726  -0.4211977  -0.1820775792039242
-1.443726  -0.360773  -0.18277998448238272
-1.443726  -0.30098610000000003  -0.17511738268770374
-1.443726  -0.2405293  -0.17840040849633435
-1.443726  -0.180808  -0.17604304975449706
-1.443726  -0.1203181  -0.1681547874267123
-1.443726  -0.06060252  -0.17224041324889425
-1.443726  -9.172857e-5  -0.16114001824969368
-1.443726  0.06038413  -0.15044212824953138
-1.443726  0.1201007  -0.14215955872322378
-1.443726  0.1805994  -0.06986710130872512
-1.443726  0.24032810000000002  0.021721221427657166
-1.443726  0.3008055  0.05583924395532484
-1.443726  0.36057089999999997  0.07757790435200171
-1.443726  0.4210471  0.10758554857637131
-1.443726  0.4808693  0.12169623666327256
-1.443726  0.5413045  0.1434446233697764
-1.443726  0.6017396  0.16672501125974726
-1.443726  0.661558  0.18168485721602676
-1.443726  0.722076  0.1909780110026499
-1.443726  0.7818239  0.19311055358478352
-1.443726  0.8423139  0.1995198259170035
-1.443726  0.9020751  0.19803998156706068
-1.443726  0.9625343000000001  0.19943536300755424
-1.443726  1.022985  0.2000950522035495
-1.443726  1.0827360000000001  0.20392354224019024
-1.443726  1.1432090000000001  0.2050369901152525
-1.443726  1.202952  0.20442197692765768
-1.443726  1.263542  0.20520553236791128
-1.443726  1.3232490000000001  0.20852274668003662
-1.443726  1.383748  0.21006886185358364
-1.443726  1.443433  0.21022900576594833
-1.443726  1.503789  0.20981213154698883

-1.504218  -1.504218  -0.2062208999841347
-1.504218  -1.443726  -0.2055870172560284
-1.504218  -1.384018  -0.2040521646300677
-1.504218  -1.323526  -0.20304267599521283
-1.504218  -1.2638  -0.20154341570548084
-1.504218  -1.203258  -0.20031064730303605
-1.504218  -1.143553  -0.19912679086277632
-1.504218  -1.083067  -0.19830961400095024
-1.504218  -1.023321  -0.19663893128082505
-1.504218  -0.962856  -0.19464967146881865
-1.504218  -0.902366  -0.19573771627922404
-1.504218  -0.8425897999999999  -0.19169149087716975
-1.504218  -0.7821131  -0.19180582046156514
-1.504218  -0.7223237  -0.18866318387062186
-1.504218  -0.6618184  -0.19028189318231264
-1.504218  -0.6019301  -0.18498242020543137
-1.504218  -0.5414266  -0.1854705580540108
-1.504218  -0.48104009999999997  -0.18427705518861187
-1.504218  -0.4211977  -0.18166184496465998
-1.504218  -0.360773  -0.18089794340604196
-1.504218  -0.30098610000000003  -0.17676189668872078
-1.504218  -0.2405293  -0.17904599290318488
-1.504218  -0.180808  -0.17421852640194926
-1.504218  -0.1203181  -0.16834170389634368
-1.504218  -0.06060252  -0.17419859536019694
-1.504218  -9.172857e-5  -0.16163607780633305
-1.504218  0.06038413  -0.14695830221324563
-1.504218  0.1201007  -0.13864339544246906
-1.504218  0.1805994  -0.07343463106491491
-1.504218  0.24032810000000002  0.016720024111920688
-1.504218  0.3008055  0.05803831007718014
-1.504218  0.36057089999999997  0.07974441343892316
-1.504218  0.4210471  0.1044121407302026
-1.504218  0.4808693  0.12168121890546935
-1.504218  0.5413045  0.14627950367630493
-1.504218  0.6017396  0.16599461913030658
-1.504218  0.661558  0.17942554634096386
-1.504218  0.722076  0.19097218145595868
-1.504218  0.7818239  0.1955478296375998
-1.504218  0.8423139  0.1975575452786735
-1.504218  0.9020751  0.19624000645621748
-1.504218  0.9625343000000001  0.2003815222232034
-1.504218  1.022985  0.20292253412595468
-1.504218  1.0827360000000001  0.20190325576230791
-1.504218  1.1432090000000001  0.20272140193711374
-1.504218  1.202952  0.20493388405771504
-1.504218  1.263542  0.20811541670484648
-1.504218  1.3232490000000001  0.20820437090918506
-1.504218  1.383748  0.20707255535422647
-1.504218  1.443433  0.2095397781427991
-1.504218  1.503789  0.21147780000019198

