1.443433  1.443433  0.20954689999999998
1.443433  1.473536  0.2101479
1.443433  1.503789  0.21101109999999998
1.383748  1.383748  0.2085419
1.383748  1.43069  0.2100394
1.383748  1.477173  0.2105562
1.383748  1.5097  0.2109137
1.3232490000000001  1.3232490000000001  0.2074879
1.3232490000000001  1.370217  0.20810150000000002
1.3232490000000001  1.417435  0.2087454
1.3232490000000001  1.463904  0.2108218
1.3232490000000001  1.509644  0.2107834
1.263542  1.263542  0.20636529999999997
1.263542  1.30978  0.20730649999999998
1.263542  1.3569369999999998  0.2078358
1.263542  1.404164  0.2098616
1.263542  1.451358  0.20888779999999998
1.263542  1.49783  0.2111098
1.263542  1.509778  0.21046089999999998
1.202952  1.202952  0.2049274
1.202952  1.25006  0.2059132
1.202952  1.297272  0.2069726
1.202952  1.34369  0.2084817
1.202952  1.3909179999999999  0.2077825
1.202952  1.438088  0.2093991
1.202952  1.485297  0.21149579999999998
1.202952  1.509734  0.2105368
1.1432090000000001  1.1432090000000001  0.2038925
1.1432090000000001  1.1894760000000002  0.2042236
1.1432090000000001  1.236807  0.20562989999999998
1.1432090000000001  1.283978  0.2063208
1.1432090000000001  1.3311549999999999  0.2081748
1.1432090000000001  1.377621  0.2077861
1.1432090000000001  1.424825  0.2089152
1.1432090000000001  1.472032  0.2109651
1.1432090000000001  1.509676  0.2100352
1.0827360000000001  1.0827360000000001  0.2021848
1.0827360000000001  1.1297080000000002  0.20369489999999998
1.0827360000000001  1.176898  0.2046729
1.0827360000000001  1.223414  0.20515
1.0827360000000001  1.270712  0.2055546
1.0827360000000001  1.317906  0.2079353
1.0827360000000001  1.3643409999999998  0.207316
1.0827360000000001  1.411552  0.20826150000000002
1.0827360000000001  1.458751  0.2101635
1.0827360000000001  1.505938  0.21145460000000002
1.022985  1.022985  0.2012561
1.022985  1.069237  0.202103
1.022985  1.116454  0.2027378
1.022985  1.163657  0.204455
1.022985  1.210131  0.20555089999999998
1.022985  1.2574349999999999  0.2051506
1.022985  1.304635  0.2076842
1.022985  1.351801  0.20860369999999998
1.022985  1.3982809999999999  0.2076519
1.022985  1.445499  0.2089948
1.022985  1.492661  0.2113873
1.022985  1.5097639999999999  0.21088690000000002
0.9625343000000001  0.9625343000000001  0.1996799
0.9625343000000001  1.009523  0.20075010000000001
0.9625343000000001  1.055971  0.2010022
0.9625343000000001  1.103183  0.2028953
0.9625343000000001  1.1503910000000002  0.2036809
0.9625343000000001  1.197598  0.20388019999999998
0.9625343000000001  1.244206  0.2060535
0.9625343000000001  1.291373  0.2068514
0.9625343000000001  1.338533  0.20699689999999998
0.9625343000000001  1.385033  0.2079557
0.9625343000000001  1.432217  0.2100308
0.9625343000000001  1.4794200000000002  0.2100019
0.9625343000000001  1.50971  0.2104509
0.9020751  0.9020751  0.1980664
0.9020751  0.9490593  0.19905989999999998
0.9020751  0.9962555  0.20020369999999998
0.9020751  1.043453  0.20161869999999998
0.9020751  1.089931  0.20233839999999997
0.9020751  1.1371310000000001  0.20256190000000002
0.9020751  1.1843309999999998  0.2047673
0.9020751  1.230932  0.2054225
0.9020751  1.2781179999999999  0.2055407
0.9020751  1.3252709999999999  0.2065817
0.9020751  1.37247  0.2091123
0.9020751  1.4189390000000002  0.2090836
0.9020751  1.4661440000000001  0.2093188
0.9020751  1.509662  0.2103757
0.8423139  0.8423139  0.1970165
0.8423139  0.8893016  0.1981009
0.8423139  0.9358213  0.1991789
0.8423139  0.9829797  0.1998173
0.8423139  1.0301790000000002  0.2004001
0.8423139  1.0766710000000002  0.2024423
0.8423139  1.1238540000000001  0.20333589999999999
0.8423139  1.171033  0.2031996
0.8423139  1.218254  0.20505569999999998
0.8423139  1.264825  0.20625020000000002
0.8423139  1.3120239999999999  0.2064134
0.8423139  1.3592080000000002  0.2071483
0.8423139  1.405669  0.2090454
0.8423139  1.4528599999999998  0.2101876
0.8423139  1.5000660000000001  0.2104178
0.8423139  1.509787  0.2102347
0.7818239  0.7818239  0.1957631
0.7818239  0.8288434  0.1966407
0.7818239  0.8760291  0.1978315
0.7818239  0.9226251999999999  0.1993954
0.7818239  0.9697197  0.19881980000000002
0.7818239  1.016899  0.2011539
0.7818239  1.064091  0.2020273
0.7818239  1.110583  0.20178749999999998
0.7818239  1.157759  0.2033421
0.7818239  1.204979  0.2054426
0.7818239  1.2515530000000001  0.2054003
0.7818239  1.298747  0.20593799999999998
0.7818239  1.345936  0.2079489
0.7818239  1.3931369999999998  0.2090703
0.7818239  1.439581  0.20910669999999998
0.7818239  1.486769  0.2091239
0.7818239  1.5097429999999998  0.2105775
0.722076  0.722076  0.1944778
0.722076  0.7686656000000001  0.1957153
0.722076  0.8155730999999999  0.1958539
0.722076  0.8627566000000001  0.1977571
0.722076  0.9099668000000001  0.1974469
0.722076  0.9564633  0.1992986
0.722076  1.0036420000000001  0.20124140000000001
0.722076  1.0508279999999999  0.200602
0.722076  1.097315  0.2019322
0.722076  1.1445029999999998  0.2040147
0.722076  1.19173  0.2044974
0.722076  1.239095  0.2047053
0.722076  1.2854780000000001  0.2066697
0.722076  1.3326500000000001  0.2077995
0.722076  1.3798409999999999  0.207665
0.722076  1.427046  0.2080935
0.722076  1.4735070000000001  0.21017909999999998
0.722076  1.509682  0.21117029999999998
0.661558  0.661558  0.1926477
0.661558  0.7085665  0.1937612
0.661558  0.7557989  0.19462959999999999
0.661558  0.8023387000000001  0.1964703
0.661558  0.8494785  0.1965583
0.661558  0.8966824  0.1982424
0.661558  0.9432155  0.19967279999999998
0.661558  0.9903699  0.1997948
0.661558  1.037652  0.2004405
0.661558  1.0847660000000001  0.2031934
0.661558  1.131226  0.20359159999999998
0.661558  1.17843  0.203539
0.661558  1.225638  0.2053921
0.661558  1.272958  0.20676740000000002
0.661558  1.319396  0.2071845
0.661558  1.366561  0.2067162
0.661558  1.413775  0.2090287
0.661558  1.460267  0.21108359999999998
0.661558  1.507418  0.2105619
0.6017396  0.6017396  0.1910717
0.6017396  0.6480988  0.1921654
0.6017396  0.6952853  0.1941043
0.6017396  0.742504  0.1940336
0.6017396  0.7890368  0.1961453
0.6017396  0.8362394000000001  0.1972988
0.6017396  0.8834124000000001  0.19691519999999998
0.6017396  0.9306946  0.1995819
0.6017396  0.9770841  0.2003615
0.6017396  1.0243019999999998  0.199638
0.6017396  1.071468  0.2017773
0.6017396  1.118685  0.2039494
0.6017396  1.165152  0.2040372
0.6017396  1.2123599999999999  0.20370619999999998
0.6017396  1.259662  0.2061119
0.6017396  1.306347  0.20797949999999998
0.6017396  1.353273  0.2079968
0.6017396  1.400509  0.20793799999999998
0.6017396  1.447675  0.20946849999999997
0.6017396  1.494155  0.2116432
0.6017396  1.509757  0.21070370000000002
0.5413045  0.5413045  0.1896483
0.5413045  0.5882609  0.1909893
0.5413045  0.6348537  0.1916776
0.5413045  0.6820237  0.1938202
0.5413045  0.7292282999999999  0.194405
0.5413045  0.7764932  0.1952236
0.5413045  0.8229489999999999  0.19726849999999999
0.5413045  0.8701495  0.1975814
0.5413045  0.9173573  0.1978297
0.5413045  0.9645663  0.1999716
0.5413045  1.011038  0.2012135
0.5413045  1.058208  0.20098180000000002
0.5413045  1.105434  0.20197269999999998
0.5413045  1.1518789999999999  0.2039289
0.5413045  1.199088  0.2054134
0.5413045  1.246414  0.2047731
0.5413045  1.293584  0.2062723
0.5413045  1.340041  0.2084175
0.5413045  1.3872449999999998  0.2095476
0.5413045  1.434414  0.2087827
0.5413045  1.480885  0.209002
0.5413045  1.5097170000000002  0.21100909999999998
0.4808693  0.4808693  0.1883196
0.4808693  0.5278153  0.1894692
0.4808693  0.5749902  0.1908825
0.4808693  0.6223379  0.19159959999999998
0.4808693  0.6687525000000001  0.1923653
0.4808693  0.7160118  0.19513709999999998
0.4808693  0.7631891000000001  0.19497409999999998
0.4808693  0.8104172  0.19560779999999997
0.4808693  0.8568821000000001  0.1980439
0.4808693  0.9040853  0.19880230000000002
0.4808693  0.9513347999999999  0.1989418
0.4808693  0.9977495000000001  0.20065159999999999
0.4808693  1.044929  0.2022029
0.4808693  1.092153  0.2028134
0.4808693  1.1393469999999999  0.2030545
0.4808693  1.185813  0.2042225
0.4808693  1.2331500000000002  0.20590579999999997
0.4808693  1.280312  0.20689339999999998
0.4808693  1.326771  0.206649
0.4808693  1.373955  0.2078782
0.4808693  1.421165  0.21025699999999997
0.4808693  1.4683620000000002  0.2106749
0.4808693  1.509664  0.2102848
0.4210471  0.4210471  0.1866142
0.4210471  0.4680733  0.18774039999999997
0.4210471  0.5145298  0.1887921
0.4210471  0.5617435000000001  0.190653
0.4210471  0.6089163  0.1917283
0.4210471  0.6562294000000001  0.1918579
0.4210471  0.702692  0.1940468
0.4210471  0.7498822  0.1954206
0.4210471  0.7971218999999999  0.1952254
0.4210471  0.8435898999999999  0.1970045
0.4210471  0.8907758  0.1991278
0.4210471  0.9380475  0.19878149999999997
0.4210471  0.9852021  0.1993261
0.4210471  1.031667  0.2017433
0.4210471  1.078891  0.2027188
0.4210471  1.126066  0.202586
0.4210471  1.172547  0.2037107
0.4210471  1.219737  0.20526529999999998
0.4210471  1.26704  0.2070699
0.4210471  1.314227  0.20689570000000002
0.4210471  1.360651  0.20696599999999998
0.4210471  1.40787  0.2091177
0.4210471  1.455087  0.21085569999999998
0.4210471  1.501525  0.2106381
0.4210471  1.509786  0.2106548
0.36057089999999997  0.36057089999999997  0.18471739999999998
0.36057089999999997  0.4075724  0.18625909999999998
0.36057089999999997  0.4547772  0.18787569999999998
0.36057089999999997  0.5019992  0.18860909999999997
0.36057089999999997  0.5484894  0.1896612
0.36057089999999997  0.5956433  0.19153799999999999
0.36057089999999997  0.6429497  0.1921553
0.36057089999999997  0.6894262999999999  0.1928395
0.36057089999999997  0.7366053  0.194899
0.36057089999999997  0.78386  0.1959849
0.36057089999999997  0.8311185000000001  0.1958007
0.36057089999999997  0.8775183  0.1982226
0.36057089999999997  0.9248172  0.1996568
0.36057089999999997  0.971928  0.1996647
0.36057089999999997  1.018431  0.1999233
0.36057089999999997  1.065574  0.2020838
0.36057089999999997  1.112787  0.2040481
0.36057089999999997  1.159991  0.20335199999999998
0.36057089999999997  1.206453  0.2041477
0.36057089999999997  1.253786  0.2061133
0.36057089999999997  1.300959  0.20808379999999999
0.36057089999999997  1.34739  0.2072067
0.36057089999999997  1.3946020000000001  0.2072326
0.36057089999999997  1.4417950000000002  0.2095911
0.36057089999999997  1.488982  0.21088679999999999
0.36057089999999997  1.5097349999999998  0.21107259999999997
0.3008055  0.3008055  0.18315
0.3008055  0.3478442  0.18442
0.3008055  0.39436649999999995  0.1852034
0.3008055  0.4415118  0.1875949
0.3008055  0.4887353  0.1880886
0.3008055  0.5352148999999999  0.1891504
0.3008055  0.5823844  0.1913416
0.3008055  0.6297358000000001  0.19199319999999997
0.3008055  0.6768774  0.1920573
0.3008055  0.7233564  0.1952334
0.3008055  0.7706047  0.19601659999999999
0.3008055  0.8178005  0.1959746
0.3008055  0.8642462000000001  0.1977157
0.3008055  0.9114707  0.1997515
0.3008055  0.9586674000000001  0.19980559999999997
0.3008055  1.005858  0.19984159999999998
0.3008055  1.0522989999999999  0.2021199
0.3008055  1.099529  0.203689
0.3008055  1.146727  0.2033685
0.3008055  1.1931939999999999  0.20382789999999998
0.3008055  1.24051  0.205798
0.3008055  1.287719  0.2077692
0.3008055  1.334851  0.2064703
0.3008055  1.381328  0.20787489999999997
0.3008055  1.428513  0.2094811
0.3008055  1.475719  0.2118091
0.3008055  1.509693  0.2099517
0.24032810000000002  0.24032810000000002  0.1812637
0.24032810000000002  0.2873037  0.18282589999999999
0.24032810000000002  0.3345824  0.1843424
0.24032810000000002  0.3810507  0.18505139999999998
0.24032810000000002  0.4282533  0.1870896
0.24032810000000002  0.4754588  0.18764139999999999
0.24032810000000002  0.5226862  0.1894775
0.24032810000000002  0.5691042  0.1913629
0.24032810000000002  0.616444  0.1913474
0.24032810000000002  0.6636061  0.1923773
0.24032810000000002  0.7100743  0.1947928
0.24032810000000002  0.7573074000000001  0.19544620000000001
0.24032810000000002  0.8045222  0.1952787
0.24032810000000002  0.8517258000000001  0.1970521
0.24032810000000002  0.8982045000000001  0.19927519999999999
0.24032810000000002  0.9454045999999999  0.1994823
0.24032810000000002  0.9925932000000001  0.19971250000000002
0.24032810000000002  1.039044  0.2016331
0.24032810000000002  1.086263  0.20358959999999998
0.24032810000000002  1.133439  0.2033943
0.24032810000000002  1.180641  0.203517
0.24032810000000002  1.2271189999999998  0.205816
0.24032810000000002  1.274414  0.2077627
0.24032810000000002  1.321572  0.2069952
0.24032810000000002  1.368038  0.2075217
0.24032810000000002  1.41525  0.2091109
0.24032810000000002  1.462458  0.2110204
0.24032810000000002  1.509645  0.2112498
0.1805994  0.1805994  0.1791557
0.1805994  0.22683799999999998  0.18088159999999998
0.1805994  0.2740321  0.18235859999999998
0.1805994  0.321289  0.1830422
0.1805994  0.3684982  0.18566449999999998
0.1805994  0.4149626  0.1863272
0.1805994  0.4622119  0.1868994
0.1805994  0.5093961  0.18977429999999998
0.1805994  0.5558569999999999  0.1900971
0.1805994  0.6030385  0.19103309999999998
0.1805994  0.6503112999999999  0.1929946
0.1805994  0.6975131999999999  0.19403089999999998
0.1805994  0.7439612  0.19442259999999997
0.1805994  0.7912341  0.1951552
0.1805994  0.8384554000000001  0.19777989999999998
0.1805994  0.8849  0.19921909999999998
0.1805994  0.9321938  0.199146
0.1805994  0.9793092  0.19928949999999998
0.1805994  1.026488  0.20171
0.1805994  1.0729570000000002  0.2034289
0.1805994  1.1201679999999998  0.2031488
0.1805994  1.167341  0.2032645
0.1805994  1.213845  0.20544199999999999
0.1805994  1.261133  0.2073362
0.1805994  1.308341  0.20743930000000002
0.1805994  1.35551  0.2070598
0.1805994  1.4019780000000002  0.2088638
0.1805994  1.44917  0.2112634
0.1805994  1.49636  0.2112406
0.1805994  1.509767  0.210833
0.1201007  0.1201007  0.1768103
0.1201007  0.1671301  0.1785468
0.1201007  0.2143238  0.1802166
0.1201007  0.26077089999999997  0.1810588
0.1201007  0.30815929999999997  0.1819959
0.1201007  0.3552139  0.1850867
0.1201007  0.4016876  0.1855492
0.1201007  0.4488916  0.1866397
0.1201007  0.4961066  0.1891912
0.1201007  0.5433273000000001  0.190409
0.1201007  0.5897499  0.1906243
0.1201007  0.6370617999999999  0.19240429999999997
0.1201007  0.6842299000000001  0.19424909999999998
0.1201007  0.7307277  0.19390079999999998
0.1201007  0.777976  0.1946999
0.1201007  0.8251857  0.1971984
0.1201007  0.8723573  0.1988546
0.1201007  0.9188417  0.19872499999999998
0.1201007  0.9660483000000001  0.1989002
0.1201007  1.0132240000000001  0.2016331
0.1201007  1.059717  0.20238959999999998
0.1201007  1.1068959999999999  0.2039657
0.1201007  1.154107  0.2036203
0.1201007  1.2013150000000001  0.2042003
0.1201007  1.247872  0.2064454
0.1201007  1.295059  0.20813949999999998
0.1201007  1.342233  0.20846499999999998
0.1201007  1.3894469999999999  0.2074089
0.1201007  1.435932  0.20985489999999998
0.1201007  1.483093  0.2115532
0.1201007  1.5097260000000001  0.21067319999999998
0.06038413  0.06038413  0.1745947
0.06038413  0.1066556  0.17581070000000001
0.06038413  0.1540234  0.1780828
0.06038413  0.2010342  0.17883269999999998
0.06038413  0.2474897  0.1810281
0.06038413  0.2947104  0.1827753
0.06038413  0.3419535  0.18373240000000002
0.06038413  0.3891539  0.1844616
0.06038413  0.4356307  0.1873295
0.06038413  0.4828466  0.1882371
0.06038413  0.5300598999999999  0.1882095
0.06038413  0.5764985  0.19083309999999998
0.06038413  0.6238049999999999  0.1924097
0.06038413  0.6709767000000001  0.19316989999999998
0.06038413  0.7181839  0.19365159999999998
0.06038413  0.7646752  0.1960315
0.06038413  0.8119595000000001  0.197769
0.06038413  0.8590878000000001  0.19734569999999999
0.06038413  0.9055868  0.19846339999999998
0.06038413  0.9527685  0.1998026
0.06038413  0.9999799  0.2020677
0.06038413  1.0471780000000002  0.2012941
0.06038413  1.093636  0.2015476
0.06038413  1.1408230000000001  0.2037617
0.06038413  1.188038  0.2063539
0.06038413  1.235344  0.20590709999999998
0.06038413  1.281793  0.205744
0.06038413  1.328953  0.2073542
0.06038413  1.376162  0.20967439999999998
0.06038413  1.422648  0.2106624
0.06038413  1.469837  0.2095555
0.06038413  1.5096690000000001  0.2109921
-9.172857e-5  -9.172857e-5  0.1705409
-9.172857e-5  0.04690262  0.17261490000000002
-9.172857e-5  0.09336968  0.17488089999999998
-9.172857e-5  0.1405634  0.1773299
-9.172857e-5  0.1878052  0.177336
-9.172857e-5  0.2349595  0.1801025
-9.172857e-5  0.2814366  0.18220779999999998
-9.172857e-5  0.328677  0.1825649
-9.172857e-5  0.3758752  0.1842782
-9.172857e-5  0.4223277  0.1870155
-9.172857e-5  0.4695643  0.1881214
-9.172857e-5  0.5167735  0.18804839999999998
-9.172857e-5  0.5639651  0.190279
-9.172857e-5  0.6104208  0.1923154
-9.172857e-5  0.6577012  0.1927424
-9.172857e-5  0.7048746  0.1931051
-9.172857e-5  0.7521038999999999  0.1953162
-9.172857e-5  0.7986188  0.1970582
-9.172857e-5  0.8458585000000001  0.1968594
-9.172857e-5  0.8930001  0.1976787
-9.172857e-5  0.9395180000000001  0.1996206
-9.172857e-5  0.9866594  0.2017222
-9.172857e-5  1.0338699999999998  0.201814
-9.172857e-5  1.081075  0.20151260000000001
-9.172857e-5  1.127539  0.20364089999999999
-9.172857e-5  1.1747349999999999  0.2055024
-9.172857e-5  1.221944  0.2056639
-9.172857e-5  1.268534  0.2051434
-9.172857e-5  1.315709  0.2065424
-9.172857e-5  1.3628630000000002  0.2097653
-9.172857e-5  1.410081  0.2102753
-9.172857e-5  1.4565350000000001  0.2099429
-9.172857e-5  1.5037449999999999  0.2097752
-0.06060252  -0.06060252  0.1512461
-0.06060252  -0.01359529  0.15333259999999999
-0.06060252  0.03361699  0.16699830000000002
-0.06060252  0.08082914  0.1719276
-0.06060252  0.1272881  0.17560420000000002
-0.06060252  0.1745117  0.1768979
-0.06060252  0.2217056  0.177732
-0.06060252  0.2681402  0.1808403
-0.06060252  0.31541250000000004  0.1823922
-0.06060252  0.36258999999999997  0.18295869999999997
-0.06060252  0.4097959  0.18464039999999998
-0.06060252  0.4562747  0.1871951
-0.06060252  0.5035139  0.1888799
-0.06060252  0.5506992  0.1891146
-0.06060252  0.5978791999999999  0.1906336
-0.06060252  0.6444438  0.1934541
-0.06060252  0.691907  0.1942314
-0.06060252  0.7388214000000001  0.1939996
-0.06060252  0.7853388  0.1959989
-0.06060252  0.8325435  0.19849129999999998
-0.06060252  0.8797453000000001  0.1979501
-0.06060252  0.9270401  0.19834839999999998
-0.06060252  0.9734069  0.2004779
-0.06060252  1.02061  0.20273919999999998
-0.06060252  1.067782  0.20291689999999998
-0.06060252  1.114346  0.2020929
-0.06060252  1.161464  0.2036403
-0.06060252  1.2086810000000001  0.2056904
-0.06060252  1.256005  0.20712399999999997
-0.06060252  1.302441  0.2065351
-0.06060252  1.3496279999999998  0.2066725
-0.06060252  1.396817  0.2096877
-0.06060252  1.443274  0.21102649999999998
-0.06060252  1.49047  0.2101494
-0.06060252  1.50975  0.2113263
-0.1203181  -0.1203181  0.14208379999999998
-0.1203181  -0.07333206  0.143086
-0.1203181  -0.02685696  0.1456329
-0.1203181  0.02035864  0.1505687
-0.1203181  0.06755649  0.1672747
-0.1203181  0.1140227  0.1708288
-0.1203181  0.1612452  0.1722897
-0.1203181  0.2084134  0.17623709999999998
-0.1203181  0.25562440000000003  0.1781509
-0.1203181  0.3020858  0.1792468
-0.1203181  0.3493461  0.1809387
-0.1203181  0.3965286  0.1842899
-0.1203181  0.4437502  0.1860028
-0.1203181  0.4902434  0.18640559999999998
-0.1203181  0.5374296000000001  0.1880318
-0.1203181  0.5846005  0.1913818
-0.1203181  0.6311463  0.1920256
-0.1203181  0.6783463000000001  0.1924676
-0.1203181  0.7255999000000001  0.1939968
-0.1203181  0.772812  0.19663819999999999
-0.1203181  0.8192979  0.19738129999999998
-0.1203181  0.8664839  0.19708169999999997
-0.1203181  0.9136824  0.197821
-0.1203181  0.9601611  0.20146719999999999
-0.1203181  1.007338  0.2016848
-0.1203181  1.054519  0.2009521
-0.1203181  1.101741  0.2028265
-0.1203181  1.148175  0.2047012
-0.1203181  1.195411  0.205786
-0.1203181  1.242736  0.2050782
-0.1203181  1.2891700000000001  0.2055768
-0.1203181  1.3363420000000001  0.20772079999999998
-0.1203181  1.383578  0.21032089999999998
-0.1203181  1.430727  0.2089134
-0.1203181  1.4771990000000002  0.209043
-0.1203181  1.509698  0.2116167
-0.180808  -0.180808  0.09086648
-0.180808  -0.1337892  0.0791159
-0.180808  -0.08660952000000001  0.08131107
-0.180808  -0.04011849  0.08452315
-0.180808  0.007086725  0.08879787
-0.180808  0.054291179999999994  0.1049222
-0.180808  0.1015506  0.11331269999999999
-0.180808  0.1479709  0.11806950000000001
-0.180808  0.1951857  0.12196879999999999
-0.180808  0.2423465  0.1259091
-0.180808  0.2895489  0.1340946
-0.180808  0.3360447  0.1413806
-0.180808  0.38323599999999997  0.1478614
-0.180808  0.4304452  0.1543976
-0.180808  0.4769402  0.1626895
-0.180808  0.5241416  0.17073239999999998
-0.180808  0.5713280999999999  0.17777579999999998
-0.180808  0.6186575000000001  0.1837378
-0.180808  0.6650739  0.1903739
-0.180808  0.7123165  0.1944637
-0.180808  0.7595243  0.1948099
-0.180808  0.8060178  0.19540519999999997
-0.180808  0.8531934  0.19771209999999997
-0.180808  0.9003961  0.1997505
-0.180808  0.9476232  0.199594
-0.180808  0.9940692  0.19957229999999998
-0.180808  1.041259  0.2021268
-0.180808  1.088486  0.2035872
-0.180808  1.134932  0.20301799999999998
-0.180808  1.18215  0.2031907
-0.180808  1.229344  0.20602890000000001
-0.180808  1.276642  0.2085757
-0.180808  1.323077  0.20748239999999998
-0.180808  1.3702539999999999  0.2078062
-0.180808  1.417469  0.208321
-0.180808  1.463934  0.2112841
-0.180808  1.5096559999999999  0.2128319
-0.2405293  -0.2405293  -0.02087638
-0.2405293  -0.194259  -0.02099191
-0.2405293  -0.1470667  -0.01871053
-0.2405293  -0.09986095  -0.01450794
-0.2405293  -0.05265426  -0.01046969
-0.2405293  -0.006181906  -0.006795214999999999
-0.2405293  0.04099227  0.0120393
-0.2405293  0.08820578999999999  0.02385861
-0.2405293  0.1354265  0.03157168
-0.2405293  0.1819164  0.039674230000000005
-0.2405293  0.22907460000000002  0.05220467
-0.2405293  0.2762595  0.06673609
-0.2405293  0.322768  0.08075601
-0.2405293  0.36996829999999997  0.09554884000000001
-0.2405293  0.4171875  0.1120245
-0.2405293  0.4644368  0.12774950000000002
-0.2405293  0.5108469  0.1419407
-0.2405293  0.558081  0.1557411
-0.2405293  0.6052423  0.1716998
-0.2405293  0.6518031  0.1840426
-0.2405293  0.6990102  0.1906447
-0.2405293  0.7462006999999999  0.19300050000000002
-0.2405293  0.7934468  0.195398
-0.2405293  0.8399135999999999  0.19799840000000002
-0.2405293  0.8871108000000001  0.1993675
-0.2405293  0.9343988000000001  0.1980549
-0.2405293  0.9807990999999999  0.1999404
-0.2405293  1.028003  0.20311849999999998
-0.2405293  1.075172  0.2031941
-0.2405293  1.122379  0.2027222
-0.2405293  1.168852  0.203891
-0.2405293  1.2160609999999998  0.2063208
-0.2405293  1.263381  0.20825339999999998
-0.2405293  1.309827  0.2074077
-0.2405293  1.356977  0.2069785
-0.2405293  1.404198  0.2083975
-0.2405293  1.451387  0.2115715
-0.2405293  1.4978520000000002  0.211665
-0.2405293  1.509778  0.2107953
-0.30098610000000003  -0.30098610000000003  -0.055961000000000004
-0.30098610000000003  -0.2540267  -0.05512865
-0.30098610000000003  -0.2068121  -0.05222422
-0.30098610000000003  -0.1603749  -0.04918408
-0.30098610000000003  -0.1131321  -0.04460857
-0.30098610000000003  -0.06592647  -0.04130976
-0.30098610000000003  -0.018734439999999998  -0.03636951
-0.30098610000000003  0.02775212  -0.02200146
-0.30098610000000003  0.07496367999999999  -0.003684101
-0.30098610000000003  0.122113  0.00552425
-0.30098610000000003  0.1686337  0.01667077
-0.30098610000000003  0.2157828  0.03212178
-0.30098610000000003  0.2629952  0.048584590000000004
-0.30098610000000003  0.3102905  0.06483619
-0.30098610000000003  0.3566988  0.08207305
-0.30098610000000003  0.4039468  0.1000833
-0.30098610000000003  0.45111419999999997  0.1177255
-0.30098610000000003  0.49760930000000003  0.1332538
-0.30098610000000003  0.544794  0.1486842
-0.30098610000000003  0.5919696  0.1656687
-0.30098610000000003  0.6393245  0.18069439999999998
-0.30098610000000003  0.6857222000000001  0.1884222
-0.30098610000000003  0.732952  0.19196529999999998
-0.30098610000000003  0.7801909  0.1953271
-0.30098610000000003  0.8266768  0.1971596
-0.30098610000000003  0.8738401  0.1986917
-0.30098610000000003  0.9210716999999999  0.19823
-0.30098610000000003  0.9682609  0.1994211
-0.30098610000000003  1.014725  0.20263679999999998
-0.30098610000000003  1.0618940000000001  0.2037448
-0.30098610000000003  1.109121  0.203343
-0.30098610000000003  1.155613  0.2026799
-0.30098610000000003  1.202798  0.20540019999999998
-0.30098610000000003  1.2501220000000002  0.2077224
-0.30098610000000003  1.297323  0.2080951
-0.30098610000000003  1.343731  0.2069169
-0.30098610000000003  1.3909559999999999  0.2080515
-0.30098610000000003  1.4381210000000002  0.21042049999999998
-0.30098610000000003  1.485331  0.2117121
-0.30098610000000003  1.509761  0.2113201
-0.360773  -0.360773  -0.08142692
-0.360773  -0.3145057  -0.08001169999999999
-0.360773  -0.2672401  -0.07731373999999999
-0.360773  -0.21998849999999998  -0.07397846
-0.360773  -0.1728852  -0.06992042
-0.360773  -0.1263985  -0.06675052000000001
-0.360773  -0.07922137  -0.062218499999999996
-0.360773  -0.032012639999999995  -0.054911470000000004
-0.360773  0.01447214  -0.04743738
-0.360773  0.061670520000000006  -0.02583936
-0.360773  0.10889570000000001  -0.01168462
-0.360773  0.1561069  0.0022872139999999997
-0.360773  0.20253210000000002  0.01710185
-0.360773  0.24973320000000002  0.03417335
-0.360773  0.2969293  0.053008679999999996
-0.360773  0.3434255  0.07319807
-0.360773  0.39064479999999996  0.09091476
-0.360773  0.4378578  0.1073885
-0.360773  0.4850776  0.1242359
-0.360773  0.5315181999999999  0.1423873
-0.360773  0.578705  0.1598635
-0.360773  0.6260251  0.1739969
-0.360773  0.6724873  0.1844503
-0.360773  0.7196648  0.1926863
-0.360773  0.7669176999999999  0.1961969
-0.360773  0.8141177  0.1957128
-0.360773  0.8605975  0.1965074
-0.360773  0.9078204  0.198987
-0.360773  0.9550128  0.20110909999999999
-0.360773  1.001493  0.2006432
-0.360773  1.0486410000000002  0.2005719
-0.360773  1.0958789999999998  0.2031692
-0.360773  1.143059  0.20499409999999998
-0.360773  1.189537  0.2053244
-0.360773  1.236864  0.2048302
-0.360773  1.284033  0.20485689999999998
-0.360773  1.3311959999999998  0.2084997
-0.360773  1.377668  0.21043409999999999
-0.360773  1.4248640000000001  0.20994359999999998
-0.360773  1.4720689999999998  0.2095989
-0.360773  1.509711  0.2111065
-0.4211977  -0.4211977  -0.10305769999999999
-0.4211977  -0.3742621  -0.1021244
-0.4211977  -0.3270626  -0.09918795
-0.4211977  -0.2805471  -0.09626124
-0.4211977  -0.2333177  -0.09348933
-0.4211977  -0.1861588  -0.08919384
-0.4211977  -0.13965119999999998  -0.08451903999999999
-0.4211977  -0.09246941  -0.07994137999999999
-0.4211977  -0.04525647  -0.07439111
-0.4211977  0.001968008  -0.06504352000000001
-0.4211977  0.048395969999999996  -0.04247831
-0.4211977  0.09560555999999999  -0.028065959999999997
-0.4211977  0.1428056  -0.013625739999999999
-0.4211977  0.1892334  0.004931194
-0.4211977  0.2364546  0.024879179999999997
-0.4211977  0.28364249999999996  0.043217399999999996
-0.4211977  0.33092140000000003  0.06270719
-0.4211977  0.3773424  0.08281396999999999
-0.4211977  0.424572  0.1017422
-0.4211977  0.4718004  0.1179712
-0.4211977  0.5182321  0.13430620000000001
-0.4211977  0.5654475  0.1527549
-0.4211977  0.6126418  0.17082260000000002
-0.4211977  0.6599183000000001  0.1830082
-0.4211977  0.7064392  0.1894457
-0.4211977  0.7535803  0.1935594
-0.4211977  0.8008422000000001  0.19715939999999998
-0.4211977  0.8473328999999999  0.197832
-0.4211977  0.8945073  0.1973102
-0.4211977  0.9418147  0.19873039999999997
-0.4211977  0.9889258999999999  0.2016848
-0.4211977  1.035369  0.2019907
-0.4211977  1.082592  0.2011281
-0.4211977  1.1297840000000001  0.2028505
-0.4211977  1.176956  0.2053011
-0.4211977  1.223468  0.2066554
-0.4211977  1.27076  0.2061121
-0.4211977  1.317957  0.2060727
-0.4211977  1.3644  0.2089213
-0.4211977  1.4116030000000002  0.2103149
-0.4211977  1.4588050000000001  0.2111469
-0.4211977  1.505991  0.2104405
-0.48104009999999997  -0.48104009999999997  -0.1236653
-0.48104009999999997  -0.4347623  -0.1226415
-0.48104009999999997  -0.3875522  -0.11997569999999999
-0.48104009999999997  -0.3403604  -0.11767939999999999
-0.48104009999999997  -0.2938243  -0.1144054
-0.48104009999999997  -0.2466326  -0.11112659999999999
-0.48104009999999997  -0.19943029999999998  -0.10787759999999999
-0.48104009999999997  -0.1522078  -0.10239530000000001
-0.48104009999999997  -0.10576680000000001  -0.09736048
-0.48104009999999997  -0.05856228  -0.09153404
-0.48104009999999997  -0.01133407  -0.08359308
-0.48104009999999997  0.03509945  -0.06147459
-0.48104009999999997  0.08236468999999999  -0.04290866
-0.48104009999999997  0.1294993  -0.028318839999999998
-0.48104009999999997  0.1767493  -0.009482646
-0.48104009999999997  0.2231545  0.01264203
-0.48104009999999997  0.2703874  0.034924069999999995
-0.48104009999999997  0.3176964  0.05510431
-0.48104009999999997  0.36406920000000004  0.07373628
-0.48104009999999997  0.41128190000000003  0.09283585999999999
-0.48104009999999997  0.4585105  0.1120533
-0.48104009999999997  0.5057258  0.1297752
-0.48104009999999997  0.5521727  0.1449608
-0.48104009999999997  0.5993547  0.1637602
-0.48104009999999997  0.6466638  0.1798128
-0.48104009999999997  0.6931547  0.18906230000000002
-0.48104009999999997  0.7403201  0.19211630000000002
-0.48104009999999997  0.7875845  0.19466519999999998
-0.48104009999999997  0.8347897000000001  0.1978135
-0.48104009999999997  0.8812399000000001  0.1990766
-0.48104009999999997  0.9285082  0.19941509999999998
-0.48104009999999997  0.9756606000000001  0.19909999999999997
-0.48104009999999997  1.0228410000000001  0.2016071
-0.48104009999999997  1.069309  0.2036882
-0.48104009999999997  1.116522  0.2034021
-0.48104009999999997  1.1637170000000001  0.20338889999999998
-0.48104009999999997  1.2101959999999998  0.2050511
-0.48104009999999997  1.257494  0.20811429999999997
-0.48104009999999997  1.304692  0.2085918
-0.48104009999999997  1.351865  0.2078508
-0.48104009999999997  1.398335  0.20811949999999999
-0.48104009999999997  1.445558  0.2109272
-0.48104009999999997  1.4927219999999999  0.2123009
-0.48104009999999997  1.509812  0.21153719999999998
-0.5414266  -0.5414266  -0.1441174
-0.5414266  -0.49450299999999997  -0.1439347
-0.5414266  -0.4479866  -0.1419713
-0.5414266  -0.4008127  -0.13853349999999998
-0.5414266  -0.3536063  -0.13714980000000002
-0.5414266  -0.3062417  -0.1339134
-0.5414266  -0.2599319  -0.130105
-0.5414266  -0.21272169999999999  -0.12702829999999998
-0.5414266  -0.16554560000000001  -0.1238233
-0.5414266  -0.119052  -0.1179821
-0.5414266  -0.07183104  -0.11118499999999999
-0.5414266  -0.02462766  -0.1042047
-0.5414266  0.02260963  -0.09192063
-0.5414266  0.06906126  -0.06542067
-0.5414266  0.1162744  -0.04547593
-0.5414266  0.16347309999999998  -0.02401406
-0.5414266  0.2098906  -0.001049562
-0.5414266  0.2570902  0.02300384
-0.5414266  0.30433319999999997  0.04803722
-0.5414266  0.3515567  0.06932908
-0.5414266  0.3980182  0.08687832
-0.5414266  0.4452371  0.1030256
-0.5414266  0.4924601  0.1221112
-0.5414266  0.5389319  0.1414401
-0.5414266  0.5860893  0.1594293
-0.5414266  0.6334069  0.1735774
-0.5414266  0.6805907  0.18584569999999997
-0.5414266  0.7270588  0.192989
-0.5414266  0.7743248  0.1956139
-0.5414266  0.8215743  0.19587169999999998
-0.5414266  0.8687102999999999  0.1964163
-0.5414266  0.9152114  0.1998977
-0.5414266  0.9623986999999999  0.2015993
-0.5414266  1.0095990000000001  0.1999552
-0.5414266  1.0560440000000002  0.20035309999999998
-0.5414266  1.103253  0.2037973
-0.5414266  1.1504539999999999  0.2054991
-0.5414266  1.197672  0.2047245
-0.5414266  1.244269  0.2044889
-0.5414266  1.291445  0.20584879999999997
-0.5414266  1.338608  0.2087438
-0.5414266  1.385103  0.2095539
-0.5414266  1.4322940000000002  0.20973139999999998
-0.5414266  1.479491  0.2086874
-0.5414266  1.509779  0.2122561
-0.6019301  -0.6019301  -0.1645245
-0.6019301  -0.5549552999999999  -0.1643062
-0.6019301  -0.5077531000000001  -0.16318069999999998
-0.6019301  -0.4604015  -0.1605692
-0.6019301  -0.4140878  -0.15930149999999998
-0.6019301  -0.3668885  -0.15754659999999998
-0.6019301  -0.3196551  -0.1542412
-0.6019301  -0.2731555  -0.1522656
-0.6019301  -0.22593860000000002  -0.14978149999999998
-0.6019301  -0.1787817  -0.1459831
-0.6019301  -0.13154939999999998  -0.14063979999999998
-0.6019301  -0.08506557  -0.1367764
-0.6019301  -0.03790865  -0.1310799
-0.6019301  0.009314178  -0.1205908
-0.6019301  0.05578521  -0.09287857
-0.6019301  0.1029938  -0.07104192
-0.6019301  0.1501806  -0.04641461
-0.6019301  0.1973962  -0.01546622
-0.6019301  0.24382310000000001  0.01522299
-0.6019301  0.2910587  0.042364
-0.6019301  0.3383019  0.06236498
-0.6019301  0.3848419  0.08120752
-0.6019301  0.4319508  0.1003544
-0.6019301  0.47918900000000003  0.1189253
-0.6019301  0.5263817000000001  0.1354367
-0.6019301  0.5728073  0.1521306
-0.6019301  0.6201755000000001  0.169578
-0.6019301  0.6673234  0.1843624
-0.6019301  0.7145165  0.1910294
-0.6019301  0.7610208  0.1928659
-0.6019301  0.8082817  0.19573870000000002
-0.6019301  0.8554651  0.1986028
-0.6019301  0.9019446  0.19901319999999997
-0.6019301  0.9491276000000001  0.199075
-0.6019301  0.9963285  0.1998601
-0.6019301  1.043524  0.2029722
-0.6019301  1.09  0.2044049
-0.6019301  1.1371959999999999  0.2032034
-0.6019301  1.184408  0.20366230000000002
-0.6019301  1.2310029999999998  0.2056994
-0.6019301  1.278184  0.2079831
-0.6019301  1.325358  0.2081431
-0.6019301  1.3725399999999999  0.20742
-0.6019301  1.4190180000000001  0.2082926
-0.6019301  1.466212  0.21087340000000002
-0.6019301  1.5097349999999998  0.21265199999999998
-0.6618184  -0.6618184  -0.17957009999999998
-0.6618184  -0.6148104  -0.1791133
-0.6618184  -0.5682282  -0.17731299999999997
-0.6618184  -0.5210674000000001  -0.1772564
-0.6618184  -0.4738536  -0.1752926
-0.6618184  -0.4273831  -0.1724942
-0.6618184  -0.38017439999999997  -0.1722706
-0.6618184  -0.3329624  -0.1701217
-0.6618184  -0.2857062  -0.1678206
-0.6618184  -0.23920760000000002  -0.16580309999999998
-0.6618184  -0.1920511  -0.1638712
-0.6618184  -0.1448561  -0.1610342
-0.6618184  -0.09838366000000001  -0.15594019999999997
-0.6618184  -0.051180210000000004  -0.15184989999999998
-0.6618184  -0.003952184  -0.1462097
-0.6618184  0.04321329  -0.12302029999999999
-0.6618184  0.08970751  -0.1001444
-0.6618184  0.1369156  -0.07134932000000001
-0.6618184  0.1841104  -0.03286306
-0.6618184  0.2305452  0.003854567
-0.6618184  0.2777387  0.0348014
-0.6618184  0.3250255  0.060785349999999995
-0.6618184  0.3721836  0.08126022999999999
-0.6618184  0.41866129999999996  0.09740481999999999
-0.6618184  0.4659091  0.11371529999999999
-0.6618184  0.5131114999999999  0.1322648
-0.6618184  0.560286  0.15098450000000002
-0.6618184  0.6067627999999999  0.166405
-0.6618184  0.6540736  0.17848540000000002
-0.6618184  0.7012573  0.18892599999999998
-0.6618184  0.7477183  0.1943493
-0.6618184  0.7949693999999999  0.1966101
-0.6618184  0.8421858999999999  0.1962675
-0.6618184  0.8893777  0.1976732
-0.6618184  0.9358886  0.2004559
-0.6618184  0.9830422  0.2018864
-0.6618184  1.0302529999999999  0.2012269
-0.6618184  1.0767390000000001  0.20055520000000002
-0.6618184  1.123924  0.20336759999999998
-0.6618184  1.171109  0.2053543
-0.6618184  1.218325  0.2068018
-0.6618184  1.264904  0.2063183
-0.6618184  1.312091  0.20675439999999998
-0.6618184  1.359269  0.2082741
-0.6618184  1.405736  0.21043889999999998
-0.6618184  1.452936  0.2106206
-0.6618184  1.500149  0.2104908
-0.6618184  1.509863  0.21145239999999998
-0.7223237  -0.7223237  -0.1868185
-0.7223237  -0.6753170000000001  -0.18637220000000002
-0.7223237  -0.6281074999999999  -0.1851044
-0.7223237  -0.5815262  -0.1840147
-0.7223237  -0.5343273000000001  -0.18216179999999998
-0.7223237  -0.48714789999999997  -0.1811091
-0.7223237  -0.4399255  -0.1804346
-0.7223237  -0.39345620000000003  -0.1780278
-0.7223237  -0.3462607  -0.17655939999999998
-0.7223237  -0.2989844  -0.1762011
-0.7223237  -0.2525259  -0.1740366
-0.7223237  -0.2053237  -0.1713257
-0.7223237  -0.158158  -0.1693175
-0.7223237  -0.11091759999999999  -0.1685047
-0.7223237  -0.06446172  -0.16471119999999997
-0.7223237  -0.01723061  -0.1591313
-0.7223237  0.02997339  -0.1447858
-0.7223237  0.07641884  -0.1260635
-0.7223237  0.1236075  -0.10396319999999999
-0.7223237  0.17082640000000002  -0.057245779999999996
-0.7223237  0.2180147  -0.002823221
-0.7223237  0.26447879999999996  0.030827609999999995
-0.7223237  0.3117664  0.05571458
-0.7223237  0.3589289  0.07704146
-0.7223237  0.40613720000000003  0.09624012
-0.7223237  0.45262630000000004  0.1126633
-0.7223237  0.4999768  0.12779469999999998
-0.7223237  0.5470141  0.1444335
-0.7223237  0.5934756  0.1625132
-0.7223237  0.6407670000000001  0.1782985
-0.7223237  0.6879774999999999  0.18656559999999997
-0.7223237  0.7352313  0.1908554
-0.7223237  0.7817019000000001  0.19493670000000002
-0.7223237  0.8289276  0.19768229999999998
-0.7223237  0.8761152  0.1983967
-0.7223237  0.9226814000000001  0.1976219
-0.7223237  0.9697882  0.1992215
-0.7223237  1.0169890000000001  0.2026474
-0.7223237  1.064163  0.2037808
-0.7223237  1.110664  0.2020028
-0.7223237  1.157845  0.2026144
-0.7223237  1.205063  0.2053852
-0.7223237  1.2516500000000002  0.2074367
-0.7223237  1.298835  0.2073733
-0.7223237  1.346016  0.20680779999999999
-0.7223237  1.3932309999999999  0.20824689999999998
-0.7223237  1.439668  0.21102490000000002
-0.7223237  1.48687  0.2117655
-0.7223237  1.509831  0.21065759999999997
-0.7821131  -0.7821131  -0.1901117
-0.7821131  -0.7358075000000001  -0.1892403
-0.7821131  -0.6885784  -0.188139
-0.7821131  -0.641377  -0.1866835
-0.7821131  -0.5940294  -0.1856765
-0.7821131  -0.5476094  -0.18502629999999998
-0.7821131  -0.5004187999999999  -0.1835885
-0.7821131  -0.45319420000000005  -0.181342
-0.7821131  -0.4067222  -0.1806052
-0.7821131  -0.3595328  -0.17993199999999998
-0.7821131  -0.3123157  -0.1784576
-0.7821131  -0.26505680000000004  -0.1754321
-0.7821131  -0.2185972  -0.17430489999999998
-0.7821131  -0.1714135  -0.17350190000000001
-0.7821131  -0.1241895  -0.1718766
-0.7821131  -0.07700058  -0.1678735
-0.7821131  -0.0305026  -0.1648403
-0.7821131  0.01669513  -0.1604036
-0.7821131  0.06391154  -0.1410034
-0.7821131  0.1103313  -0.1250508
-0.7821131  0.1576014  -0.08948186999999999
-0.7821131  0.2047843  -0.01737541
-0.7821131  0.2519492  0.023653479999999998
-0.7821131  0.29846  0.05120849
-0.7821131  0.3456649  0.07428313
-0.7821131  0.3928628  0.09296781999999999
-0.7821131  0.4393486  0.1085538
-0.7821131  0.4865743  0.12436549999999999
-0.7821131  0.5337297  0.14139480000000001
-0.7821131  0.5809425  0.1598048
-0.7821131  0.6275159  0.1730152
-0.7821131  0.6747106  0.1828956
-0.7821131  0.7219423  0.1905739
-0.7821131  0.7687894  0.1956648
-0.7821131  0.8156479000000001  0.1972232
-0.7821131  0.8628413  0.1967812
-0.7821131  0.9100424  0.1977407
-0.7821131  0.9565383000000001  0.20090919999999998
-0.7821131  1.003728  0.20261659999999998
-0.7821131  1.050904  0.2023073
-0.7821131  1.097397  0.2010318
-0.7821131  1.1445750000000001  0.2040078
-0.7821131  1.1918140000000002  0.2063279
-0.7821131  1.239192  0.20631549999999999
-0.7821131  1.285584  0.206233
-0.7821131  1.332771  0.2069714
-0.7821131  1.379943  0.20968599999999998
-0.7821131  1.427158  0.2109538
-0.7821131  1.473621  0.2103517
-0.7821131  1.509793  0.2109332
-0.8425897999999999  -0.8425897999999999  -0.1921273
-0.8425897999999999  -0.7955994  -0.19122989999999998
-0.8425897999999999  -0.7483434  -0.1900878
-0.8425897999999999  -0.7018636  -0.1886466
-0.8425897999999999  -0.654667  -0.1882591
-0.8425897999999999  -0.6073237  -0.18663459999999998
-0.8425897999999999  -0.5608506  -0.1855843
-0.8425897999999999  -0.5137058  -0.1840787
-0.8425897999999999  -0.4664998  -0.1835533
-0.8425897999999999  -0.41924279999999997  -0.1812559
-0.8425897999999999  -0.3727969  -0.1797357
-0.8425897999999999  -0.32556799999999997  -0.1791859
-0.8425897999999999  -0.2783384  -0.17805290000000001
-0.8425897999999999  -0.23113519999999999  -0.1754178
-0.8425897999999999  -0.1847023  -0.17317
-0.8425897999999999  -0.1374738  -0.1722822
-0.8425897999999999  -0.09028233000000001  -0.1712493
-0.8425897999999999  -0.04379301  -0.1671334
-0.8425897999999999  0.00344627  -0.16282939999999999
-0.8425897999999999  0.050621929999999996  -0.1466682
-0.8425897999999999  0.09785026999999999  -0.13718660000000002
-0.8425897999999999  0.144263  -0.1191537
-0.8425897999999999  0.1914783  -0.03698972
-0.8425897999999999  0.23866020000000002  0.0169202
-0.8425897999999999  0.28515640000000003  0.04463382
-0.8425897999999999  0.33239569999999996  0.06748526
-0.8425897999999999  0.3795819  0.08824627
-0.8425897999999999  0.4268149  0.10657939999999999
-0.8425897999999999  0.4732954  0.1202934
-0.8425897999999999  0.5204841  0.13559569999999999
-0.8425897999999999  0.5676661000000001  0.1540318
-0.8425897999999999  0.6141467  0.1698499
-0.8425897999999999  0.6614219  0.18131540000000002
-0.8425897999999999  0.7086640999999999  0.1883383
-0.8425897999999999  0.7558701999999999  0.19364839999999997
-0.8425897999999999  0.8024131  0.19741499999999998
-0.8425897999999999  0.8495501000000001  0.19806279999999998
-0.8425897999999999  0.8967626  0.1972602
-0.8425897999999999  0.9433007999999999  0.1991549
-0.8425897999999999  0.9904381  0.2023287
-0.8425897999999999  1.037701  0.2020317
-0.8425897999999999  1.084856  0.2011938
-0.8425897999999999  1.131297  0.2026978
-0.8425897999999999  1.1785109999999999  0.2057443
-0.8425897999999999  1.225732  0.2063661
-0.8425897999999999  1.273048  0.20688099999999998
-0.8425897999999999  1.31951  0.20628939999999998
-0.8425897999999999  1.3666559999999999  0.2078517
-0.8425897999999999  1.41387  0.2105128
-0.8425897999999999  1.460355  0.21145629999999999
-0.8425897999999999  1.507527  0.21176199999999998
-0.902366  -0.902366  -0.1933518
-0.902366  -0.8560938  -0.19227139999999998
-0.902366  -0.8089153  -0.1913025
-0.902366  -0.7616719000000001  -0.19038829999999998
-0.902366  -0.7151665  -0.1894872
-0.902366  -0.6679526  -0.187835
-0.902366  -0.6207453  -0.18706309999999998
-0.902366  -0.5734084  -0.186314
-0.902366  -0.5269529  -0.1841526
-0.902366  -0.4797862  -0.18319000000000002
-0.902366  -0.4325593  -0.1825793
-0.902366  -0.3853562  -0.1814184
-0.902366  -0.3388783  -0.1787238
-0.902366  -0.2916239  -0.1770928
-0.902366  -0.24443440000000002  -0.1767591
-0.902366  -0.19796029999999998  -0.175457
-0.902366  -0.15075909999999998  -0.1726
-0.902366  -0.10356019999999999  -0.1693751
-0.902366  -0.05633969  -0.1689487
-0.902366  -0.009880151  -0.16700990000000002
-0.902366  0.037351100000000005  -0.14994549999999998
-0.902366  0.08455061000000001  -0.1390334
-0.902366  0.1309845  -0.1315369
-0.902366  0.1782435  -0.07673643999999999
-0.902366  0.2253723  0.005472728
-0.902366  0.27259859999999997  0.03986599
-0.902366  0.3191198  0.0647944
-0.902366  0.36630799999999997  0.0837581
-0.902366  0.4135505  0.09931865000000001
-0.902366  0.4600015  0.1162753
-0.902366  0.5072095  0.1338574
-0.902366  0.5543988000000001  0.1492304
-0.902366  0.6015834999999999  0.1642362
-0.902366  0.648166  0.1780039
-0.902366  0.6953591  0.18891919999999998
-0.902366  0.7425758  0.19399639999999999
-0.902366  0.7891174999999999  0.19394599999999998
-0.902366  0.8362976999999999  0.1959427
-0.902366  0.883486  0.1987578
-0.902366  0.9307662  0.2004537
-0.902366  0.9771577  0.19934280000000001
-0.902366  1.0243710000000001  0.20019220000000001
-0.902366  1.071557  0.20265840000000002
-0.902366  1.118774  0.2049664
-0.902366  1.165243  0.2046285
-0.902366  1.2124480000000002  0.2047014
-0.902366  1.259761  0.2051104
-0.902366  1.306466  0.20796939999999997
-0.902366  1.3533810000000002  0.21010500000000001
-0.902366  1.400604  0.2094016
-0.902366  1.4477950000000002  0.2088503
-0.902366  1.494266  0.2102003
-0.902366  1.509864  0.2114673
-0.962856  -0.962856  -0.1950877
-0.962856  -0.9158221  -0.1939081
-0.962856  -0.8693712  -0.1930842
-0.962856  -0.8221848  -0.19187859999999998
-0.962856  -0.7749681  -0.19092959999999998
-0.962856  -0.7276798999999999  -0.19028109999999998
-0.962856  -0.6812201999999999  -0.18819409999999998
-0.962856  -0.634014  -0.18715299999999999
-0.962856  -0.5866804  -0.186976
-0.962856  -0.5395268999999999  -0.1851341
-0.962856  -0.49304329999999996  -0.18307800000000002
-0.962856  -0.44582679999999997  -0.1823832
-0.962856  -0.3986339  -0.1818015
-0.962856  -0.3521494  -0.1803944
-0.962856  -0.3048802  -0.1774748
-0.962856  -0.2576977  -0.176943
-0.962856  -0.210446  -0.1764866
-0.962856  -0.1640631  -0.17436569999999998
-0.962856  -0.1168188  -0.170424
-0.962856  -0.06963154  -0.1688924
-0.962856  -0.02315232  -0.1678793
-0.962856  0.024067340000000003  -0.1611518
-0.962856  0.07126962  -0.1430276
-0.962856  0.1184953  -0.1350616
-0.962856  0.164936  -0.1161569
-0.962856  0.21212899999999998  -0.006661205999999999
-0.962856  0.2593163  0.03135321
-0.962856  0.30581349999999996  0.05840319
-0.962856  0.35302269999999997  0.07891305
-0.962856  0.4002455  0.09568148
-0.962856  0.44746359999999996  0.1109768
-0.962856  0.4939667  0.12874039999999998
-0.962856  0.5411344  0.1457902
-0.962856  0.5883089  0.1602326
-0.962856  0.6349133  0.1735187
-0.962856  0.6820953  0.18546559999999998
-0.962856  0.7292904  0.1933191
-0.962856  0.7765552  0.1950531
-0.962856  0.8230134  0.1944383
-0.962856  0.8702112  0.1970392
-0.962856  0.917446  0.1997307
-0.962856  0.9646288  0.20044569999999998
-0.962856  1.011116  0.20007729999999999
-0.962856  1.0582799999999999  0.2008921
-0.962856  1.1055039999999998  0.2050685
-0.962856  1.151968  0.2049036
-0.962856  1.1991690000000002  0.2040107
-0.962856  1.246494  0.2046556
-0.962856  1.293677  0.2074443
-0.962856  1.340126  0.2098398
-0.962856  1.387345  0.20993399999999998
-0.962856  1.4345150000000002  0.20887609999999998
-0.962856  1.480989  0.2102172
-0.962856  1.509817  0.2114586
-1.023321  -1.023321  -0.1963899
-1.023321  -0.9763347  -0.1955291
-1.023321  -0.9291598  -0.1941908
-1.023321  -0.8818766  -0.1935444
-1.023321  -0.8354438  -0.19245929999999997
-1.023321  -0.788237  -0.1912558
-1.023321  -0.7409698  -0.1903215
-1.023321  -0.6937629  -0.1896705
-1.023321  -0.6472738  -0.1875452
-1.023321  -0.5999429000000001  -0.1863685
-1.023321  -0.5527874  -0.1860144
-1.023321  -0.5063123  -0.1850189
-1.023321  -0.459086  -0.1826975
-1.023321  -0.4118713  -0.1810584
-1.023321  -0.3646913  -0.1807291
-1.023321  -0.3182277  -0.1798468
-1.023321  -0.2709728  -0.1773791
-1.023321  -0.2237534  -0.1748801
-1.023321  -0.17734119999999998  -0.1745323
-1.023321  -0.1300898  -0.17334229999999998
-1.023321  -0.08290726  -0.170502
-1.023321  -0.0356944  -0.1664591
-1.023321  0.01081339  -0.16401870000000002
-1.023321  0.05802046  -0.14813749999999998
-1.023321  0.1052169  -0.1399128
-1.023321  0.15164760000000002  -0.1283176
-1.023321  0.1988544  -0.02297465
-1.023321  0.2460513  0.02267218
-1.023321  0.29325799999999996  0.0494717
-1.023321  0.3397634  0.07219367
-1.023321  0.38697370000000003  0.09218206
-1.023321  0.4341821  0.1082868
-1.023321  0.4807289  0.122288
-1.023321  0.5278416  0.1387553
-1.023321  0.5750331  0.1568466
-1.023321  0.6223876  0.17241
-1.023321  0.6688093  0.1817465
-1.023321  0.7160615  0.1892749
-1.023321  0.7632578999999999  0.1950902
-1.023321  0.8104781000000001  0.19714910000000002
-1.023321  0.8569486000000001  0.19705969999999998
-1.023321  0.9041501  0.1970127
-1.023321  0.9513842  0.1995189
-1.023321  0.9978283  0.2026734
-1.023321  1.04499  0.2021438
-1.023321  1.092222  0.2025593
-1.023321  1.139417  0.2028107
-1.023321  1.18589  0.2055591
-1.023321  1.233223  0.2075892
-1.023321  1.280395  0.2073121
-1.023321  1.326843  0.20664369999999999
-1.023321  1.374058  0.2078204
-1.023321  1.421325  0.2097527
-1.023321  1.468452  0.2122232
-1.023321  1.5097660000000002  0.2111466
-1.083067  -1.083067  -0.1979248
-1.083067  -1.035933  -0.1963503
-1.083067  -0.9896020999999999  -0.1957535
-1.083067  -0.9424258999999999  -0.19494630000000002
-1.083067  -0.8951669000000001  -0.1932856
-1.083067  -0.8479703  -0.1926025
-1.083067  -0.8014901999999999  -0.19184669999999998
-1.083067  -0.75424  -0.19091339999999998
-1.083067  -0.7070374  -0.1893757
-1.083067  -0.660551  -0.18805149999999998
-1.083067  -0.6132997  -0.18775509999999998
-1.083067  -0.566061  -0.1860587
-1.083067  -0.5188379999999999  -0.18382099999999998
-1.083067  -0.4724034  -0.1833347
-1.083067  -0.42517079999999996  -0.1830355
-1.083067  -0.37796660000000004  -0.1811922
-1.083067  -0.3315054  -0.17874659999999998
-1.083067  -0.2842322  -0.177488
-1.083067  -0.2370484  -0.1770567
-1.083067  -0.18983070000000002  -0.1752627
-1.083067  -0.1433552  -0.1724585
-1.083067  -0.09618114  -0.1700805
-1.083067  -0.04897595  -0.1687543
-1.083067  -0.0024951500000000002  -0.16682139999999998
-1.083067  0.04471457  -0.1502805
-1.083067  0.09198511999999999  -0.13912049999999998
-1.083067  0.1391004  -0.1329948
-1.083067  0.18560759999999998  -0.06537132
-1.083067  0.2327537  0.011437639999999999
-1.083067  0.2799731  0.04342919
-1.083067  0.3264904  0.0679936
-1.083067  0.3736692  0.08754629
-1.083067  0.42088600000000004  0.1019118
-1.083067  0.4681343  0.1181179
-1.083067  0.5145483000000001  0.1355113
-1.083067  0.5617767  0.15294709999999997
-1.083067  0.6089592  0.1668074
-1.083067  0.6562705  0.1791249
-1.083067  0.7027445999999999  0.1888332
-1.083067  0.7499293  0.1951985
-1.083067  0.7971797  0.1950609
-1.083067  0.8436567  0.1957293
-1.083067  0.8908377000000001  0.19775479999999998
-1.083067  0.9381047  0.2005816
-1.083067  0.9852609  0.20168350000000002
-1.083067  1.031725  0.20089559999999998
-1.083067  1.078952  0.2015785
-1.083067  1.1261320000000001  0.20368599999999998
-1.083067  1.172615  0.2059366
-1.083067  1.219812  0.2065272
-1.083067  1.2671130000000002  0.2055546
-1.083067  1.314312  0.20644629999999997
-1.083067  1.36073  0.2091271
-1.083067  1.407959  0.2109642
-1.083067  1.455181  0.21083429999999997
-1.083067  1.501615  0.2096993
-1.083067  1.5098710000000002  0.21120129999999998
-1.143553  -1.143553  -0.1987268
-1.143553  -1.096578  -0.1978936
-1.143553  -1.0493320000000002  -0.19691709999999998
-1.143553  -1.002143  -0.196512
-1.143553  -0.9556595  -0.194472
-1.143553  -0.9084466999999999  -0.1940003
-1.143553  -0.8612466  -0.1933376
-1.143553  -0.8147719  -0.1915827
-1.143553  -0.7675689  -0.1902251
-1.143553  -0.7203151  -0.1900542
-1.143553  -0.6730946999999999  -0.1889391
-1.143553  -0.6266301999999999  -0.1868293
-1.143553  -0.5792955  -0.1858204
-1.143553  -0.532072  -0.1853736
-1.143553  -0.4856683  -0.1847405
-1.143553  -0.4384203  -0.1822944
-1.143553  -0.391252  -0.18023019999999998
-1.143553  -0.34402730000000004  -0.1799739
-1.143553  -0.29750279999999996  -0.1791179
-1.143553  -0.2503282  -0.1759942
-1.143553  -0.2031154  -0.1738342
-1.143553  -0.1566788  -0.1733461
-1.143553  -0.10945740000000001  -0.172716
-1.143553  -0.062249070000000004  -0.16967680000000002
-1.143553  -0.01503887  -0.1653738
-1.143553  0.03143692  -0.1533351
-1.143553  0.07869325  -0.1431355
-1.143553  0.12587009999999998  -0.1380229
-1.143553  0.17233420000000002  -0.1115758
-1.143553  0.2194693  0.004147304
-1.143553  0.26668329999999996  0.038022209999999994
-1.143553  0.3139816  0.0605883
-1.143553  0.3603947  0.0801167
-1.143553  0.40761369999999997  0.09923555
-1.143553  0.4548303  0.1165704
-1.143553  0.5020498999999999  0.1305582
-1.143553  0.5485071  0.1458855
-1.143553  0.5956729000000001  0.1637192
-1.143553  0.6429886  0.17790920000000002
-1.143553  0.6894827  0.1862482
-1.143553  0.7366477  0.1908895
-1.143553  0.7839075  0.1948316
-1.143553  0.8311712  0.19832049999999998
-1.143553  0.8775751  0.1987398
-1.143553  0.924867  0.1982695
-1.143553  0.9719861  0.19968930000000001
-1.143553  1.018468  0.20280649999999997
-1.143553  1.065636  0.2036722
-1.143553  1.112853  0.20357609999999998
-1.143553  1.160053  0.2030387
-1.143553  1.2065270000000001  0.2044548
-1.143553  1.253855  0.2074065
-1.143553  1.301026  0.2092878
-1.143553  1.347464  0.20791489999999999
-1.143553  1.394677  0.2072278
-1.143553  1.441895  0.20913069999999997
-1.143553  1.4890750000000001  0.21212119999999998
-1.143553  1.5098230000000001  0.2112562
-1.203258  -1.203258  -0.20021009999999997
-1.203258  -1.156276  -0.199263
-1.203258  -1.109827  -0.1983482
-1.203258  -1.062604  -0.19732829999999998
-1.203258  -1.015414  -0.196686
-1.203258  -0.9688985999999999  -0.1954822
-1.203258  -0.9217595  -0.1940914
-1.203258  -0.8745063  -0.19312959999999998
-1.203258  -0.8272938000000001  -0.1927671
-1.203258  -0.7808339  -0.1915243
-1.203258  -0.7335651000000001  -0.1894766
-1.203258  -0.6863516  -0.18877069999999999
-1.203258  -0.6398998  -0.1884643
-1.203258  -0.5925585  -0.1870647
-1.203258  -0.5453895999999999  -0.18474659999999998
-1.203258  -0.49814600000000003  -0.1839175
-1.203258  -0.4516919  -0.18377970000000002
-1.203258  -0.40451729999999997  -0.1823862
-1.203258  -0.35732119999999995  -0.1796753
-1.203258  -0.31082580000000004  -0.1779359
-1.203258  -0.2635846  -0.177594
-1.203258  -0.21637530000000002  -0.1770452
-1.203258  -0.169207  -0.1734864
-1.203258  -0.12271169999999999  -0.1706993
-1.203258  -0.07548761000000001  -0.1698844
-1.203258  -0.028308399999999997  -0.16921899999999998
-1.203258  0.018178879999999998  -0.1636545
-1.203258  0.06538646  -0.1443472
-1.203258  0.11259269999999999  -0.1369165
-1.203258  0.15979169999999998  -0.12725609999999998
-1.203258  0.20622810000000003  -0.01361996
-1.203258  0.2534184  0.02801062
-1.203258  0.30065  0.05610949
-1.203258  0.3478633  0.07705242
-1.203258  0.3943878  0.09293345
-1.203258  0.4415516  0.1088869
-1.203258  0.488784  0.12713739999999998
-1.203258  0.5352289  0.1438296
-1.203258  0.5824034  0.1590557
-1.203258  0.6297576  0.1717861
-1.203258  0.6769135  0.1837634
-1.203258  0.7233938000000001  0.1923307
-1.203258  0.7706443000000001  0.1959429
-1.203258  0.8178529  0.1958895
-1.203258  0.8642949  0.1964062
-1.203258  0.9115232  0.1993776
-1.203258  0.9587103  0.2017541
-1.203258  1.005907  0.20171
-1.203258  1.052368  0.2009516
-1.203258  1.099587  0.2016381
-1.203258  1.146787  0.2048629
-1.203258  1.193257  0.2062651
-1.203258  1.2405719999999998  0.2069528
-1.203258  1.287776  0.20591679999999998
-1.203258  1.3349259999999998  0.2061699
-1.203258  1.381397  0.2091091
-1.203258  1.428597  0.21129889999999998
-1.203258  1.475793  0.2111434
-1.203258  1.509771  0.21023489999999997
-1.2638  -1.2638  -0.2015402
-1.2638  -1.216717  -0.200662
-1.2638  -1.169537  -0.1996442
-1.2638  -1.123085  -0.19871999999999998
-1.2638  -1.075885  -0.19752419999999998
-1.2638  -1.028673  -0.1969975
-1.2638  -0.9814632  -0.19581359999999998
-1.2638  -0.9350334  -0.19416139999999998
-1.2638  -0.8877727  -0.1933863
-1.2638  -0.8405624  -0.1926247
-1.2638  -0.7941047999999999  -0.1920849
-1.2638  -0.7468257  -0.1903194
-1.2638  -0.6996243  -0.18882680000000002
-1.2638  -0.6524242  -0.1883899
-1.2638  -0.6058116  -0.1880695
-1.2638  -0.55867  -0.18622309999999997
-1.2638  -0.5114558  -0.1839206
-1.2638  -0.464979  -0.1825171
-1.2638  -0.4177755  -0.18301769999999998
-1.2638  -0.3705817  -0.1812571
-1.2638  -0.3233503  -0.1781565
-1.2638  -0.2768463  -0.1764951
-1.2638  -0.2295306  -0.1761016
-1.2638  -0.1824889  -0.1758881
-1.2638  -0.1359833  -0.1732345
-1.2638  -0.08879806999999999  -0.1695813
-1.2638  -0.0415826  -0.167339
-1.2638  0.005686039  -0.16626100000000002
-1.2638  0.052102499999999996  -0.14880770000000001
-1.2638  0.0993308  -0.1394879
-1.2638  0.14649879999999998  -0.1308811
-1.2638  0.19369640000000002  -0.03747295
-1.2638  0.2401585  0.0178393
-1.2638  0.2873473  0.04659032
-1.2638  0.3345893  0.0702269
-1.2638  0.3810685  0.08987612
-1.2638  0.428279  0.1064566
-1.2638  0.47549779999999997  0.1210393
-1.2638  0.5226886  0.13746170000000002
-1.2638  0.5691168  0.15532179999999998
-1.2638  0.616459  0.1709526
-1.2638  0.6636321000000001  0.1814048
-1.2638  0.7101075  0.1883928
-1.2638  0.7573434  0.1942382
-1.2638  0.8045644999999999  0.1973527
-1.2638  0.8517650999999999  0.19732819999999998
-1.2638  0.8982539  0.1971061
-1.2638  0.9454409  0.1991946
-1.2638  0.9926322  0.2021034
-1.2638  1.039087  0.2028558
-1.2638  1.0863040000000002  0.2026595
-1.2638  1.13348  0.2021848
-1.2638  1.180702  0.2048373
-1.2638  1.227175  0.20675159999999998
-1.2638  1.274482  0.2078572
-1.2638  1.321631  0.2066647
-1.2638  1.368103  0.207087
-1.2638  1.415308  0.2089111
-1.2638  1.462518  0.2108434
-1.2638  1.50971  0.21225660000000002
-1.323526  -1.323526  -0.2027768
-1.323526  -1.277298  -0.20192939999999998
-1.323526  -1.230118  -0.2005015
-1.323526  -1.182827  -0.19978939999999998
-1.323526  -1.135619  -0.19893819999999998
-1.323526  -1.089169  -0.19750959999999998
-1.323526  -1.041947  -0.1965061
-1.323526  -0.9947355  -0.1963869
-1.323526  -0.9482756000000001  -0.1953682
-1.323526  -0.9010321  -0.1936226
-1.323526  -0.8538505  -0.19219779999999997
-1.323526  -0.8066547000000001  -0.19245969999999998
-1.323526  -0.7601481  -0.191465
-1.323526  -0.7129271  -0.1890782
-1.323526  -0.6657067  -0.1879771
-1.323526  -0.6192341  -0.1879528
-1.323526  -0.5719156000000001  -0.18690610000000002
-1.323526  -0.5247352  -0.185006
-1.323526  -0.4775387  -0.182725
-1.323526  -0.4310407  -0.1823564
-1.323526  -0.3838552  -0.1820956
-1.323526  -0.33667270000000005  -0.1801607
-1.323526  -0.2901368  -0.1773681
-1.323526  -0.2429289  -0.1755261
-1.323526  -0.1957313  -0.1757637
-1.323526  -0.14853370000000002  -0.1744083
-1.323526  -0.10207340000000001  -0.1707079
-1.323526  -0.054868639999999996  -0.16761679999999998
-1.323526  -0.007641598  -0.1658041
-1.323526  0.03957315  -0.1516818
-1.323526  0.08603571  -0.1416422
-1.323526  0.13321629999999998  -0.1352876
-1.323526  0.1804288  -0.08682395
-1.323526  0.2268573  0.008941872
-1.323526  0.27406549999999996  0.039943919999999994
-1.323526  0.3213288  0.06289410000000001
-1.323526  0.3685119  0.08369616
-1.323526  0.4149839  0.1020847
-1.323526  0.4622435  0.1176439
-1.323526  0.5094144  0.1321774
-1.323526  0.5558630000000001  0.1494642
-1.323526  0.6030483000000001  0.16674819999999999
-1.323526  0.6503361999999999  0.1803036
-1.323526  0.6975465000000001  0.1867987
-1.323526  0.7439973999999999  0.1913697
-1.323526  0.791267  0.19507929999999998
-1.323526  0.838485  0.1987732
-1.323526  0.884938  0.19793809999999998
-1.323526  0.9322263000000001  0.1978282
-1.323526  0.9793464000000001  0.1990758
-1.323526  1.026528  0.2022616
-1.323526  1.0729980000000001  0.20356359999999998
-1.323526  1.120214  0.20439429999999997
-1.323526  1.167384  0.2023323
-1.323526  1.213893  0.2045868
-1.323526  1.261185  0.2073823
-1.323526  1.308396  0.2082734
-1.323526  1.3555650000000001  0.2071566
-1.323526  1.4020350000000001  0.2078735
-1.323526  1.4492170000000002  0.2094746
-1.323526  1.496421  0.2121771
-1.323526  1.509822  0.2113732
-1.384018  -1.384018  -0.2040574
-1.384018  -1.3370199999999999  -0.202881
-1.384018  -1.2898479999999999  -0.202478
-1.384018  -1.243374  -0.20160260000000002
-1.384018  -1.196082  -0.20060299999999998
-1.384018  -1.148854  -0.1989061
-1.384018  -1.102429  -0.1987447
-1.384018  -1.055152  -0.1977248
-1.384018  -1.008024  -0.1960055
-1.384018  -0.9608127  -0.1949119
-1.384018  -0.9143096000000001  -0.1948566
-1.384018  -0.8671266000000001  -0.1933456
-1.384018  -0.8199216  -0.19159949999999998
-1.384018  -0.7734568  -0.1909838
-1.384018  -0.7262025  -0.190514
-1.384018  -0.6789796  -0.1896204
-1.384018  -0.6317622  -0.1876285
-1.384018  -0.5851687  -0.1854334
-1.384018  -0.5380005999999999  -0.185606
-1.384018  -0.4908174  -0.1848105
-1.384018  -0.44433100000000003  -0.1827888
-1.384018  -0.3971249  -0.18081029999999998
-1.384018  -0.3499355  -0.1790307
-1.384018  -0.3026561  -0.1792434
-1.384018  -0.2562092  -0.17818820000000002
-1.384018  -0.2090031  -0.1754516
-1.384018  -0.1618223  -0.1721826
-1.384018  -0.1145192  -0.17151260000000002
-1.384018  -0.06814435  -0.1708558
-1.384018  -0.02093012  -0.1681222
-1.384018  0.02627742  -0.15754859999999998
-1.384018  0.07281448  -0.14178429999999997
-1.384018  0.1199416  -0.1370745
-1.384018  0.1671492  -0.12133429999999999
-1.384018  0.21434370000000003  -0.0037525819999999995
-1.384018  0.26079559999999996  0.03440662
-1.384018  0.30818110000000004  0.059749569999999995
-1.384018  0.3552247  0.07916819
-1.384018  0.4016982  0.09471638
-1.384018  0.448923  0.11166670000000001
-1.384018  0.49614030000000003  0.12919440000000001
-1.384018  0.5433114  0.1464912
-1.384018  0.5897627999999999  0.16105540000000002
-1.384018  0.6370768  0.1737251
-1.384018  0.684256  0.1847851
-1.384018  0.7307551999999999  0.1933019
-1.384018  0.7780083  0.1957872
-1.384018  0.8252134999999999  0.1958082
-1.384018  0.8723931  0.1960334
-1.384018  0.9188723  0.1988821
-1.384018  0.9660923  0.20091409999999998
-1.384018  1.013264  0.2023922
-1.384018  1.059734  0.2019581
-1.384018  1.106941  0.2015611
-1.384018  1.1541489999999999  0.20263440000000002
-1.384018  1.201358  0.20488440000000002
-1.384018  1.247917  0.2070874
-1.384018  1.29511  0.20757689999999998
-1.384018  1.342297  0.2065834
-1.384018  1.389496  0.207224
-1.384018  1.4359860000000002  0.2095319
-1.384018  1.483148  0.2117587
-1.384018  1.509775  0.2110306
-1.443726  -1.443726  -0.20482160000000002
-1.443726  -1.3975009999999999  -0.203876
-1.443726  -1.350269  -0.2031557
-1.443726  -1.3030840000000001  -0.2027188
-1.443726  -1.2566359999999999  -0.2013692
-1.443726  -1.209339  -0.20078169999999998
-1.443726  -1.1621320000000002  -0.1999504
-1.443726  -1.1149570000000002  -0.1984453
-1.443726  -1.068451  -0.198117
-1.443726  -1.021288  -0.1971679
-1.443726  -0.9740811  -0.1952998
-1.443726  -0.9276345  -0.194501
-1.443726  -0.8803746  -0.1933042
-1.443726  -0.8331803  -0.1933457
-1.443726  -0.7859624  -0.191766
-1.443726  -0.7394598  -0.1897887
-1.443726  -0.6922343  -0.18842579999999998
-1.443726  -0.6450424  -0.18821739999999998
-1.443726  -0.5984375  -0.18776879999999999
-1.443726  -0.5512320999999999  -0.1852606
-1.443726  -0.5040864  -0.1831321
-1.443726  -0.4568542  -0.1829828
-1.443726  -0.41040499999999996  -0.18267719999999998
-1.443726  -0.363193  -0.1808477
-1.443726  -0.3159634  -0.1781719
-1.443726  -0.2687334  -0.1766343
-1.443726  -0.22226669999999998  -0.1768247
-1.443726  -0.1751007  -0.1754202
-1.443726  -0.1278731  -0.17162309999999997
-1.443726  -0.08140716999999999  -0.1685067
-1.443726  -0.034196359999999995  -0.1669128
-1.443726  0.01303149  -0.1648644
-1.443726  0.06021881  -0.1478049
-1.443726  0.1066913  -0.13851839999999999
-1.443726  0.1539228  -0.1289932
-1.443726  0.2010739  -0.0191137
-1.443726  0.247507  0.023851479999999998
-1.443726  0.2947419  0.050719179999999996
-1.443726  0.3419603  0.07285919
-1.443726  0.3891671  0.09303319
-1.443726  0.4356546  0.1096939
-1.443726  0.4828758  0.12370980000000001
-1.443726  0.5300574  0.139475
-1.443726  0.5764979  0.15668179999999998
-1.443726  0.6238184999999999  0.1730719
-1.443726  0.6709944  0.1850126
-1.443726  0.7182111999999999  0.18884589999999998
-1.443726  0.7647084  0.1930671
-1.443726  0.8119890000000001  0.1965351
-1.443726  0.8591144000000001  0.1992242
-1.443726  0.9056183  0.198982
-1.443726  0.9528016  0.1988464
-1.443726  1.0000170000000002  0.1988144
-1.443726  1.047204  0.2023681
-1.443726  1.093669  0.2041682
-1.443726  1.140858  0.2049901
-1.443726  1.188078  0.2046735
-1.443726  1.235392  0.2043221
-1.443726  1.281836  0.2061605
-1.443726  1.328995  0.2087734
-1.443726  1.376205  0.209915
-1.443726  1.422698  0.21055100000000002
-1.443726  1.4698769999999999  0.2097128
-1.443726  1.50971  0.2098804
-1.504218  -1.504218  -0.20622089999999998
-1.504218  -1.4572  -0.2057022
-1.504218  -1.4107750000000001  -0.20503369999999999
-1.504218  -1.363541  -0.203404
-1.504218  -1.31638  -0.20293979999999998
-1.504218  -1.26918  -0.2016272
-1.504218  -1.222589  -0.20105510000000001
-1.504218  -1.1753900000000002  -0.1992383
-1.504218  -1.1282180000000002  -0.19918919999999998
-1.504218  -1.0817370000000002  -0.19820469999999998
-1.504218  -1.03454  -0.1969742
-1.504218  -0.9873316999999999  -0.195518
-1.504218  -0.9401683000000001  -0.1949246
-1.504218  -0.8936484  -0.1944325
-1.504218  -0.8464401  -0.1933542
-1.504218  -0.799259  -0.1912273
-1.504218  -0.7527252  -0.18993929999999998
-1.504218  -0.7055115  -0.1898762
-1.504218  -0.6583198  -0.18853540000000002
-1.504218  -0.610951  -0.1868002
-1.504218  -0.5645326  -0.18488949999999998
-1.504218  -0.5173198999999999  -0.184429
-1.504218  -0.470158  -0.18471890000000002
-1.504218  -0.42291239999999997  -0.18219770000000002
-1.504218  -0.376476  -0.1802636
-1.504218  -0.3292507  -0.1785271
-1.504218  -0.2820065  -0.17858169999999998
-1.504218  -0.2355421  -0.1774836
-1.504218  -0.18837530000000002  -0.1745471
-1.504218  -0.1411493  -0.1710362
-1.504218  -0.09394839  -0.1704194
-1.504218  -0.047482540000000004  -0.170025
-1.504218  -0.000261906  -0.1665389
-1.504218  0.046946440000000006  -0.1480207
-1.504218  0.09341359  -0.1392735
-1.504218  0.1405939  -0.133088
-1.504218  0.1878321  -0.05832217
-1.504218  0.23497020000000002  0.01275754
-1.504218  0.2814627  0.04523013
-1.504218  0.3286873  0.06928695
-1.504218  0.37588659999999996  0.08756755
-1.504218  0.4223513  0.10291109999999999
-1.504218  0.469594  0.1184046
-1.504218  0.5167681  0.1368269
-1.504218  0.5639709  0.15404859999999998
-1.504218  0.6104258  0.1680854
-1.504218  0.6577258  0.179422
-1.504218  0.7048989  0.1877383
-1.504218  0.7521357000000001  0.1937986
-1.504218  0.7986566  0.1969332
-1.504218  0.8458804  0.1967427
-1.504218  0.8930311000000001  0.19674429999999998
-1.504218  0.9395534999999999  0.1982912
-1.504218  0.9866980999999999  0.2019837
-1.504218  1.0339090000000002  0.202842
-1.504218  1.0811199999999999  0.20196689999999998
-1.504218  1.127576  0.20235979999999998
-1.504218  1.174779  0.2036561
-1.504218  1.2219849999999999  0.2059765
-1.504218  1.2685730000000002  0.2082854
-1.504218  1.315766  0.2084012
-1.504218  1.3629069999999999  0.2070882
-1.504218  1.4101279999999998  0.2078073
-1.504218  1.456582  0.21018379999999998
-1.504218  1.503784  0.2114778
