2.006295  2.006295  0.2326804

1.926149  1.926149  0.23202382353858256
1.926149  2.006295  0.23202556776951963

1.845812  1.845812  0.23182064817919643
1.845812  1.926149  0.2318272078924754
1.845812  2.006295  0.23183521096160753

1.765163  1.765163  0.22947679817206246
1.765163  1.845812  0.23031297499663272
1.765163  1.926149  0.23114592056792155
1.765163  2.006295  0.23197689501321303

1.684771  1.684771  0.22865886730758728
1.684771  1.765163  0.22963779108439625
1.684771  1.845812  0.2306198284646619
1.684771  1.926149  0.23159803367746018
1.684771  2.006295  0.2325738905672404

1.605387  1.605387  0.22681459495109135
1.605387  1.684771  0.22800647341332275
1.605387  1.765163  0.2292783020012866
1.605387  1.845812  0.23061859090959624
1.605387  1.926149  0.23201825432230394
1.605387  2.006295  0.23347868960902748

1.524943  1.524943  0.22576079070043503
1.524943  1.605387  0.22698835950029417
1.524943  1.684771  0.2282155679063218
1.524943  1.765163  0.22947410027946363
1.524943  1.845812  0.23075265649349314
1.524943  1.926149  0.2320421433307925
1.524943  2.006295  0.233344558468201

1.444566  1.444566  0.22451520183159088
1.444566  1.524943  0.22558749776283563
1.444566  1.605387  0.2269192990513858
1.444566  1.684771  0.22834925281962032
1.444566  1.765163  0.2297834512063257
1.444566  1.845812  0.2310735976050508
1.444566  1.926149  0.23207538953346538
1.444566  2.006295  0.23266027126425923

1.3641969999999999  1.3641969999999999  0.22263381799463278
1.3641969999999999  1.444566  0.2244113606448106
1.3641969999999999  1.524943  0.2259847687998189
1.3641969999999999  1.605387  0.22739757750719336
1.3641969999999999  1.684771  0.22866927921155267
1.3641969999999999  1.765163  0.22987114971029782
1.3641969999999999  1.845812  0.2310284691319855
1.3641969999999999  1.926149  0.23217144092909334
1.3641969999999999  2.006295  0.23334094162167066

1.2838  1.2838  0.2210349544478148
1.2838  1.3641969999999999  0.22277823829442706
1.2838  1.444566  0.22432071087797928
1.2838  1.524943  0.22577952078673313
1.2838  1.605387  0.2272160339231399
1.2838  1.684771  0.22862492558964576
1.2838  1.765163  0.2300101430437194
1.2838  1.845812  0.23127696880356693
1.2838  1.926149  0.23228705393298904
1.2838  2.006295  0.2328701515843713

1.2033070000000001  1.2033070000000001  0.2192852602457782
1.2033070000000001  1.2838  0.2210627357501222
1.2033070000000001  1.3641969999999999  0.22282469208810526
1.2033070000000001  1.444566  0.22450766373567743
1.2033070000000001  1.524943  0.22607092655408526
1.2033070000000001  1.605387  0.22749525167317955
1.2033070000000001  1.684771  0.22876484667016786
1.2033070000000001  1.765163  0.22993595881300266
1.2033070000000001  1.845812  0.2310400149997304
1.2033070000000001  1.926149  0.23213564831963107
1.2033070000000001  2.006295  0.23331469545316905

1.122927  1.122927  0.21725298474540986
1.122927  1.2033070000000001  0.21897376945191585
1.122927  1.2838  0.2209432330765857
1.122927  1.3641969999999999  0.22283365902544122
1.122927  1.444566  0.2245146833837485
1.122927  1.524943  0.22597611166664164
1.122927  1.605387  0.22728593424149368
1.122927  1.684771  0.22852460247400885
1.122927  1.765163  0.22980573403511295
1.122927  1.845812  0.23113741263861837
1.122927  1.926149  0.2324183495589892
1.122927  2.006295  0.23340553773892947

1.042558  1.042558  0.21440694760571388
1.042558  1.122927  0.21670089646761387
1.042558  1.2033070000000001  0.21887004004380878
1.042558  1.2838  0.2208857680430461
1.042558  1.3641969999999999  0.222730682888664
1.042558  1.444566  0.22441124087713699
1.042558  1.524943  0.22594495285666424
1.042558  1.605387  0.22735740893449663
1.042558  1.684771  0.22865891280818973
1.042558  1.765163  0.22991132834122086
1.042558  1.845812  0.23112514427115766
1.042558  1.926149  0.2323070500867075
1.042558  2.006295  0.23346108580158667

0.9631484  0.9631484  0.21206781862319846
0.9631484  1.042558  0.21454902622382366
0.9631484  1.122927  0.2168532804750475
0.9631484  1.2033070000000001  0.21894452884957913
0.9631484  1.2838  0.22084618632141084
0.9631484  1.3641969999999999  0.22259168820683345
0.9631484  1.444566  0.22422575528431413
0.9631484  1.524943  0.22578636266443985
0.9631484  1.605387  0.22729776953593062
0.9631484  1.684771  0.228742538771335
0.9631484  1.765163  0.23013633898873925
0.9631484  1.845812  0.23141431807409657
0.9631484  1.926149  0.23248791169999614
0.9631484  2.006295  0.23325449936989961

0.8827474  0.8827474  0.20847038875282756
0.8827474  0.9631484  0.21141609636932543
0.8827474  1.042558  0.2140226014016989
0.8827474  1.122927  0.21644202446368888
0.8827474  1.2033070000000001  0.2186743274959448
0.8827474  1.2838  0.22073331199204516
0.8827474  1.3641969999999999  0.22261776889243207
0.8827474  1.444566  0.22433747533853948
0.8827474  1.524943  0.22591007947079936
0.8827474  1.605387  0.22736212029574182
0.8827474  1.684771  0.22870331521425794
0.8827474  1.765163  0.22998843779332162
0.8827474  1.845812  0.23119835742621003
0.8827474  1.926149  0.23227156512630248
0.8827474  2.006295  0.23307805627358144

0.8023994  0.8023994  0.20449060572757644
0.8023994  0.8827474  0.20782506878548013
0.8023994  0.9631484  0.21093651819932854
0.8023994  1.042558  0.2137937030663058
0.8023994  1.122927  0.21640364065586618
0.8023994  1.2033070000000001  0.21869205831380945
0.8023994  1.2838  0.22067925832631083
0.8023994  1.3641969999999999  0.2224298873197339
0.8023994  1.444566  0.22403959107672938
0.8023994  1.524943  0.22558893995982487
0.8023994  1.605387  0.2271119351923516
0.8023994  1.684771  0.22856053923039846
0.8023994  1.765163  0.2299029637615776
0.8023994  1.845812  0.23107577345125963
0.8023994  1.926149  0.2321729057802927
0.8023994  2.006295  0.23364174753533645

0.7221223  0.7221223  0.20005794975466346
0.7221223  0.8023994  0.2036882442405392
0.7221223  0.8827474  0.20703673322794944
0.7221223  0.9631484  0.21021140604451682
0.7221223  1.042558  0.21316453363999158
0.7221223  1.122927  0.21592203984457412
0.7221223  1.2033070000000001  0.21840278532623245
0.7221223  1.2838  0.22059062193856577
0.7221223  1.3641969999999999  0.22249568000210176
0.7221223  1.444566  0.2241666376170417
0.7221223  1.524943  0.2256692108595052
0.7221223  1.605387  0.2270709719699086
0.7221223  1.684771  0.22840374699380128
0.7221223  1.765163  0.22972209705619057
0.7221223  1.845812  0.23099378927758799
0.7221223  1.926149  0.23215314287390143
0.7221223  2.006295  0.23312265072465813

0.6418588999999999  0.6418588999999999  0.19370620189534868
0.6418588999999999  0.7221223  0.19761387658034374
0.6418588999999999  0.8023994  0.20187700468471878
0.6418588999999999  0.8827474  0.20565299073957244
0.6418588999999999  0.9631484  0.20899855194911396
0.6418588999999999  1.042558  0.21207391398537156
0.6418588999999999  1.122927  0.2150369000534278
0.6418588999999999  1.2033070000000001  0.2177888481093047
0.6418588999999999  1.2838  0.22021385454900308
0.6418588999999999  1.3641969999999999  0.22223753479202785
0.6418588999999999  1.444566  0.2239109943648255
0.6418588999999999  1.524943  0.22538961913047512
0.6418588999999999  1.605387  0.22685199517801535
0.6418588999999999  1.684771  0.22835584603171583
0.6418588999999999  1.765163  0.22982970527813773
0.6418588999999999  1.845812  0.23098975321300563
0.6418588999999999  1.926149  0.23170083123170382
0.6418588999999999  2.006295  0.23269058646110166

0.5613486000000001  0.5613486000000001  0.18603168475849868
0.5613486000000001  0.6418588999999999  0.19041853602442793
0.5613486000000001  0.7221223  0.19486093186061784
0.5613486000000001  0.8023994  0.19928982295225806
0.5613486000000001  0.8827474  0.2035417689483861
0.5613486000000001  0.9631484  0.20746675846641083
0.5613486000000001  1.042558  0.21093612609228707
0.5613486000000001  1.122927  0.21402099297975774
0.5613486000000001  1.2033070000000001  0.21671918186201283
0.5613486000000001  1.2838  0.2191068287597564
0.5613486000000001  1.3641969999999999  0.22125627382352037
0.5613486000000001  1.444566  0.22323270411705792
0.5613486000000001  1.524943  0.22507275636680035
0.5613486000000001  1.605387  0.22678587929785032
0.5613486000000001  1.684771  0.22834060244430304
0.5613486000000001  1.765163  0.2297636755410874
0.5613486000000001  1.845812  0.23103333633864886
0.5613486000000001  1.926149  0.23214716036145824
0.5613486000000001  2.006295  0.2331038520409368

0.4810558  0.4810558  0.17669112326382222
0.4810558  0.5613486000000001  0.18061271721260025
0.4810558  0.6418588999999999  0.1858091878905159
0.4810558  0.7221223  0.1909630830226323
0.4810558  0.8023994  0.1957429164942713
0.4810558  0.8827474  0.2001700176408141
0.4810558  0.9631484  0.20434892657587853
0.4810558  1.042558  0.20827440179733844
0.4810558  1.122927  0.21199396997024605
0.4810558  1.2033070000000001  0.21535657569967087
0.4810558  1.2838  0.21828111229662933
0.4810558  1.3641969999999999  0.22075528032328762
0.4810558  1.444566  0.22287673828539323
0.4810558  1.524943  0.22480071049104344
0.4810558  1.605387  0.2266523754005163
0.4810558  1.684771  0.2283987086564494
0.4810558  1.765163  0.22990237585703255
0.4810558  1.845812  0.2309123467026321
0.4810558  1.926149  0.2316204089565846
0.4810558  2.006295  0.23366420426005396

0.4006825  0.4006825  0.1654824264033604
0.4006825  0.4810558  0.16990517452480142
0.4006825  0.5613486000000001  0.17516445926541244
0.4006825  0.6418588999999999  0.18059681078642706
0.4006825  0.7221223  0.18594002237382118
0.4006825  0.8023994  0.1911492700252536
0.4006825  0.8827474  0.19621145185643724
0.4006825  0.9631484  0.2010902446185897
0.4006825  1.042558  0.20565673021563946
0.4006825  1.122927  0.209931369776364
0.4006825  1.2033070000000001  0.213769629053456
0.4006825  1.2838  0.2171200122030505
0.4006825  1.3641969999999999  0.21997147074405105
0.4006825  1.444566  0.22238293043549962
0.4006825  1.524943  0.22445517466653309
0.4006825  1.605387  0.22630327219133753
0.4006825  1.684771  0.22799127069028002
0.4006825  1.765163  0.22958443566186076
0.4006825  1.845812  0.23099610200346138
0.4006825  1.926149  0.23206992551383873
0.4006825  2.006295  0.23266479998041484

0.3213409  0.3213409  0.1529911559030196
0.3213409  0.4006825  0.1572679811490908
0.3213409  0.4810558  0.1628450301140309
0.3213409  0.5613486000000001  0.16859551278900542
0.3213409  0.6418588999999999  0.17430962713468212
0.3213409  0.7221223  0.17998301713160267
0.3213409  0.8023994  0.18567736752773692
0.3213409  0.8827474  0.19135956405732396
0.3213409  0.9631484  0.19691424447626676
0.3213409  1.042558  0.20213305878089255
0.3213409  1.122927  0.20702718779514565
0.3213409  1.2033070000000001  0.21146380395914718
0.3213409  1.2838  0.2154256825636072
0.3213409  1.3641969999999999  0.21890192221195823
0.3213409  1.444566  0.22189023197239946
0.3213409  1.524943  0.22437451615066883
0.3213409  1.605387  0.22635904003287305
0.3213409  1.684771  0.22790997582070666
0.3213409  1.765163  0.229285827482812
0.3213409  1.845812  0.23075834268327156
0.3213409  1.926149  0.23231016486388614
0.3213409  2.006295  0.2327042951538329

0.2410303  0.2410303  0.1389777172691238
0.2410303  0.3213409  0.14375125898482338
0.2410303  0.4006825  0.14941590774509136
0.2410303  0.4810558  0.1554143504022339
0.2410303  0.5613486000000001  0.16149673233939804
0.2410303  0.6418588999999999  0.16766152134814638
0.2410303  0.7221223  0.17386760002043933
0.2410303  0.8023994  0.18010182104663439
0.2410303  0.8827474  0.1863051560217483
0.2410303  0.9631484  0.1923936014170868
0.2410303  1.042558  0.19820082822502982
0.2410303  1.122927  0.2037749015108916
0.2410303  1.2033070000000001  0.20894556726551228
0.2410303  1.2838  0.21361737524781155
0.2410303  1.3641969999999999  0.2176847786832812
0.2410303  1.444566  0.22108598211467367
0.2410303  1.524943  0.2238098725069731
0.2410303  1.605387  0.2259265929358951
0.2410303  1.684771  0.22757992259868742
0.2410303  1.765163  0.22905629638188774
0.2410303  1.845812  0.23058520351320239
0.2410303  1.926149  0.23223370202696664
0.2410303  2.006295  0.2336128882996074

0.1607374  0.1607374  0.12374595713926127
0.1607374  0.2410303  0.12830707708944633
0.1607374  0.3213409  0.13466986336985817
0.1607374  0.4006825  0.14089421545078185
0.1607374  0.4810558  0.14710874552848266
0.1607374  0.5613486000000001  0.15348367766331833
0.1607374  0.6418588999999999  0.16016454685711357
0.1607374  0.7221223  0.16705501986282223
0.1607374  0.8023994  0.1740329836151136
0.1607374  0.8827474  0.1809649195579092
0.1607374  0.9631484  0.1877528343291522
0.1607374  1.042558  0.1942456066060769
0.1607374  1.122927  0.2005294996989746
0.1607374  1.2033070000000001  0.20641512334492773
0.1607374  1.2838  0.21176091452280474
0.1607374  1.3641969999999999  0.21640044930755153
0.1607374  1.444566  0.22023849936810158
0.1607374  1.524943  0.22328180658906335
0.1607374  1.605387  0.22566408386615966
0.1607374  1.684771  0.22758652222421338
0.1607374  1.765163  0.22932503662715134
0.1607374  1.845812  0.23095589826107402
0.1607374  1.926149  0.23233892551197222
0.1607374  2.006295  0.233191393954044

0.08043564  0.08043564  0.10679531429038293
0.08043564  0.1607374  0.11203120610792017
0.08043564  0.2410303  0.11841335405556286
0.08043564  0.3213409  0.12493213115946414
0.08043564  0.4006825  0.13153918346676463
0.08043564  0.4810558  0.13847135436244973
0.08043564  0.5613486000000001  0.1455980584150466
0.08043564  0.6418588999999999  0.15286761922053124
0.08043564  0.7221223  0.1601970406243348
0.08043564  0.8023994  0.16761824883417245
0.08043564  0.8827474  0.175150129053071
0.08043564  0.9631484  0.18274874655625278
0.08043564  1.042558  0.19018118974665166
0.08043564  1.122927  0.19741030338890944
0.08043564  1.2033070000000001  0.20408965141535546
0.08043564  1.2838  0.21000734231286397
0.08043564  1.3641969999999999  0.21503154253407075
0.08043564  1.444566  0.2191804140052967
0.08043564  1.524943  0.2225671941885779
0.08043564  1.605387  0.22533242147494542
0.08043564  1.684771  0.2275372038763348
0.08043564  1.765163  0.22925958924639234
0.08043564  1.845812  0.23051995626664654
0.08043564  1.926149  0.23164740665104924
0.08043564  2.006295  0.23363134184312492

6.774577e-5  6.774577e-5  0.08911963724124342
6.774577e-5  0.08043564  0.09372834644237985
6.774577e-5  0.1607374  0.10122617781845077
6.774577e-5  0.2410303  0.10815597867371078
6.774577e-5  0.3213409  0.11503423279075224
6.774577e-5  0.4006825  0.12219575149904852
6.774577e-5  0.4810558  0.12978844271910997
6.774577e-5  0.5613486000000001  0.13754934210125896
6.774577e-5  0.6418588999999999  0.14544590941552762
6.774577e-5  0.7221223  0.15347987484218345
6.774577e-5  0.8023994  0.16172210699761416
6.774577e-5  0.8827474  0.17013026924201757
6.774577e-5  0.9631484  0.1785472728331272
6.774577e-5  1.042558  0.18665812979153978
6.774577e-5  1.122927  0.19446178436903677
6.774577e-5  1.2033070000000001  0.2016914977796221
6.774577e-5  1.2838  0.20820594552380556
6.774577e-5  1.3641969999999999  0.2138359802139548
6.774577e-5  1.444566  0.2184551252657094
6.774577e-5  1.524943  0.222037751916246
6.774577e-5  1.605387  0.22476189754145925
6.774577e-5  1.684771  0.22696526203594636
6.774577e-5  1.765163  0.22901012606768864
6.774577e-5  1.845812  0.23070875507596636
6.774577e-5  1.926149  0.23152254191430385
6.774577e-5  2.006295  0.233757775295781

-0.08029887  -0.08029887  0.07005818179470354
-0.08029887  6.774577e-5  0.07518785950077944
-0.08029887  0.08043564  0.0823146016492223
-0.08029887  0.1607374  0.08980067553187043
-0.08029887  0.2410303  0.09743773835632566
-0.08029887  0.3213409  0.10526520351576729
-0.08029887  0.4006825  0.11320369034112858
-0.08029887  0.4810558  0.12142973603146587
-0.08029887  0.5613486000000001  0.12980088039116555
-0.08029887  0.6418588999999999  0.13833714312169176
-0.08029887  0.7221223  0.1469997142811904
-0.08029887  0.8023994  0.1558275007480579
-0.08029887  0.8827474  0.16480855519842255
-0.08029887  0.9631484  0.1738637770041085
-0.08029887  1.042558  0.18272348128127558
-0.08029887  1.122927  0.19137760023066427
-0.08029887  1.2033070000000001  0.19943854179208875
-0.08029887  1.2838  0.20663287011402207
-0.08029887  1.3641969999999999  0.2127282620802398
-0.08029887  1.444566  0.21765742580065106
-0.08029887  1.524943  0.22152406159547977
-0.08029887  1.605387  0.22457820526177782
-0.08029887  1.684771  0.22706136458018022
-0.08029887  1.765163  0.22915983354272665
-0.08029887  1.845812  0.23072352457499332
-0.08029887  1.926149  0.23177244299901056
-0.08029887  2.006295  0.23407872058692833

-0.1605592  -0.1605592  0.04967427056380931
-0.1605592  -0.08029887  0.05411356123033087
-0.1605592  6.774577e-5  0.06174525074301814
-0.1605592  0.08043564  0.06966683084114776
-0.1605592  0.1607374  0.07782486611144754
-0.1605592  0.2410303  0.08632760862814276
-0.1605592  0.3213409  0.09510932609358103
-0.1605592  0.4006825  0.10394081763654603
-0.1605592  0.4810558  0.1129846597300804
-0.1605592  0.5613486000000001  0.12212972633730104
-0.1605592  0.6418588999999999  0.13145785894841203
-0.1605592  0.7221223  0.14095345126969944
-0.1605592  0.8023994  0.15064530474511958
-0.1605592  0.8827474  0.16048230648283074
-0.1605592  0.9631484  0.1703345232468698
-0.1605592  1.042558  0.17987578609534197
-0.1605592  1.122927  0.18907869628878604
-0.1605592  1.2033070000000001  0.1975405393675411
-0.1605592  1.2838  0.20502549021602784
-0.1605592  1.3641969999999999  0.21138149199993522
-0.1605592  1.444566  0.2166317334763273
-0.1605592  1.524943  0.22091055990958733
-0.1605592  1.605387  0.22436997269794362
-0.1605592  1.684771  0.22704231248119733
-0.1605592  1.765163  0.22899388441874718
-0.1605592  1.845812  0.23033372915329217
-0.1605592  1.926149  0.23163324034570798
-0.1605592  2.006295  0.23340280913679465

-0.2408694  -0.2408694  0.02813189315878172
-0.2408694  -0.1605592  0.03244668555644223
-0.2408694  -0.08029887  0.03959176251385353
-0.2408694  6.774577e-5  0.047749281005338984
-0.2408694  0.08043564  0.05651221394025392
-0.2408694  0.1607374  0.06577716192274677
-0.2408694  0.2410303  0.07544367426787985
-0.2408694  0.3213409  0.08534695523587577
-0.2408694  0.4006825  0.09519399575026893
-0.2408694  0.4810558  0.10512964941602108
-0.2408694  0.5613486000000001  0.1150102675261281
-0.2408694  0.6418588999999999  0.12494987603727369
-0.2408694  0.7221223  0.1349990376014476
-0.2408694  0.8023994  0.14526306335779224
-0.2408694  0.8827474  0.1557336692019221
-0.2408694  0.9631484  0.16627760256472857
-0.2408694  1.042558  0.176525203087497
-0.2408694  1.122927  0.18643045008560144
-0.2408694  1.2033070000000001  0.19556335553068996
-0.2408694  1.2838  0.20368029298630955
-0.2408694  1.3641969999999999  0.21059974576728152
-0.2408694  1.444566  0.21627591345019698
-0.2408694  1.524943  0.22075100969209255
-0.2408694  1.605387  0.224143100791914
-0.2408694  1.684771  0.22661336264717497
-0.2408694  1.765163  0.22851677628428171
-0.2408694  1.845812  0.2302032278366153
-0.2408694  1.926149  0.23188646362459156
-0.2408694  2.006295  0.23276039757584507

-0.3211986  -0.3211986  0.006681268969521648
-0.3211986  -0.2408694  0.01107521951840772
-0.3211986  -0.1605592  0.018062331370564868
-0.3211986  -0.08029887  0.02532384176146841
-0.3211986  6.774577e-5  0.033808994106945864
-0.3211986  0.08043564  0.04364428504773516
-0.3211986  0.1607374  0.0542758317016304
-0.3211986  0.2410303  0.06512582960862646
-0.3211986  0.3213409  0.07589355260966577
-0.3211986  0.4006825  0.08641458339018454
-0.3211986  0.4810558  0.09704913970051318
-0.3211986  0.5613486000000001  0.1077533354924408
-0.3211986  0.6418588999999999  0.11862782060457583
-0.3211986  0.7221223  0.12962590287633283
-0.3211986  0.8023994  0.14076390818941897
-0.3211986  0.8827474  0.15198971581889803
-0.3211986  0.9631484  0.16317614602719369
-0.3211986  1.042558  0.17397529592989444
-0.3211986  1.122927  0.1843726454546295
-0.3211986  1.2033070000000001  0.19392364899535086
-0.3211986  1.2838  0.20236456721705276
-0.3211986  1.3641969999999999  0.20951149967273539
-0.3211986  1.444566  0.2153643900083903
-0.3211986  1.524943  0.22006021092985184
-0.3211986  1.605387  0.2238117391606344
-0.3211986  1.684771  0.22676237089997353
-0.3211986  1.765163  0.22903915935619928
-0.3211986  1.845812  0.23051875598429272
-0.3211986  1.926149  0.23137424287832004
-0.3211986  2.006295  0.2341089029179449

-0.40046980000000004  -0.40046980000000004  -0.012593798294493815
-0.40046980000000004  -0.3211986  -0.008830525781773544
-0.40046980000000004  -0.2408694  -0.002248196494032838
-0.40046980000000004  -0.1605592  0.004628435231446082
-0.40046980000000004  -0.08029887  0.012500223400740668
-0.40046980000000004  6.774577e-5  0.021799087519469768
-0.40046980000000004  0.08043564  0.03233923403743848
-0.40046980000000004  0.1607374  0.04366295011930752
-0.40046980000000004  0.2410303  0.05534502669473555
-0.40046980000000004  0.3213409  0.0670983517157917
-0.40046980000000004  0.4006825  0.07864328415538387
-0.40046980000000004  0.4810558  0.0902511432153132
-0.40046980000000004  0.5613486000000001  0.1018089211370596
-0.40046980000000004  0.6418588999999999  0.11343131839576871
-0.40046980000000004  0.7221223  0.125102466209655
-0.40046980000000004  0.8023994  0.13685705805523524
-0.40046980000000004  0.8827474  0.14862867212081213
-0.40046980000000004  0.9631484  0.16026907897332185
-0.40046980000000004  1.042558  0.1714367082980411
-0.40046980000000004  1.122927  0.18218549499345266
-0.40046980000000004  1.2033070000000001  0.1921520737212395
-0.40046980000000004  1.2838  0.20112623123340287
-0.40046980000000004  1.3641969999999999  0.20888071761790794
-0.40046980000000004  1.444566  0.21526733828284966
-0.40046980000000004  1.524943  0.2202383764345514
-0.40046980000000004  1.605387  0.22392795623483303
-0.40046980000000004  1.684771  0.22663347011364668
-0.40046980000000004  1.765163  0.22881103718327456
-0.40046980000000004  1.845812  0.23054259667358173
-0.40046980000000004  1.926149  0.23156454634861193
-0.40046980000000004  2.006295  0.23287584186075047

-0.4807742  -0.4807742  -0.031591602041551856
-0.4807742  -0.40046980000000004  -0.027725671144357613
-0.4807742  -0.3211986  -0.021727472624814784
-0.4807742  -0.2408694  -0.014899588135742617
-0.4807742  -0.1605592  -0.007749828296027274
-0.4807742  -0.08029887  0.00041127255538133886
-0.4807742  6.774577e-5  0.010123514075309724
-0.4807742  0.08043564  0.021289047267375003
-0.4807742  0.1607374  0.033425725268244416
-0.4807742  0.2410303  0.046036953739984024
-0.4807742  0.3213409  0.05877386097826408
-0.4807742  0.4006825  0.07129038057020526
-0.4807742  0.4810558  0.08381747224143882
-0.4807742  0.5613486000000001  0.09615974201317905
-0.4807742  0.6418588999999999  0.10839975904916038
-0.4807742  0.7221223  0.1205518154845669
-0.4807742  0.8023994  0.13274829725438234
-0.4807742  0.8827474  0.14502936660504737
-0.4807742  0.9631484  0.15729771193629832
-0.4807742  1.042558  0.16916094098046505
-0.4807742  1.122927  0.18057963831528506
-0.4807742  1.2033070000000001  0.19106784986171776
-0.4807742  1.2838  0.20036330351364295
-0.4807742  1.3641969999999999  0.20826162453026603
-0.4807742  1.444566  0.2146676008803831
-0.4807742  1.524943  0.21956675474725076
-0.4807742  1.605387  0.22313331676287718
-0.4807742  1.684771  0.22581194515982442
-0.4807742  1.765163  0.22827809595245716
-0.4807742  1.845812  0.2304704579273653
-0.4807742  1.926149  0.23122073401716303
-0.4807742  2.006295  0.23415382478193772

-0.5610666  -0.5610666  -0.04969070180402853
-0.5610666  -0.4807742  -0.045682237693175004
-0.5610666  -0.40046980000000004  -0.04012231033700375
-0.5610666  -0.3211986  -0.03408461994096187
-0.5610666  -0.2408694  -0.02727668931370299
-0.5610666  -0.1605592  -0.019576032381164628
-0.5610666  -0.08029887  -0.010719237916640919
-0.5610666  6.774577e-5  -0.00046502991493648426
-0.5610666  0.08043564  0.011182420755974816
-0.5610666  0.1607374  0.023941730277789546
-0.5610666  0.2410303  0.03736423749873079
-0.5610666  0.3213409  0.05098412712591001
-0.5610666  0.4006825  0.06430545515531806
-0.5610666  0.4810558  0.07753541375434209
-0.5610666  0.5613486000000001  0.09052888052595565
-0.5610666  0.6418588999999999  0.10346013218722011
-0.5610666  0.7221223  0.11636715344854823
-0.5610666  0.8023994  0.12932609616378832
-0.5610666  0.8827474  0.14228268778407188
-0.5610666  0.9631484  0.15508339154730505
-0.5610666  1.042558  0.16735314229045817
-0.5610666  1.122927  0.1791294326233674
-0.5610666  1.2033070000000001  0.18996110009813394
-0.5610666  1.2838  0.1995553694281926
-0.5610666  1.3641969999999999  0.20764666472880855
-0.5610666  1.444566  0.2141556789693309
-0.5610666  1.524943  0.21920242960234
-0.5610666  1.605387  0.22307796946865094
-0.5610666  1.684771  0.22605591276579792
-0.5610666  1.765163  0.22838394833608405
-0.5610666  1.845812  0.23008122011981585
-0.5610666  1.926149  0.2313991937535038
-0.5610666  2.006295  0.23265966885630526

-0.6414738999999999  -0.6414738999999999  -0.06675549705473882
-0.6414738999999999  -0.5610666  -0.06334336784336991
-0.6414738999999999  -0.4807742  -0.05786976064194198
-0.6414738999999999  -0.40046980000000004  -0.05223562672866872
-0.6414738999999999  -0.3211986  -0.045952388356720816
-0.6414738999999999  -0.2408694  -0.038787311361780534
-0.6414738999999999  -0.1605592  -0.030768254070176485
-0.6414738999999999  -0.08029887  -0.021595059856046
-0.6414738999999999  6.774577e-5  -0.010904350658175755
-0.6414738999999999  0.08043564  0.0013748703826452814
-0.6414738999999999  0.1607374  0.01493758759501373
-0.6414738999999999  0.2410303  0.029243868520570523
-0.6414738999999999  0.3213409  0.043725795983671774
-0.6414738999999999  0.4006825  0.05781342846680172
-0.6414738999999999  0.4810558  0.07172572458997271
-0.6414738999999999  0.5613486000000001  0.08534589966943808
-0.6414738999999999  0.6418588999999999  0.09890536431382496
-0.6414738999999999  0.7221223  0.11247225694228022
-0.6414738999999999  0.8023994  0.12611258833340064
-0.6414738999999999  0.8827474  0.13971413285887113
-0.6414738999999999  0.9631484  0.1530486467018724
-0.6414738999999999  1.042558  0.16569331117811262
-0.6414738999999999  1.122927  0.17772248381083455
-0.6414738999999999  1.2033070000000001  0.18878008867499882
-0.6414738999999999  1.2838  0.19869205318183436
-0.6414738999999999  1.3641969999999999  0.20723207765860832
-0.6414738999999999  1.444566  0.21420859319431118
-0.6414738999999999  1.524943  0.2195172230672306
-0.6414738999999999  1.605387  0.2233015268629368
-0.6414738999999999  1.684771  0.22601371548518442
-0.6414738999999999  1.765163  0.2283657660609395
-0.6414738999999999  1.845812  0.2305371520618791
-0.6414738999999999  1.926149  0.2318774991327867
-0.6414738999999999  2.006295  0.2338328895255399

-0.7217646999999999  -0.7217646999999999  -0.08363949218064787
-0.7217646999999999  -0.6414738999999999  -0.08072211003711746
-0.7217646999999999  -0.5610666  -0.07524192082457729
-0.7217646999999999  -0.4807742  -0.06992594497325053
-0.7217646999999999  -0.40046980000000004  -0.06376232185147838
-0.7217646999999999  -0.3211986  -0.05694166463423539
-0.7217646999999999  -0.2408694  -0.049553734384353954
-0.7217646999999999  -0.1605592  -0.04145993569240786
-0.7217646999999999  -0.08029887  -0.03208620297292717
-0.7217646999999999  6.774577e-5  -0.020947255933287237
-0.7217646999999999  0.08043564  -0.00801358866574799
-0.7217646999999999  0.1607374  0.006309081571117946
-0.7217646999999999  0.2410303  0.02140501010171736
-0.7217646999999999  0.3213409  0.036676123576195575
-0.7217646999999999  0.4006825  0.05153603690849947
-0.7217646999999999  0.4810558  0.06620955494181885
-0.7217646999999999  0.5613486000000001  0.08053931587108418
-0.7217646999999999  0.6418588999999999  0.09472884872172173
-0.7217646999999999  0.7221223  0.10883424154197828
-0.7217646999999999  0.8023994  0.12294759117777147
-0.7217646999999999  0.8827474  0.1370020698837253
-0.7217646999999999  0.9631484  0.1508058570330497
-0.7217646999999999  1.042558  0.16393204855208351
-0.7217646999999999  1.122927  0.176429072284547
-0.7217646999999999  1.2033070000000001  0.18787856013161094
-0.7217646999999999  1.2838  0.19806925083027235
-0.7217646999999999  1.3641969999999999  0.20678217756165573
-0.7217646999999999  1.444566  0.21387216111385618
-0.7217646999999999  1.524943  0.21927477624382208
-0.7217646999999999  1.605387  0.22312704804761277
-0.7217646999999999  1.684771  0.22583109797996154
-0.7217646999999999  1.765163  0.2280797227033389
-0.7217646999999999  1.845812  0.2301379029355921
-0.7217646999999999  1.926149  0.23149765802873257
-0.7217646999999999  2.006295  0.2332236580846914

-0.8020250999999999  -0.8020250999999999  -0.10023573506811176
-0.8020250999999999  -0.7217646999999999  -0.09769627863354112
-0.8020250999999999  -0.6414738999999999  -0.09283576291781477
-0.8020250999999999  -0.5610666  -0.08753135414339702
-0.8020250999999999  -0.4807742  -0.0817420202101882
-0.8020250999999999  -0.40046980000000004  -0.07528589187756038
-0.8020250999999999  -0.3211986  -0.0682953845400889
-0.8020250999999999  -0.2408694  -0.060589889541509394
-0.8020250999999999  -0.1605592  -0.05200030887222415
-0.8020250999999999  -0.08029887  -0.042053957653791274
-0.8020250999999999  6.774577e-5  -0.03030806782306452
-0.8020250999999999  0.08043564  -0.016688985329836
-0.8020250999999999  0.1607374  -0.0015651795681786078
-0.8020250999999999  0.2410303  0.014406791510998392
-0.8020250999999999  0.3213409  0.03052654233418099
-0.8020250999999999  0.4006825  0.046113865171931105
-0.8020250999999999  0.4810558  0.061406435494041026
-0.8020250999999999  0.5613486000000001  0.07630388529379173
-0.8020250999999999  0.6418588999999999  0.09108362684538795
-0.8020250999999999  0.7221223  0.10580378461312898
-0.8020250999999999  0.8023994  0.12048720448695976
-0.8020250999999999  0.8827474  0.13498159673496818
-0.8020250999999999  0.9631484  0.149082642240486
-0.8020250999999999  1.042558  0.16245236357550333
-0.8020250999999999  1.122927  0.1752704497448998
-0.8020250999999999  1.2033070000000001  0.18714326804500306
-0.8020250999999999  1.2838  0.1977141816230264
-0.8020250999999999  1.3641969999999999  0.20654618077447023
-0.8020250999999999  1.444566  0.2134653315985957
-0.8020250999999999  1.524943  0.21874210602687136
-0.8020250999999999  1.605387  0.22295527988566288
-0.8020250999999999  1.684771  0.2263463369506324
-0.8020250999999999  1.765163  0.2285853140484484
-0.8020250999999999  1.845812  0.2295855953015895
-0.8020250999999999  1.926149  0.2319066503580694
-0.8020250999999999  2.006295  0.2323081001404811

-0.8822236  -0.8822236  -0.1168697705627664
-0.8822236  -0.8020250999999999  -0.11429616334803203
-0.8822236  -0.7217646999999999  -0.10971133706487403
-0.8822236  -0.6414738999999999  -0.10465075476242604
-0.8822236  -0.5610666  -0.09966157745501147
-0.8822236  -0.4807742  -0.09388304106959819
-0.8822236  -0.40046980000000004  -0.08700248228564321
-0.8822236  -0.3211986  -0.07947010646139978
-0.8822236  -0.2408694  -0.07132331473987108
-0.8822236  -0.1605592  -0.062367160105444894
-0.8822236  -0.08029887  -0.05195977217604314
-0.8822236  6.774577e-5  -0.03955435829545091
-0.8822236  0.08043564  -0.025121209029449088
-0.8822236  0.1607374  -0.009152856962982294
-0.8822236  0.2410303  0.007599496995931403
-0.8822236  0.3213409  0.024423498464633642
-0.8822236  0.4006825  0.04067780584137624
-0.8822236  0.4810558  0.056657883240660296
-0.8822236  0.5613486000000001  0.07224397547966123
-0.8822236  0.6418588999999999  0.08766446725072465
-0.8822236  0.7221223  0.10292866072817287
-0.8822236  0.8023994  0.11806348428492348
-0.8822236  0.8827474  0.13296262090134833
-0.8822236  0.9631484  0.14746220594331616
-0.8822236  1.042558  0.16120770167853593
-0.8822236  1.122927  0.17432884534928184
-0.8822236  1.2033070000000001  0.18638726716461113
-0.8822236  1.2838  0.19707771077103217
-0.8822236  1.3641969999999999  0.20608920528423152
-0.8822236  1.444566  0.21330722955944556
-0.8822236  1.524943  0.21883785644034054
-0.8822236  1.605387  0.22296263139994493
-0.8822236  1.684771  0.22594990177100605
-0.8822236  1.765163  0.2281425963513244
-0.8822236  1.845812  0.22991460599602134
-0.8822236  1.926149  0.23187584340014133
-0.8822236  2.006295  0.23295006359779236

-0.962672  -0.962672  -0.13211647681690236
-0.962672  -0.8822236  -0.13008430351272787
-0.962672  -0.8020250999999999  -0.12600776367502967
-0.962672  -0.7217646999999999  -0.12173820400173728
-0.962672  -0.6414738999999999  -0.11675422293176431
-0.962672  -0.5610666  -0.1112674179216091
-0.962672  -0.4807742  -0.10523167926578009
-0.962672  -0.40046980000000004  -0.09836725600488058
-0.962672  -0.3211986  -0.0906384013645065
-0.962672  -0.2408694  -0.08181534668193412
-0.962672  -0.1605592  -0.07187745191179123
-0.962672  -0.08029887  -0.06052593846507145
-0.962672  6.774577e-5  -0.04739969688658227
-0.962672  0.08043564  -0.032408275307443266
-0.962672  0.1607374  -0.015867103311995874
-0.962672  0.2410303  0.001579766571945407
-0.962672  0.3213409  0.019173294442586947
-0.962672  0.4006825  0.03611802746350637
-0.962672  0.4810558  0.0526067671505092
-0.962672  0.5613486000000001  0.06850846398404534
-0.962672  0.6418588999999999  0.08416739069199114
-0.962672  0.7221223  0.0997360816170364
-0.962672  0.8023994  0.11531363223732388
-0.962672  0.8827474  0.1307462326843651
-0.962672  0.9631484  0.14574677023993027
-0.962672  1.042558  0.15985422453876993
-0.962672  1.122927  0.17320191265274146
-0.962672  1.2033070000000001  0.18543387247430257
-0.962672  1.2838  0.1963428352241472
-0.962672  1.3641969999999999  0.2056298041551596
-0.962672  1.444566  0.21309359062560326
-0.962672  1.524943  0.21875677900027574
-0.962672  1.605387  0.22293713977302865
-0.962672  1.684771  0.22602224053088768
-0.962672  1.765163  0.22830456486115297
-0.962672  1.845812  0.229759198995785
-0.962672  1.926149  0.2310069418558078
-0.962672  2.006295  0.23368111886120876

-1.0419990000000001  -1.0419990000000001  -0.14742066980473179
-1.0419990000000001  -0.962672  -0.14528927668225194
-1.0419990000000001  -0.8822236  -0.14138917886790714
-1.0419990000000001  -0.8020250999999999  -0.1374499772697716
-1.0419990000000001  -0.7217646999999999  -0.13310451049146393
-1.0419990000000001  -0.6414738999999999  -0.1280921420481315
-1.0419990000000001  -0.5610666  -0.12238634010530619
-1.0419990000000001  -0.4807742  -0.11597250421700514
-1.0419990000000001  -0.40046980000000004  -0.10872768036955828
-1.0419990000000001  -0.3211986  -0.10062820379725215
-1.0419990000000001  -0.2408694  -0.09132486341838014
-1.0419990000000001  -0.1605592  -0.08074536560180531
-1.0419990000000001  -0.08029887  -0.06866104887491348
-1.0419990000000001  6.774577e-5  -0.05483031695862395
-1.0419990000000001  0.08043564  -0.0392225157864741
-1.0419990000000001  0.1607374  -0.022108428700095394
-1.0419990000000001  0.2410303  -0.0040393452819937345
-1.0419990000000001  0.3213409  0.014271848910493892
-1.0419990000000001  0.4006825  0.031973130815188426
-1.0419990000000001  0.4810558  0.04916732547346909
-1.0419990000000001  0.5613486000000001  0.06561533555046895
-1.0419990000000001  0.6418588999999999  0.08164367260789993
-1.0419990000000001  0.7221223  0.09746196981467839
-1.0419990000000001  0.8023994  0.11325269168761654
-1.0419990000000001  0.8827474  0.1289071958200437
-1.0419990000000001  0.9631484  0.1441281285639622
-1.0419990000000001  1.042558  0.15842978468660962
-1.0419990000000001  1.122927  0.1719699524439212
-1.0419990000000001  1.2033070000000001  0.1844513899435341
-1.0419990000000001  1.2838  0.19569483329696397
-1.0419990000000001  1.3641969999999999  0.20531430282257795
-1.0419990000000001  1.444566  0.21294634535710755
-1.0419990000000001  1.524943  0.21856236883187877
-1.0419990000000001  1.605387  0.22269906843682866
-1.0419990000000001  1.684771  0.22601097532186515
-1.0419990000000001  1.765163  0.2285535616667792
-1.0419990000000001  1.845812  0.22962981319818226
-1.0419990000000001  1.926149  0.23065911605599404
-1.0419990000000001  2.006295  0.23354493884195393

-1.1222539999999999  -1.1222539999999999  -0.16120957723400733
-1.1222539999999999  -1.0419990000000001  -0.159646334806962
-1.1222539999999999  -0.962672  -0.15631011704210476
-1.1222539999999999  -0.8822236  -0.15274407933568743
-1.1222539999999999  -0.8020250999999999  -0.14863584807724878
-1.1222539999999999  -0.7217646999999999  -0.14397877166390077
-1.1222539999999999  -0.6414738999999999  -0.13891847849015004
-1.1222539999999999  -0.5610666  -0.13323590571667698
-1.1222539999999999  -0.4807742  -0.1265762946995382
-1.1222539999999999  -0.40046980000000004  -0.11877606114083292
-1.1222539999999999  -0.3211986  -0.11004675092201177
-1.1222539999999999  -0.2408694  -0.10021551552297997
-1.1222539999999999  -0.1605592  -0.08918444039437841
-1.1222539999999999  -0.08029887  -0.07652620460234671
-1.1222539999999999  6.774577e-5  -0.06185385980699356
-1.1222539999999999  0.08043564  -0.04520404302332847
-1.1222539999999999  0.1607374  -0.027092879275299124
-1.1222539999999999  0.2410303  -0.008311406431061878
-1.1222539999999999  0.3213409  0.010369787100168653
-1.1222539999999999  0.4006825  0.02825562233814689
-1.1222539999999999  0.4810558  0.04569756627965209
-1.1222539999999999  0.5613486000000001  0.06259999621595952
-1.1222539999999999  0.6418588999999999  0.07923049300123686
-1.1222539999999999  0.7221223  0.09559203982041954
-1.1222539999999999  0.8023994  0.11171039796096885
-1.1222539999999999  0.8827474  0.12751468959156478
-1.1222539999999999  0.9631484  0.14292345958605265
-1.1222539999999999  1.042558  0.1576339834532432
-1.1222539999999999  1.122927  0.17175707877926827
-1.1222539999999999  1.2033070000000001  0.18467714256032716
-1.1222539999999999  1.2838  0.1959297329375695
-1.1222539999999999  1.3641969999999999  0.20524436452179506
-1.1222539999999999  1.444566  0.21277917829710327
-1.1222539999999999  1.524943  0.2188477666335671
-1.1222539999999999  1.605387  0.22347677835276453
-1.1222539999999999  1.684771  0.22638294971108097
-1.1222539999999999  1.765163  0.22804705729756708
-1.1222539999999999  1.845812  0.22990999619731126
-1.1222539999999999  1.926149  0.23141995557020661
-1.1222539999999999  2.006295  0.23233765036033732

-1.202567  -1.202567  -0.1743851397171475
-1.202567  -1.1222539999999999  -0.17275523900187537
-1.202567  -1.0419990000000001  -0.16981584045511844
-1.202567  -0.962672  -0.16680319850665204
-1.202567  -0.8822236  -0.16335481929405973
-1.202567  -0.8020250999999999  -0.15921007727683248
-1.202567  -0.7217646999999999  -0.15451156134606822
-1.202567  -0.6414738999999999  -0.14932418741230868
-1.202567  -0.5610666  -0.14338732184297873
-1.202567  -0.4807742  -0.13639407504663317
-1.202567  -0.40046980000000004  -0.12819707431164365
-1.202567  -0.3211986  -0.11896047980998715
-1.202567  -0.2408694  -0.10845216857621487
-1.202567  -0.1605592  -0.09662713644646309
-1.202567  -0.08029887  -0.08318813033494035
-1.202567  6.774577e-5  -0.06786310378960958
-1.202567  0.08043564  -0.05070183954139429
-1.202567  0.1607374  -0.03212047396244255
-1.202567  0.2410303  -0.012776155121919056
-1.202567  0.3213409  0.006618444103923609
-1.202567  0.4006825  0.025287451958333325
-1.202567  0.4810558  0.04344374602286357
-1.202567  0.5613486000000001  0.06082925379867503
-1.202567  0.6418588999999999  0.07766361373878952
-1.202567  0.7221223  0.09402333920261494
-1.202567  0.8023994  0.11007406064456512
-1.202567  0.8827474  0.12586154029092492
-1.202567  0.9631484  0.1413498183548425
-1.202567  1.042558  0.1562298296811763
-1.202567  1.122927  0.17061439410433527
-1.202567  1.2033070000000001  0.18389479416284935
-1.202567  1.2838  0.19555494566423795
-1.202567  1.3641969999999999  0.20514388794000016
-1.202567  1.444566  0.2126117309314805
-1.202567  1.524943  0.2183211767567575
-1.202567  1.605387  0.2227911289683343
-1.202567  1.684771  0.22621858687624363
-1.202567  1.765163  0.22858290412752047
-1.202567  1.845812  0.23002739080658013
-1.202567  1.926149  0.23155616693127248
-1.202567  2.006295  0.23298507623331746

-1.2829139999999999  -1.2829139999999999  -0.18618152540624675
-1.2829139999999999  -1.202567  -0.18436588479960547
-1.2829139999999999  -1.1222539999999999  -0.1823370637784748
-1.2829139999999999  -1.0419990000000001  -0.1796553287906603
-1.2829139999999999  -0.962672  -0.17640376282700854
-1.2829139999999999  -0.8822236  -0.1728435754184706
-1.2829139999999999  -0.8020250999999999  -0.1687998499837578
-1.2829139999999999  -0.7217646999999999  -0.1640892282548217
-1.2829139999999999  -0.6414738999999999  -0.15872025348449756
-1.2829139999999999  -0.5610666  -0.15256681147146267
-1.2829139999999999  -0.4807742  -0.14532464321065877
-1.2829139999999999  -0.40046980000000004  -0.13668514146821695
-1.2829139999999999  -0.3211986  -0.12671560817582517
-1.2829139999999999  -0.2408694  -0.11525806984004963
-1.2829139999999999  -0.1605592  -0.10250720774950917
-1.2829139999999999  -0.08029887  -0.08834482597916007
-1.2829139999999999  6.774577e-5  -0.07249767806215338
-1.2829139999999999  0.08043564  -0.05487673994332538
-1.2829139999999999  0.1607374  -0.03577084355121464
-1.2829139999999999  0.2410303  -0.015850133629856603
-1.2829139999999999  0.3213409  0.004026826873852921
-1.2829139999999999  0.4006825  0.022931141031121448
-1.2829139999999999  0.4810558  0.041063825009812815
-1.2829139999999999  0.5613486000000001  0.05832470127575481
-1.2829139999999999  0.6418588999999999  0.07517289983244849
-1.2829139999999999  0.7221223  0.09182930593342704
-1.2829139999999999  0.8023994  0.1083939651281452
-1.2829139999999999  0.8827474  0.12467143240973631
-1.2829139999999999  0.9631484  0.1403806181162185
-1.2829139999999999  1.042558  0.1551526526651801
-1.2829139999999999  1.122927  0.16927318570235533
-1.2829139999999999  1.2033070000000001  0.1824288778890746
-1.2829139999999999  1.2838  0.1943138186054492
-1.2829139999999999  1.3641969999999999  0.20446173986195956
-1.2829139999999999  1.444566  0.2126004964439064
-1.2829139999999999  1.524943  0.21878133870672883
-1.2829139999999999  1.605387  0.2232461898364524
-1.2829139999999999  1.684771  0.22619080397082122
-1.2829139999999999  1.765163  0.2282151029826024
-1.2829139999999999  1.845812  0.23028609116059032
-1.2829139999999999  1.926149  0.23147198439534414
-1.2829139999999999  2.006295  0.23218174151464724

-1.3632090000000001  -1.3632090000000001  -0.19618745324618286
-1.3632090000000001  -1.2829139999999999  -0.19467523092127303
-1.3632090000000001  -1.202567  -0.19240720638737208
-1.3632090000000001  -1.1222539999999999  -0.19006511759079045
-1.3632090000000001  -1.0419990000000001  -0.1874684480932861
-1.3632090000000001  -0.962672  -0.1844418996944382
-1.3632090000000001  -0.8822236  -0.1808624591363729
-1.3632090000000001  -0.8020250999999999  -0.17683142577507802
-1.3632090000000001  -0.7217646999999999  -0.1722631599398452
-1.3632090000000001  -0.6414738999999999  -0.16689244380008553
-1.3632090000000001  -0.5610666  -0.160377349273457
-1.3632090000000001  -0.4807742  -0.15251935498217392
-1.3632090000000001  -0.40046980000000004  -0.14327961164836933
-1.3632090000000001  -0.3211986  -0.13287761414238536
-1.3632090000000001  -0.2408694  -0.12106518908887606
-1.3632090000000001  -0.1605592  -0.10786488858197656
-1.3632090000000001  -0.08029887  -0.0930764015915632
-1.3632090000000001  6.774577e-5  -0.07651990234653383
-1.3632090000000001  0.08043564  -0.0582931466628879
-1.3632090000000001  0.1607374  -0.03880427133891749
-1.3632090000000001  0.2410303  -0.018679459771247648
-1.3632090000000001  0.3213409  0.001380839959501576
-1.3632090000000001  0.4006825  0.020579137273571302
-1.3632090000000001  0.4810558  0.03912607134080292
-1.3632090000000001  0.5613486000000001  0.05678009135534179
-1.3632090000000001  0.6418588999999999  0.07384131347601457
-1.3632090000000001  0.7221223  0.09048528134735315
-1.3632090000000001  0.8023994  0.10693289120164816
-1.3632090000000001  0.8827474  0.12318991963424067
-1.3632090000000001  0.9631484  0.1390990770430134
-1.3632090000000001  1.042558  0.15423631362647988
-1.3632090000000001  1.122927  0.16872779104089491
-1.3632090000000001  1.2033070000000001  0.18212587021541138
-1.3632090000000001  1.2838  0.19413947848218457
-1.3632090000000001  1.3641969999999999  0.20438837023194834
-1.3632090000000001  1.444566  0.212576766278965
-1.3632090000000001  1.524943  0.21860517305120497
-1.3632090000000001  1.605387  0.22274005400737468
-1.3632090000000001  1.684771  0.22558983283004466
-1.3632090000000001  1.765163  0.22797594277964706
-1.3632090000000001  1.845812  0.23014110338854016
-1.3632090000000001  1.926149  0.23151674297824898
-1.3632090000000001  2.006295  0.23353274467911864

-1.4434639999999999  -1.4434639999999999  -0.20424783467867275
-1.4434639999999999  -1.3632090000000001  -0.20355915113479162
-1.4434639999999999  -1.2829139999999999  -0.20133701505246385
-1.4434639999999999  -1.202567  -0.19904003847940555
-1.4434639999999999  -1.1222539999999999  -0.19654431107546025
-1.4434639999999999  -1.0419990000000001  -0.19383253452759
-1.4434639999999999  -0.962672  -0.19095737383833308
-1.4434639999999999  -0.8822236  -0.18767194372614046
-1.4434639999999999  -0.8020250999999999  -0.18378835352967438
-1.4434639999999999  -0.7217646999999999  -0.17911645482329203
-1.4434639999999999  -0.6414738999999999  -0.17350367425294108
-1.4434639999999999  -0.5610666  -0.16674273059826836
-1.4434639999999999  -0.4807742  -0.15863969314501664
-1.4434639999999999  -0.40046980000000004  -0.14905382580858306
-1.4434639999999999  -0.3211986  -0.13813695925910247
-1.4434639999999999  -0.2408694  -0.12566413896098122
-1.4434639999999999  -0.1605592  -0.11178757976050163
-1.4434639999999999  -0.08029887  -0.09642095826186967
-1.4434639999999999  6.774577e-5  -0.07941332765932785
-1.4434639999999999  0.08043564  -0.060815996055026106
-1.4434639999999999  0.1607374  -0.04098029893597066
-1.4434639999999999  0.2410303  -0.020531011603974317
-1.4434639999999999  0.3213409  -0.00022190770414778167
-1.4434639999999999  0.4006825  0.019099119215846987
-1.4434639999999999  0.4810558  0.03765875407414357
-1.4434639999999999  0.5613486000000001  0.05529889875120059
-1.4434639999999999  0.6418588999999999  0.07241044852882345
-1.4434639999999999  0.7221223  0.0891836088553497
-1.4434639999999999  0.8023994  0.10575820968318483
-1.4434639999999999  0.8827474  0.12203360429915613
-1.4434639999999999  0.9631484  0.13783929477477042
-1.4434639999999999  1.042558  0.152879480729753
-1.4434639999999999  1.122927  0.16744969495105078
-1.4434639999999999  1.2033070000000001  0.18114139658112122
-1.4434639999999999  1.2838  0.19348028694138827
-1.4434639999999999  1.3641969999999999  0.20384225758426494
-1.4434639999999999  1.444566  0.21194155480120408
-1.4434639999999999  1.524943  0.21801813596781217
-1.4434639999999999  1.605387  0.22255640252103315
-1.4434639999999999  1.684771  0.2257429746684918
-1.4434639999999999  1.765163  0.2279217985793454
-1.4434639999999999  1.845812  0.2302043338406688
-1.4434639999999999  1.926149  0.23242262092110955
-1.4434639999999999  2.006295  0.23299624573083008

-1.523759  -1.523759  -0.21070895437682985
-1.523759  -1.4434639999999999  -0.20937211509107495
-1.523759  -1.3632090000000001  -0.20783457584945308
-1.523759  -1.2829139999999999  -0.20601368803710818
-1.523759  -1.202567  -0.20394903835670317
-1.523759  -1.1222539999999999  -0.20140495671501477
-1.523759  -1.0419990000000001  -0.1986840093490352
-1.523759  -0.962672  -0.19589725592962196
-1.523759  -0.8822236  -0.19270097480966386
-1.523759  -0.8020250999999999  -0.18885334740127188
-1.523759  -0.7217646999999999  -0.1841743252847814
-1.523759  -0.6414738999999999  -0.17849992324955566
-1.523759  -0.5610666  -0.17155636766727994
-1.523759  -0.4807742  -0.1630807747345212
-1.523759  -0.40046980000000004  -0.15293501062500264
-1.523759  -0.3211986  -0.14138063631624556
-1.523759  -0.2408694  -0.12833162328906594
-1.523759  -0.1605592  -0.11408240856813155
-1.523759  -0.08029887  -0.09858986383273655
-1.523759  6.774577e-5  -0.08163777279628298
-1.523759  0.08043564  -0.06314043204804742
-1.523759  0.1607374  -0.04330817995483144
-1.523759  0.2410303  -0.02268241076229676
-1.523759  0.3213409  -0.0020270673478460476
-1.523759  0.4006825  0.017709023477683116
-1.523759  0.4810558  0.03662859710662126
-1.523759  0.5613486000000001  0.054449701563950875
-1.523759  0.6418588999999999  0.07152323459158536
-1.523759  0.7221223  0.08810102547768182
-1.523759  0.8023994  0.10445921225013555
-1.523759  0.8827474  0.12063905811925885
-1.523759  0.9631484  0.13653004083723946
-1.523759  1.042558  0.15176613488481722
-1.523759  1.122927  0.16649654186439455
-1.523759  1.2033070000000001  0.1802002009923191
-1.523759  1.2838  0.19246064864813586
-1.523759  1.3641969999999999  0.20288087393846435
-1.523759  1.444566  0.2113751068367538
-1.523759  1.524943  0.21808433535692012
-1.523759  1.605387  0.22306799713264658
-1.523759  1.684771  0.2261998846794011
-1.523759  1.765163  0.22813253590506502
-1.523759  1.845812  0.23049896600893566
-1.523759  1.926149  0.2324266275928822
-1.523759  2.006295  0.2321527234541233

-1.6040969999999999  -1.6040969999999999  -0.21567554078341897
-1.6040969999999999  -1.523759  -0.21485029107084946
-1.6040969999999999  -1.4434639999999999  -0.21310720517416695
-1.6040969999999999  -1.3632090000000001  -0.21149772019430024
-1.6040969999999999  -1.2829139999999999  -0.20976775464168276
-1.6040969999999999  -1.202567  -0.20754260953563136
-1.6040969999999999  -1.1222539999999999  -0.2052711906228869
-1.6040969999999999  -1.0419990000000001  -0.20298682582976252
-1.6040969999999999  -0.962672  -0.20025731152153073
-1.6040969999999999  -0.8822236  -0.1967047402449964
-1.6040969999999999  -0.8020250999999999  -0.19246386621154443
-1.6040969999999999  -0.7217646999999999  -0.18765416262410933
-1.6040969999999999  -0.6414738999999999  -0.18207626235439428
-1.6040969999999999  -0.5610666  -0.17520450621761258
-1.6040969999999999  -0.4807742  -0.1665778150243034
-1.6040969999999999  -0.40046980000000004  -0.15606367466688364
-1.6040969999999999  -0.3211986  -0.14408006103686433
-1.6040969999999999  -0.2408694  -0.13066197135441276
-1.6040969999999999  -0.1605592  -0.11611419932380546
-1.6040969999999999  -0.08029887  -0.10029234301804964
-1.6040969999999999  6.774577e-5  -0.08289705825500825
-1.6040969999999999  0.08043564  -0.06388766612507678
-1.6040969999999999  0.1607374  -0.04364357856093444
-1.6040969999999999  0.2410303  -0.022886091489135067
-1.6040969999999999  0.3213409  -0.002425030257018053
-1.6040969999999999  0.4006825  0.01694275166956001
-1.6040969999999999  0.4810558  0.035567564766851745
-1.6040969999999999  0.5613486000000001  0.05338186334541526
-1.6040969999999999  0.6418588999999999  0.0707548757052438
-1.6040969999999999  0.7221223  0.08775602626017766
-1.6040969999999999  0.8023994  0.10441983434424398
-1.6040969999999999  0.8827474  0.12065352590333209
-1.6040969999999999  0.9631484  0.13639259652769525
-1.6040969999999999  1.042558  0.1514115295870541
-1.6040969999999999  1.122927  0.16592544997805708
-1.6040969999999999  1.2033070000000001  0.17936573932847721
-1.6040969999999999  1.2838  0.19127627118450916
-1.6040969999999999  1.3641969999999999  0.20141707475680437
-1.6040969999999999  1.444566  0.21000431394752256
-1.6040969999999999  1.524943  0.2172702690871121
-1.6040969999999999  1.605387  0.22288738106047334
-1.6040969999999999  1.684771  0.2262299370222826
-1.6040969999999999  1.765163  0.22803196326578531
-1.6040969999999999  1.845812  0.23018868981057933
-1.6040969999999999  1.926149  0.23136422525335756
-1.6040969999999999  2.006295  0.23175326319833153

-1.68336  -1.68336  -0.21926223114144436
-1.68336  -1.6040969999999999  -0.2183234282346726
-1.68336  -1.523759  -0.21683133685373304
-1.68336  -1.4434639999999999  -0.21524246021148125
-1.68336  -1.3632090000000001  -0.2137420434293638
-1.68336  -1.2829139999999999  -0.21210916220955806
-1.68336  -1.202567  -0.2101607323287755
-1.68336  -1.1222539999999999  -0.20785206235441792
-1.68336  -1.0419990000000001  -0.20524073270083404
-1.68336  -0.962672  -0.2023937714184378
-1.68336  -0.8822236  -0.1991372857563267
-1.68336  -0.8020250999999999  -0.19527919249734327
-1.68336  -0.7217646999999999  -0.19049758005439923
-1.68336  -0.6414738999999999  -0.18450607180277545
-1.68336  -0.5610666  -0.17708459124696
-1.68336  -0.4807742  -0.16813854023763566
-1.68336  -0.40046980000000004  -0.1576307841120699
-1.68336  -0.3211986  -0.1457703890829782
-1.68336  -0.2408694  -0.13231588256991864
-1.68336  -0.1605592  -0.11747026909522068
-1.68336  -0.08029887  -0.10124019285290294
-1.68336  6.774577e-5  -0.08357052275808027
-1.68336  0.08043564  -0.06453701194022785
-1.68336  0.1607374  -0.04441091490425354
-1.68336  0.2410303  -0.023685018007426714
-1.68336  0.3213409  -0.0030336004006245062
-1.68336  0.4006825  0.01665460660365491
-1.68336  0.4810558  0.035496693144032476
-1.68336  0.5613486000000001  0.053225872003947836
-1.68336  0.6418588999999999  0.07024510485625754
-1.68336  0.7221223  0.08687290347589358
-1.68336  0.8023994  0.10338956708408079
-1.68336  0.8827474  0.11973314176577843
-1.68336  0.9631484  0.13564042719603112
-1.68336  1.042558  0.150687302270771
-1.68336  1.122927  0.16513223534010477
-1.68336  1.2033070000000001  0.17865143771154962
-1.68336  1.2838  0.1908927003298542
-1.68336  1.3641969999999999  0.2013255989209915
-1.68336  1.444566  0.20980360284008626
-1.68336  1.524943  0.21677982814883592
-1.68336  1.605387  0.22263381548858108
-1.68336  1.684771  0.22657652135653666
-1.68336  1.765163  0.22796438960454368
-1.68336  1.845812  0.2293748209480903
-1.68336  1.926149  0.23250944353620562
-1.68336  2.006295  0.2326443868142853

-1.763659  -1.763659  -0.22201334003055218
-1.763659  -1.68336  -0.22121048472422167
-1.763659  -1.6040969999999999  -0.21955285531625224
-1.763659  -1.523759  -0.21832194990951603
-1.763659  -1.4434639999999999  -0.21693369046663571
-1.763659  -1.3632090000000001  -0.2152536861327214
-1.763659  -1.2829139999999999  -0.21340648118731456
-1.763659  -1.202567  -0.21138309985006118
-1.763659  -1.1222539999999999  -0.20913799029917518
-1.763659  -1.0419990000000001  -0.20666235495849056
-1.763659  -0.962672  -0.20394048925821948
-1.763659  -0.8822236  -0.2007476592365399
-1.763659  -0.8020250999999999  -0.19689046130441068
-1.763659  -0.7217646999999999  -0.19208401177848114
-1.763659  -0.6414738999999999  -0.18606272321949335
-1.763659  -0.5610666  -0.17857925083292972
-1.763659  -0.4807742  -0.16948685574937727
-1.763659  -0.40046980000000004  -0.15872842512759572
-1.763659  -0.3211986  -0.14656826531906747
-1.763659  -0.2408694  -0.13286279998177933
-1.763659  -0.1605592  -0.11791760380505653
-1.763659  -0.08029887  -0.10176285408954604
-1.763659  6.774577e-5  -0.08427186431059824
-1.763659  0.08043564  -0.06539216625459235
-1.763659  0.1607374  -0.04528362736242014
-1.763659  0.2410303  -0.024408739590929988
-1.763659  0.3213409  -0.0034989580294821267
-1.763659  0.4006825  0.01644940573168571
-1.763659  0.4810558  0.035469328354211356
-1.763659  0.5613486000000001  0.05326064576682658
-1.763659  0.6418588999999999  0.07025473076034032
-1.763659  0.7221223  0.08682389070707486
-1.763659  0.8023994  0.10328413760550656
-1.763659  0.8827474  0.11956557800976794
-1.763659  0.9631484  0.13536713384904667
-1.763659  1.042558  0.15023811490956426
-1.763659  1.122927  0.16445439836876935
-1.763659  1.2033070000000001  0.17777993639728873
-1.763659  1.2838  0.18996232499295984
-1.763659  1.3641969999999999  0.20046665745675032
-1.763659  1.444566  0.20894837620252302
-1.763659  1.524943  0.21560977310479434
-1.763659  1.605387  0.22096421789773005
-1.763659  1.684771  0.22497706937956663
-1.763659  1.765163  0.22744829551525209
-1.763659  1.845812  0.2294555555434332
-1.763659  1.926149  0.23179763300696737
-1.763659  2.006295  0.23190872071305446

-1.844007  -1.844007  -0.2241988448210996
-1.844007  -1.763659  -0.22318592387241493
-1.844007  -1.68336  -0.22195594776155822
-1.844007  -1.6040969999999999  -0.22059653243843913
-1.844007  -1.523759  -0.21941729238644225
-1.844007  -1.4434639999999999  -0.21795174578385826
-1.844007  -1.3632090000000001  -0.21599448324825934
-1.844007  -1.2829139999999999  -0.2138960583766134
-1.844007  -1.202567  -0.21193840148184
-1.844007  -1.1222539999999999  -0.21000878859456434
-1.844007  -1.0419990000000001  -0.20779325683199656
-1.844007  -0.962672  -0.2051012749517192
-1.844007  -0.8822236  -0.2017909381119187
-1.844007  -0.8020250999999999  -0.19785291522925852
-1.844007  -0.7217646999999999  -0.1930823640289136
-1.844007  -0.6414738999999999  -0.18713740984753607
-1.844007  -0.5610666  -0.17964239074013771
-1.844007  -0.4807742  -0.1704007030386506
-1.844007  -0.40046980000000004  -0.1594220688595173
-1.844007  -0.3211986  -0.14708964516329795
-1.844007  -0.2408694  -0.13332046190131855
-1.844007  -0.1605592  -0.11838696051494065
-1.844007  -0.08029887  -0.10221539034347743
-1.844007  6.774577e-5  -0.08459191228253908
-1.844007  0.08043564  -0.06546679553726265
-1.844007  0.1607374  -0.04510097729583672
-1.844007  0.2410303  -0.02408706258352435
-1.844007  0.3213409  -0.003230434570365094
-1.844007  0.4006825  0.016512948290948935
-1.844007  0.4810558  0.035300027732467945
-1.844007  0.5613486000000001  0.05296873809793235
-1.844007  0.6418588999999999  0.07000699193813394
-1.844007  0.7221223  0.08672789059379113
-1.844007  0.8023994  0.10332098195707888
-1.844007  0.8827474  0.11962124602402435
-1.844007  0.9631484  0.13533000553829397
-1.844007  1.042558  0.15008025316517992
-1.844007  1.122927  0.16421860738881042
-1.844007  1.2033070000000001  0.1775099672434724
-1.844007  1.2838  0.1896626433755885
-1.844007  1.3641969999999999  0.2001719322351587
-1.844007  1.444566  0.20880205405778324
-1.844007  1.524943  0.21573897278755771
-1.844007  1.605387  0.22118269679739
-1.844007  1.684771  0.22488661385522243
-1.844007  1.765163  0.22730218452777184
-1.844007  1.845812  0.23028282244908863
-1.844007  1.926149  0.2321247476165052
-1.844007  2.006295  0.23328859155718015

-1.924289  -1.924289  -0.22575157600333906
-1.924289  -1.844007  -0.22534505848097258
-1.924289  -1.763659  -0.22219362740746704
-1.924289  -1.68336  -0.22309468141056163
-1.924289  -1.6040969999999999  -0.22186483018461406
-1.924289  -1.523759  -0.21907221654967107
-1.924289  -1.4434639999999999  -0.2183022971338728
-1.924289  -1.3632090000000001  -0.21753164477742692
-1.924289  -1.2829139999999999  -0.2149382778444079
-1.924289  -1.202567  -0.21188782357423935
-1.924289  -1.1222539999999999  -0.20996922198357754
-1.924289  -1.0419990000000001  -0.20865742654733865
-1.924289  -0.962672  -0.20642205424925678
-1.924289  -0.8822236  -0.2025921503043587
-1.924289  -0.8020250999999999  -0.19788103166826487
-1.924289  -0.7217646999999999  -0.19300402358067067
-1.924289  -0.6414738999999999  -0.18767092781653966
-1.924289  -0.5610666  -0.1807626065459347
-1.924289  -0.4807742  -0.17144460012252583
-1.924289  -0.40046980000000004  -0.1598556181893065
-1.924289  -0.3211986  -0.1470552285265581
-1.924289  -0.2408694  -0.1334215886115292
-1.924289  -0.1605592  -0.1190365751082572
-1.924289  -0.08029887  -0.10316929404318041
-1.924289  6.774577e-5  -0.08517545337154783
-1.924289  0.08043564  -0.06525682166182156
-1.924289  0.1607374  -0.04438584033805076
-1.924289  0.2410303  -0.023643251990219567
-1.924289  0.3213409  -0.0036030196059565448
-1.924289  0.4006825  0.015555154147830067
-1.924289  0.4810558  0.03455730946488349
-1.924289  0.5613486000000001  0.05306662083396897
-1.924289  0.6418588999999999  0.07074782755197295
-1.924289  0.7221223  0.08725340477595628
-1.924289  0.8023994  0.10299403394494158
-1.924289  0.8827474  0.11872957741014722
-1.924289  0.9631484  0.1348147174335339
-1.924289  1.042558  0.15045356058975717
-1.924289  1.122927  0.16494392667412355
-1.924289  1.2033070000000001  0.17764317157151308
-1.924289  1.2838  0.18921576534448112
-1.924289  1.3641969999999999  0.20021380051805196
-1.924289  1.444566  0.20969125715723333
-1.924289  1.524943  0.21606758348907362
-1.924289  1.605387  0.22010207992141748
-1.924289  1.684771  0.2244484335913296
-1.924289  1.765163  0.22825420378990804
-1.924289  1.845812  0.22855838339939102
-1.924289  1.926149  0.23195027557406278
-1.924289  2.006295  0.23306279133826918

-2.004614  -2.004614  -0.22715136406680675
-2.004614  -1.924289  -0.22591923042044953
-2.004614  -1.844007  -0.22534366960494745
-2.004614  -1.763659  -0.22366871015324202
-2.004614  -1.68336  -0.22249994761676442
-2.004614  -1.6040969999999999  -0.221485972924682
-2.004614  -1.523759  -0.219718817829876
-2.004614  -1.4434639999999999  -0.21794166215656796
-2.004614  -1.3632090000000001  -0.21667790626236594
-2.004614  -1.2829139999999999  -0.21540782383258633
-2.004614  -1.202567  -0.21351065457230975
-2.004614  -1.1222539999999999  -0.211025337965995
-2.004614  -1.0419990000000001  -0.20837579346629753
-2.004614  -0.962672  -0.20576026611888615
-2.004614  -0.8822236  -0.2028110692326705
-2.004614  -0.8020250999999999  -0.19907219337725393
-2.004614  -0.7217646999999999  -0.1941666245072799
-2.004614  -0.6414738999999999  -0.1879460052386578
-2.004614  -0.5610666  -0.18032045554284976
-2.004614  -0.4807742  -0.17117296241144142
-2.004614  -0.40046980000000004  -0.1603392282425754
-2.004614  -0.3211986  -0.14797351936233086
-2.004614  -0.2408694  -0.1339233560511117
-2.004614  -0.1605592  -0.118601389948492
-2.004614  -0.08029887  -0.1021451834419554
-2.004614  6.774577e-5  -0.08443843914035057
-2.004614  0.08043564  -0.06535718704510504
-2.004614  0.1607374  -0.04501587667712456
-2.004614  0.2410303  -0.02394167558149042
-2.004614  0.3213409  -0.0030117437453997986
-2.004614  0.4006825  0.0166997108907372
-2.004614  0.4810558  0.03531944822892367
-2.004614  0.5613486000000001  0.05278530353389835
-2.004614  0.6418588999999999  0.06970882975676343
-2.004614  0.7221223  0.08640831942687378
-2.004614  0.8023994  0.1029492181872289
-2.004614  0.8827474  0.11908184409101844
-2.004614  0.9631484  0.1346248632408351
-2.004614  1.042558  0.14944186233303988
-2.004614  1.122927  0.1639060830457718
-2.004614  1.2033070000000001  0.17742276278842412
-2.004614  1.2838  0.1893087809442154
-2.004614  1.3641969999999999  0.19929126705048977
-2.004614  1.444566  0.2079548599189887
-2.004614  1.524943  0.21568678925634713
-2.004614  1.605387  0.22144094000048653
-2.004614  1.684771  0.22421295274645212
-2.004614  1.765163  0.2264871495444744
-2.004614  1.845812  0.23033516282082966
-2.004614  1.926149  0.22938499077497304
-2.004614  2.006295  0.23417370110233354

