1.926149  1.926149  0.2315941
1.926149  1.966079  0.23179940000000002
1.926149  2.006295  0.2326804
1.845812  1.845812  0.2304468
1.845812  1.900373  0.2313527
1.845812  1.9542840000000001  0.23178769999999999
1.845812  2.006217  0.2337235
1.765163  1.765163  0.2295009
1.765163  1.819753  0.2304182
1.765163  1.873858  0.2303912
1.765163  1.927726  0.2307831
1.765163  1.982587  0.23097610000000002
1.765163  2.006271  0.2329241
1.684771  1.684771  0.2281808
1.684771  1.739388  0.2290588
1.684771  1.793328  0.2300983
1.684771  1.847378  0.231551
1.684771  1.902238  0.231784
1.684771  1.956088  0.2320591
1.684771  2.006109  0.2317138
1.605387  1.605387  0.22679749999999999
1.605387  1.6589749999999999  0.2276982
1.605387  1.713139  0.2288874
1.605387  1.76777  0.2287133
1.605387  1.821629  0.2296509
1.605387  1.875713  0.2313583
1.605387  1.9306240000000001  0.2328241
1.605387  1.98445  0.2336199
1.605387  2.006163  0.2326392
1.524943  1.524943  0.22555519999999998
1.524943  1.578635  0.22697789999999998
1.524943  1.632505  0.22739289999999998
1.524943  1.68736  0.2282612
1.524943  1.7412560000000001  0.2290658
1.524943  1.7950920000000001  0.22950069999999997
1.524943  1.850198  0.2304026
1.524943  1.904096  0.23230989999999999
1.524943  1.957935  0.2332995
1.524943  2.005979  0.2326908
1.444566  1.444566  0.22443359999999998
1.444566  1.498192  0.2254376
1.444566  1.552125  0.2261125
1.444566  1.606989  0.2266956
1.444566  1.6608640000000001  0.2274417
1.444566  1.714787  0.2288821
1.444566  1.769622  0.2303867
1.444566  1.8234839999999999  0.2313019
1.444566  1.8775920000000001  0.2313606
1.444566  1.9323730000000001  0.23136
1.444566  1.986262  0.2323973
1.444566  2.0060029999999998  0.2331433
1.3641969999999999  1.3641969999999999  0.2226277
1.3641969999999999  1.4178030000000001  0.2238642
1.3641969999999999  1.472677  0.22498379999999998
1.3641969999999999  1.526565  0.2259956
1.3641969999999999  1.580505  0.2273636
1.3641969999999999  1.6353550000000001  0.2274252
1.3641969999999999  1.689229  0.2281009
1.3641969999999999  1.743101  0.22971819999999998
1.3641969999999999  1.797919  0.2313858
1.3641969999999999  1.852016  0.23159269999999998
1.3641969999999999  1.905878  0.23079599999999997
1.3641969999999999  1.960732  0.2322852
1.3641969999999999  2.0058409999999998  0.2338404
1.2838  1.2838  0.22105
1.2838  1.337427  0.2221925
1.2838  1.392314  0.2233106
1.2838  1.446197  0.2245104
1.2838  1.50006  0.2252713
1.2838  1.554965  0.22606199999999999
1.2838  1.6088699999999998  0.2269889
1.2838  1.662708  0.2292836
1.2838  1.717587  0.229121
1.2838  1.771437  0.229267
1.2838  1.825314  0.23090339999999998
1.2838  1.8803699999999999  0.23240119999999997
1.2838  1.934207  0.2322844
1.2838  1.98814  0.2324397
1.2838  2.005875  0.2330819
1.2033070000000001  1.2033070000000001  0.2192225
1.2033070000000001  1.258038  0.2206038
1.2033070000000001  1.31192  0.22158440000000001
1.2033070000000001  1.365796  0.2228026
1.2033070000000001  1.4196769999999999  0.2244502
1.2033070000000001  1.474563  0.2251169
1.2033070000000001  1.528444  0.2254232
1.2033070000000001  1.582364  0.2268223
1.2033070000000001  1.6372  0.2290042
1.2033070000000001  1.691128  0.2289175
1.2033070000000001  1.744956  0.22889089999999998
1.2033070000000001  1.799776  0.2303171
1.2033070000000001  1.853932  0.2322472
1.2033070000000001  1.907733  0.23145
1.2033070000000001  1.962572  0.23205369999999997
1.2033070000000001  2.005731  0.233704
1.122927  1.122927  0.21729759999999998
1.122927  1.1775440000000001  0.21846079999999998
1.122927  1.231615  0.21923679999999998
1.122927  1.2854349999999999  0.2210703
1.122927  1.340314  0.22251239999999997
1.122927  1.394203  0.2242416
1.122927  1.448085  0.2239192
1.122927  1.502897  0.2248235
1.122927  1.5568440000000001  0.2271201
1.122927  1.610703  0.2278188
1.122927  1.66553  0.2274533
1.122927  1.71946  0.2292096
1.122927  1.773307  0.23080109999999998
1.122927  1.828151  0.23032909999999998
1.122927  1.882358  0.2311542
1.122927  1.936041  0.2332198
1.122927  1.99089  0.2330188
1.122927  2.005762  0.23346409999999998
1.042558  1.042558  0.2144336
1.042558  1.097194  0.21617779999999998
1.042558  1.151095  0.2171184
1.042558  1.204981  0.21848009999999998
1.042558  1.259955  0.2207308
1.042558  1.3138130000000001  0.2224453
1.042558  1.367692  0.2223425
1.042558  1.422551  0.22337959999999998
1.042558  1.476414  0.22541879999999997
1.042558  1.530312  0.226512
1.042558  1.585226  0.2259143
1.042558  1.6390660000000001  0.2280061
1.042558  1.692989  0.22994869999999998
1.042558  1.7477989999999999  0.2287666
1.042558  1.8016510000000001  0.2302558
1.042558  1.8557070000000002  0.2322418
1.042558  1.910531  0.23174440000000002
1.042558  1.9644249999999999  0.2322926
1.042558  2.005617  0.23382329999999998
0.9631484  0.9631484  0.2121294
0.9631484  1.016827  0.2136941
0.9631484  1.070722  0.2151521
0.9631484  1.1255709999999999  0.21710089999999999
0.9631484  1.179441  0.21891019999999997
0.9631484  1.2335180000000001  0.21922160000000002
0.9631484  1.2883040000000001  0.2202962
0.9631484  1.342179  0.2231962
0.9631484  1.396072  0.2231018
0.9631484  1.449944  0.22308319999999998
0.9631484  1.504783  0.2262846
0.9631484  1.558721  0.2273124
0.9631484  1.612598  0.2264701
0.9631484  1.667431  0.22823090000000001
0.9631484  1.721337  0.23022
0.9631484  1.7751679999999999  0.2294047
0.9631484  1.83002  0.2312325
0.9631484  1.884069  0.2328993
0.9631484  1.9379190000000002  0.2317254
0.9631484  1.992783  0.233702
0.9631484  2.005681  0.2329945
0.8827474  0.8827474  0.2085399
0.8827474  0.9364207  0.2101573
0.8827474  0.9903143999999999  0.2128072
0.8827474  1.0452029999999999  0.2141182
0.8827474  1.0991220000000002  0.2149772
0.8827474  1.152981  0.2176662
0.8827474  1.207859  0.21973279999999998
0.8827474  1.261837  0.2195973
0.8827474  1.315708  0.22047129999999998
0.8827474  1.370547  0.2236985
0.8827474  1.424443  0.22425029999999999
0.8827474  1.478316  0.2238112
0.8827474  1.533186  0.22743270000000002
0.8827474  1.587096  0.2270489
0.8827474  1.640962  0.2266744
0.8827474  1.69586  0.2297664
0.8827474  1.749695  0.2297611
0.8827474  1.8035150000000002  0.22985440000000001
0.8827474  1.858606  0.2319893
0.8827474  1.912425  0.2324851
0.8827474  1.966285  0.23193049999999998
0.8827474  2.00555  0.2334029
0.8023994  0.8023994  0.20448149999999998
0.8023994  0.8560494  0.2069462
0.8023994  0.9099163  0.20838089999999998
0.8023994  0.9648343  0.2111534
0.8023994  1.01875  0.213392
0.8023994  1.072659  0.21506769999999997
0.8023994  1.127514  0.2155943
0.8023994  1.181386  0.2184103
0.8023994  1.23542  0.22005439999999998
0.8023994  1.29022  0.21980550000000001
0.8023994  1.344093  0.22227170000000002
0.8023994  1.398002  0.2243322
0.8023994  1.452855  0.2229839
0.8023994  1.506685  0.225493
0.8023994  1.560605  0.22711589999999998
0.8023994  1.615472  0.2257987
0.8023994  1.669313  0.2289833
0.8023994  1.723227  0.2296974
0.8023994  1.778049  0.22900479999999998
0.8023994  1.831913  0.2319871
0.8023994  1.8859380000000001  0.23136099999999998
0.8023994  1.940772  0.23188040000000001
0.8023994  1.994634  0.2343001
0.8023994  2.005596  0.2330475
0.7221223  0.7221223  0.2000764
0.7221223  0.7757229999999999  0.20239739999999998
0.7221223  0.830566  0.20500659999999998
0.7221223  0.8844777  0.2074836
0.7221223  0.9383665999999999  0.2085453
0.7221223  0.9932190000000001  0.21140399999999998
0.7221223  1.047144  0.2138925
0.7221223  1.101038  0.2147937
0.7221223  1.155907  0.2168739
0.7221223  1.2097950000000002  0.21932939999999998
0.7221223  1.26376  0.2193674
0.7221223  1.317623  0.22106989999999999
0.7221223  1.3724649999999998  0.2240113
0.7221223  1.426344  0.222679
0.7221223  1.480219  0.2247051
0.7221223  1.535083  0.2270325
0.7221223  1.5889849999999999  0.225476
0.7221223  1.642855  0.2284156
0.7221223  1.6977419999999999  0.2288244
0.7221223  1.751576  0.22867729999999997
0.7221223  1.805411  0.2313343
0.7221223  1.860417  0.2306672
0.7221223  1.914291  0.2318129
0.7221223  1.9681440000000001  0.2331337
0.7221223  2.0054570000000003  0.2329331
0.6418588999999999  0.6418588999999999  0.1937476
0.6418588999999999  0.6954534  0.19611849999999997
0.6418588999999999  0.7503029  0.1990584
0.6418588999999999  0.8040999000000001  0.202151
0.6418588999999999  0.8579684  0.2049991
0.6418588999999999  0.9128398  0.2060893
0.6418588999999999  0.9667668  0.2091126
0.6418588999999999  1.0206870000000001  0.21213300000000002
0.6418588999999999  1.075559  0.21258259999999998
0.6418588999999999  1.1294380000000002  0.2151275
0.6418588999999999  1.183293  0.2183031
0.6418588999999999  1.2383030000000002  0.21762269999999997
0.6418588999999999  1.292164  0.2207923
0.6418588999999999  1.346019  0.2223027
0.6418588999999999  1.400849  0.2220864
0.6418588999999999  1.454729  0.22505060000000002
0.6418588999999999  1.508602  0.2248962
0.6418588999999999  1.563475  0.22543439999999998
0.6418588999999999  1.617365  0.22790159999999998
0.6418588999999999  1.671218  0.2274633
0.6418588999999999  1.726074  0.2293758
0.6418588999999999  1.779917  0.2307395
0.6418588999999999  1.83379  0.2296218
0.6418588999999999  1.887828  0.2320912
0.6418588999999999  1.942654  0.2318805
0.6418588999999999  1.996522  0.2319358
0.6418588999999999  2.005507  0.2330995
0.5613486000000001  0.5613486000000001  0.1860887
0.5613486000000001  0.6150299  0.18888749999999999
0.5613486000000001  0.6699425  0.19172920000000002
0.5613486000000001  0.7238438  0.1951556
0.5613486000000001  0.7776867999999999  0.1983893
0.5613486000000001  0.8325333  0.2005571
0.5613486000000001  0.8863899000000001  0.2034393
0.5613486000000001  0.9402944  0.206879
0.5613486000000001  0.9951382  0.2082783
0.5613486000000001  1.04907  0.2114024
0.5613486000000001  1.10296  0.2140264
0.5613486000000001  1.157818  0.2140744
0.5613486000000001  1.2117149999999999  0.2178453
0.5613486000000001  1.2656859999999999  0.2186768
0.5613486000000001  1.320492  0.2195037
0.5613486000000001  1.3743610000000002  0.2222073
0.5613486000000001  1.428221  0.222155
0.5613486000000001  1.483074  0.2241575
0.5613486000000001  1.537138  0.2261089
0.5613486000000001  1.59088  0.2251846
0.5613486000000001  1.645704  0.22855
0.5613486000000001  1.699622  0.2290328
0.5613486000000001  1.753474  0.22817439999999997
0.5613486000000001  1.80826  0.2321343
0.5613486000000001  1.862312  0.23008459999999997
0.5613486000000001  1.9161949999999999  0.2320384
0.5613486000000001  1.970991  0.23327889999999998
0.5613486000000001  2.005361  0.2328181
0.4810558  0.4810558  0.1766414
0.4810558  0.535632  0.17931889999999998
0.4810558  0.5895336  0.1823929
0.4810558  0.6435173999999999  0.18536329999999998
0.4810558  0.6983733999999999  0.18981599999999998
0.4810558  0.7522072  0.1935633
0.4810558  0.8060894  0.19503479999999998
0.4810558  0.8609125  0.19908299999999998
0.4810558  0.9147609  0.2023801
0.4810558  0.9686821999999999  0.2036689
0.4810558  1.023568  0.2081323
0.4810558  1.077498  0.2100949
0.4810558  1.131345  0.2113893
0.4810558  1.1852070000000001  0.2159068
0.4810558  1.2402039999999999  0.2157747
0.4810558  1.294006  0.2191403
0.4810558  1.34789  0.22039889999999998
0.4810558  1.402777  0.2208253
0.4810558  1.456625  0.224254
0.4810558  1.510503  0.2238532
0.4810558  1.5653650000000001  0.225472
0.4810558  1.619237  0.2286339
0.4810558  1.673095  0.22631769999999998
0.4810558  1.727952  0.2300398
0.4810558  1.781795  0.230081
0.4810558  1.8356759999999999  0.2303122
0.4810558  1.8906479999999999  0.2322072
0.4810558  1.944513  0.23120559999999998
0.4810558  1.998406  0.2336646
0.4810558  2.005412  0.2334801
0.4006825  0.4006825  0.16549899999999998
0.4006825  0.455291  0.1684648
0.4006825  0.5091791  0.1712487
0.4006825  0.5630676  0.1753911
0.4006825  0.6180516  0.1798879
0.4006825  0.6718998  0.1823185
0.4006825  0.7258071  0.1851437
0.4006825  0.7805928  0.1903328
0.4006825  0.834462  0.19348100000000001
0.4006825  0.8883373  0.19563239999999998
0.4006825  0.9432334  0.2009165
0.4006825  0.9970533  0.20321
0.4006825  1.050964  0.2056444
0.4006825  1.105846  0.2098403
0.4006825  1.1597039999999998  0.2101913
0.4006825  1.213608  0.2149877
0.4006825  1.268557  0.2163137
0.4006825  1.322398  0.2186231
0.4006825  1.37626  0.2211358
0.4006825  1.431105  0.2209849
0.4006825  1.484971  0.22460819999999998
0.4006825  1.538913  0.2237765
0.4006825  1.5937370000000002  0.2259933
0.4006825  1.6476  0.2279699
0.4006825  1.701515  0.2273589
0.4006825  1.756278  0.2305089
0.4006825  1.810139  0.2299311
0.4006825  1.864191  0.230633
0.4006825  1.91801  0.23309049999999998
0.4006825  1.9728510000000001  0.2316691
0.4006825  2.005291  0.23295
0.3213409  0.3213409  0.1529578
0.3213409  0.3749617  0.1559129
0.3213409  0.4288233  0.15866550000000001
0.3213409  0.4827282  0.1631741
0.3213409  0.5375789  0.1676477
0.3213409  0.5914568  0.1696282
0.3213409  0.6454629  0.1749663
0.3213409  0.7002916  0.17894349999999998
0.3213409  0.7541177  0.181301
0.3213409  0.8079995  0.1863144
0.3213409  0.8628365  0.1909659
0.3213409  0.916712  0.19249879999999997
0.3213409  0.9706859  0.1983184
0.3213409  1.025518  0.2005994
0.3213409  1.0794110000000001  0.20399169999999997
0.3213409  1.133258  0.20868199999999998
0.3213409  1.188087  0.2093467
0.3213409  1.242097  0.2146803
0.3213409  1.295919  0.2155004
0.3213409  1.3507609999999999  0.217678
0.3213409  1.404643  0.2219923
0.3213409  1.458512  0.2207795
0.3213409  1.5133489999999998  0.2253861
0.3213409  1.567262  0.22461359999999997
0.3213409  1.6211179999999998  0.2265428
0.3213409  1.675958  0.22853859999999998
0.3213409  1.7298589999999998  0.2276107
0.3213409  1.7836690000000002  0.2311548
0.3213409  1.838527  0.229267
0.3213409  1.892535  0.2321419
0.3213409  1.946394  0.2326865
0.3213409  2.0012529999999997  0.23251639999999998
0.3213409  2.005347  0.2328961
0.2410303  0.2410303  0.1390169
0.2410303  0.2945876  0.1419492
0.2410303  0.34851960000000004  0.1454436
0.2410303  0.4033614  0.14996500000000001
0.2410303  0.4572501  0.1540803
0.2410303  0.511133  0.1565125
0.2410303  0.565997  0.1623415
0.2410303  0.6200296  0.1663387
0.2410303  0.6738274  0.1697148
0.2410303  0.7286733000000001  0.1747028
0.2410303  0.7825183  0.1784816
0.2410303  0.8364219  0.1820497
0.2410303  0.8912584  0.188081
0.2410303  0.9451725  0.1902939
0.2410303  0.9990846  0.1954685
0.2410303  1.0538969999999999  0.19950579999999998
0.2410303  1.1077750000000002  0.20109960000000002
0.2410303  1.161624  0.20749689999999998
0.2410303  1.215492  0.209056
0.2410303  1.27048  0.21321949999999998
0.2410303  1.3243  0.2167015
0.2410303  1.378163  0.2168048
0.2410303  1.433  0.22200489999999998
0.2410303  1.486865  0.2214564
0.2410303  1.540805  0.22460129999999998
0.2410303  1.595656  0.22626300000000002
0.2410303  1.649489  0.225408
0.2410303  1.703387  0.2297977
0.2410303  1.758189  0.22740139999999998
0.2410303  1.812023  0.23117569999999998
0.2410303  1.866061  0.23043799999999998
0.2410303  1.9210999999999998  0.2316924
0.2410303  1.9747249999999998  0.23388050000000002
0.2410303  2.00522  0.2332983
0.1607374  0.1607374  0.1236972
0.1607374  0.2143827  0.12667799999999999
0.1607374  0.26818830000000005  0.1300903
0.1607374  0.3230843  0.1348563
0.1607374  0.3769137  0.13959000000000002
0.1607374  0.430752  0.1423788
0.1607374  0.4856628  0.1479738
0.1607374  0.5395515000000001  0.151902
0.1607374  0.5934081  0.1553566
0.1607374  0.6483597  0.1618175
0.1607374  0.7022501  0.1645838
0.1607374  0.7560413  0.16997790000000002
0.1607374  0.8109097000000001  0.1751228
0.1607374  0.8648203999999999  0.1783445
0.1607374  0.9186295999999999  0.1853956
0.1607374  0.9735286999999999  0.1883214
0.1607374  1.027462  0.1931216
0.1607374  1.081364  0.1974846
0.1607374  1.136174  0.2003063
0.1607374  1.190024  0.2063736
0.1607374  1.244056  0.2083446
0.1607374  1.298797  0.2137844
0.1607374  1.352673  0.2161111
0.1607374  1.406546  0.2172641
0.1607374  1.46141  0.2222331
0.1607374  1.5152780000000001  0.2214303
0.1607374  1.569181  0.2258707
0.1607374  1.6240029999999999  0.225653
0.1607374  1.6778499999999998  0.2272289
0.1607374  1.73174  0.22922510000000001
0.1607374  1.785559  0.22902050000000002
0.1607374  1.8404280000000002  0.23192039999999997
0.1607374  1.894445  0.2306725
0.1607374  1.948262  0.2332804
0.1607374  2.003126  0.2327855
0.1607374  2.00528  0.2334341
0.08043564  0.08043564  0.106775
0.08043564  0.13404  0.1101065
0.08043564  0.1888897  0.1144234
0.08043564  0.242744  0.1180194
0.08043564  0.2965829  0.12348949999999999
0.08043564  0.3515098  0.1272213
0.08043564  0.4053664  0.1315458
0.08043564  0.45920330000000004  0.1373573
0.08043564  0.51307  0.1403629
0.08043564  0.5679445  0.1472985
0.08043564  0.6219158  0.1505815
0.08043564  0.6757573  0.15526769999999998
0.08043564  0.7307224  0.1617772
0.08043564  0.7844636  0.1652042
0.08043564  0.8383129  0.1717871
0.08043564  0.8931464  0.17580859999999998
0.08043564  0.9471029999999999  0.1809296
0.08043564  1.000942  0.1874702
0.08043564  1.055824  0.1903144
0.08043564  1.109755  0.1968586
0.08043564  1.163575  0.19996219999999998
0.08043564  1.218407  0.20519439999999997
0.08043564  1.2723579999999999  0.2106133
0.08043564  1.3262360000000002  0.2113147
0.08043564  1.381054  0.217377
0.08043564  1.434917  0.21732549999999998
0.08043564  1.488788  0.2226202
0.08043564  1.543661  0.2225787
0.08043564  1.597545  0.2245064
0.08043564  1.6514010000000001  0.22713999999999998
0.08043564  1.706258  0.2272564
0.08043564  1.7600930000000001  0.23078700000000002
0.08043564  1.813918  0.228924
0.08043564  1.868919  0.2317149
0.08043564  1.922774  0.2302661
0.08043564  1.9766210000000002  0.2339378
0.08043564  2.005154  0.2331258
6.774577e-5  6.774577e-5  0.08907219
6.774577e-5  0.05374334  0.0917834
6.774577e-5  0.1085348  0.09604939
6.774577e-5  0.16243539999999998  0.10143809999999999
6.774577e-5  0.21631299999999998  0.1065497
6.774577e-5  0.2711329  0.11004320000000001
6.774577e-5  0.32506029999999997  0.11581620000000001
6.774577e-5  0.3789226  0.1202439
6.774577e-5  0.43374029999999997  0.12443459999999999
6.774577e-5  0.487625  0.1317185
6.774577e-5  0.5414865  0.1345715
6.774577e-5  0.5962392999999999  0.1415503
6.774577e-5  0.6502939  0.14624040000000002
6.774577e-5  0.7041842  0.15098899999999998
6.774577e-5  0.7589589999999999  0.1582541
6.774577e-5  0.8128246  0.1618299
6.774577e-5  0.8667039  0.16915109999999997
6.774577e-5  0.9215454  0.1741384
6.774577e-5  0.9754688  0.1796536
6.774577e-5  1.029392  0.18590189999999998
6.774577e-5  1.083308  0.18915490000000001
6.774577e-5  1.138111  0.197205
6.774577e-5  1.191988  0.1995861
6.774577e-5  1.2459259999999999  0.206499
6.774577e-5  1.300708  0.20944569999999998
6.774577e-5  1.3546230000000001  0.21269659999999999
6.774577e-5  1.408476  0.21711389999999997
6.774577e-5  1.463309  0.2176604
6.774577e-5  1.51716  0.22329429999999997
6.774577e-5  1.5710899999999999  0.2227127
6.774577e-5  1.625891  0.2265557
6.774577e-5  1.679761  0.2262088
6.774577e-5  1.73366  0.22851619999999997
6.774577e-5  1.788435  0.22906559999999998
6.774577e-5  1.8423209999999999  0.23035309999999998
6.774577e-5  1.896306  0.2323449
6.774577e-5  1.951143  0.231232
6.774577e-5  2.005032  0.2338794
-0.08029887  -0.08029887  0.07006152
-0.08029887  -0.02663712  0.07319204
-0.08029887  0.02823669  0.07738727
-0.08029887  0.08211921  0.08264273
-0.08029887  0.1359871  0.08802237
-0.08029887  0.1908427  0.09160545
-0.08029887  0.244698  0.09828685000000001
-0.08029887  0.2985618  0.10313539999999999
-0.08029887  0.3534141  0.10795619999999999
-0.08029887  0.4072806  0.11480320000000001
-0.08029887  0.4611786  0.11846609999999999
-0.08029887  0.5160264  0.1261061
-0.08029887  0.5699122999999999  0.12949200000000002
-0.08029887  0.6238459000000001  0.13708939999999997
-0.08029887  0.6786567  0.14186379999999998
-0.08029887  0.732537  0.1482699
-0.08029887  0.7863751999999999  0.1546454
-0.08029887  0.8412316  0.1593512
-0.08029887  0.8950883000000001  0.1671223
-0.08029887  0.9490198000000001  0.1711578
-0.08029887  1.0039  0.17935689999999999
-0.08029887  1.05776  0.18404310000000002
-0.08029887  1.111642  0.189681
-0.08029887  1.166479  0.1968019
-0.08029887  1.2203130000000002  0.1999024
-0.08029887  1.274269  0.2073636
-0.08029887  1.329099  0.2086633
-0.08029887  1.383168  0.2149367
-0.08029887  1.436818  0.21712789999999998
-0.08029887  1.491651  0.2196263
-0.08029887  1.5455750000000001  0.22266460000000002
-0.08029887  1.5994380000000001  0.2239567
-0.08029887  1.653309  0.2274477
-0.08029887  1.708149  0.2260134
-0.08029887  1.7619770000000001  0.2302015
-0.08029887  1.815835  0.2291196
-0.08029887  1.870819  0.23293049999999998
-0.08029887  1.9246590000000001  0.22989559999999998
-0.08029887  1.978582  0.2340358
-0.08029887  2.005103  0.23365039999999998
-0.1605592  -0.1605592  0.049670009999999994
-0.1605592  -0.1059298  0.052217559999999996
-0.1605592  -0.052045  0.05634739
-0.1605592  0.001863585  0.06248151999999999
-0.1605592  0.05664467  0.06733323000000001
-0.1605592  0.1104915  0.07176815
-0.1605592  0.16440629999999998  0.07938709
-0.1605592  0.2192297  0.08295626
-0.1605592  0.2730652  0.09018891
-0.1605592  0.32699700000000004  0.09628389
-0.1605592  0.3808494  0.1010296
-0.1605592  0.43567079999999997  0.10863579999999999
-0.1605592  0.4895667  0.11271099999999999
-0.1605592  0.5434565  0.12123740000000001
-0.1605592  0.5983016  0.1255614
-0.1605592  0.6522530000000001  0.1331389
-0.1605592  0.7060842  0.1389708
-0.1605592  0.7608853  0.14507969999999998
-0.1605592  0.8147617  0.1535273
-0.1605592  0.8686241  0.1574209
-0.1605592  0.9235410000000001  0.1668813
-0.1605592  0.9773723  0.1701474
-0.1605592  1.0312999999999999  0.1798586
-0.1605592  1.0861939999999999  0.1843646
-0.1605592  1.140023  0.1909848
-0.1605592  1.193916  0.1971838
-0.1605592  1.248943  0.2011031
-0.1605592  1.3026300000000002  0.207986
-0.1605592  1.356486  0.20938869999999998
-0.1605592  1.4113330000000002  0.2156557
-0.1605592  1.465221  0.2163966
-0.1605592  1.519082  0.22211369999999997
-0.1605592  1.573974  0.2215086
-0.1605592  1.627806  0.2270009
-0.1605592  1.681664  0.22613149999999999
-0.1605592  1.736513  0.2284453
-0.1605592  1.790332  0.22921519999999998
-0.1605592  1.844242  0.23032329999999998
-0.1605592  1.899203  0.23156279999999999
-0.1605592  1.9530399999999999  0.23187119999999997
-0.1605592  2.004984  0.2334705
-0.2408694  -0.2408694  0.028098009999999996
-0.2408694  -0.1862362  0.0307822
-0.2408694  -0.1323603  0.034737000000000004
-0.2408694  -0.07852524  0.039395889999999996
-0.2408694  -0.02367361  0.04588744
-0.2408694  0.03026636  0.05069167
-0.2408694  0.08410476  0.056744779999999995
-0.2408694  0.1389556  0.06384568
-0.2408694  0.1929558  0.06853849999999999
-0.2408694  0.24663829999999998  0.07738321
-0.2408694  0.30145310000000003  0.08180478000000001
-0.2408694  0.3553674  0.09018595
-0.2408694  0.40923289999999996  0.09576997
-0.2408694  0.4641445  0.1035508
-0.2408694  0.5179752999999999  0.1095941
-0.2408694  0.5718492  0.1161649
-0.2408694  0.6267809  0.12371389999999999
-0.2408694  0.6806464999999999  0.1283958
-0.2408694  0.7344661  0.1380466
-0.2408694  0.7893104  0.14197959999999998
-0.2408694  0.8431595  0.1517259
-0.2408694  0.8970057  0.1571927
-0.2408694  0.950947  0.16497399999999998
-0.2408694  1.005832  0.1717768
-0.2408694  1.059682  0.178466
-0.2408694  1.1135730000000001  0.18629749999999998
-0.2408694  1.168411  0.19010559999999999
-0.2408694  1.22228  0.1986803
-0.2408694  1.276195  0.2014706
-0.2408694  1.33104  0.2095688
-0.2408694  1.384916  0.2115979
-0.2408694  1.4387370000000002  0.2163531
-0.2408694  1.493586  0.2186359
-0.2408694  1.5474919999999999  0.2219109
-0.2408694  1.6013499999999998  0.2241814
-0.2408694  1.656193  0.2249978
-0.2408694  1.710088  0.2280904
-0.2408694  1.763881  0.2279313
-0.2408694  1.8187229999999999  0.23101919999999998
-0.2408694  1.872769  0.22882239999999998
-0.2408694  1.9265750000000001  0.2331271
-0.2408694  1.981402  0.23227499999999998
-0.2408694  2.005061  0.2328833
-0.3211986  -0.3211986  0.006659076
-0.3211986  -0.2665307  0.009282125
-0.3211986  -0.2126986  0.01312209
-0.3211986  -0.1588277  0.01877263
-0.3211986  -0.10396989999999999  0.022945240000000002
-0.3211986  -0.050096339999999996  0.027863060000000002
-0.3211986  0.003816634  0.03495533
-0.3211986  0.05869012  0.04001032
-0.3211986  0.11251  0.04901249
-0.3211986  0.1663879  0.05393458
-0.3211986  0.2212058  0.0631047
-0.3211986  0.27501960000000003  0.06951202999999999
-0.3211986  0.3289366  0.07663714
-0.3211986  0.3837708  0.08449968
-0.3211986  0.4376374  0.09085317
-0.3211986  0.49151510000000004  0.09939624999999999
-0.3211986  0.5463622  0.10492850000000001
-0.3211986  0.6002462000000001  0.1138274
-0.3211986  0.6542287999999999  0.1189652
-0.3211986  0.7090612  0.1287005
-0.3211986  0.7628531000000001  0.1345351
-0.3211986  0.8167095000000001  0.14354999999999998
-0.3211986  0.8715284  0.1508861
-0.3211986  0.9254702  0.1572732
-0.3211986  0.979299  0.1654738
-0.3211986  1.034199  0.1717678
-0.3211986  1.088137  0.1819141
-0.3211986  1.141965  0.185247
-0.3211986  1.196821  0.194489
-0.3211986  1.2507840000000001  0.19713940000000002
-0.3211986  1.3045550000000001  0.20616579999999998
-0.3211986  1.3594110000000001  0.2083082
-0.3211986  1.413287  0.21377639999999998
-0.3211986  1.467136  0.2162046
-0.3211986  1.5219639999999999  0.2200086
-0.3211986  1.575909  0.22237189999999998
-0.3211986  1.629711  0.2250556
-0.3211986  1.683568  0.22695859999999998
-0.3211986  1.738453  0.22800230000000002
-0.3211986  1.792249  0.2299833
-0.3211986  1.846287  0.2298117
-0.3211986  1.901095  0.2318926
-0.3211986  1.954947  0.23156580000000002
-0.3211986  2.004941  0.234173
-0.40046980000000004  -0.40046980000000004  -0.01263066
-0.40046980000000004  -0.3468337  -0.010373299999999998
-0.40046980000000004  -0.29290839999999996  -0.006950654999999999
-0.40046980000000004  -0.2381271  -0.001702318
-0.40046980000000004  -0.1842948  0.0027356850000000003
-0.40046980000000004  -0.1304167  0.006728989
-0.40046980000000004  -0.07565274  0.01384718
-0.40046980000000004  -0.02171662  0.01849076
-0.40046980000000004  0.03220621  0.0265117
-0.40046980000000004  0.08704485  0.0322893
-0.40046980000000004  0.1408885  0.0413399
-0.40046980000000004  0.1947922  0.048788120000000004
-0.40046980000000004  0.24864050000000001  0.05631146
-0.40046980000000004  0.303455  0.06520738
-0.40046980000000004  0.3573286  0.07095878
-0.40046980000000004  0.41116980000000003  0.08123271
-0.40046980000000004  0.4660544  0.08674426
-0.40046980000000004  0.5199395  0.09746417
-0.40046980000000004  0.5738009  0.1023821
-0.40046980000000004  0.6287446999999999  0.112692
-0.40046980000000004  0.6826522  0.1184272
-0.40046980000000004  0.7364623  0.1279199
-0.40046980000000004  0.7912274  0.1348269
-0.40046980000000004  0.8451101  0.14270059999999998
-0.40046980000000004  0.8989552  0.1516561
-0.40046980000000004  0.9538988  0.1578822
-0.40046980000000004  1.007768  0.1681071
-0.40046980000000004  1.06163  0.1727098
-0.40046980000000004  1.116486  0.1831149
-0.40046980000000004  1.170347  0.1863049
-0.40046980000000004  1.224224  0.19593670000000002
-0.40046980000000004  1.2791199999999998  0.1988646
-0.40046980000000004  1.3329680000000002  0.20775949999999999
-0.40046980000000004  1.386849  0.21028539999999998
-0.40046980000000004  1.441661  0.2151969
-0.40046980000000004  1.495511  0.21796639999999998
-0.40046980000000004  1.549431  0.2222073
-0.40046980000000004  1.604257  0.2235519
-0.40046980000000004  1.658114  0.2257449
-0.40046980000000004  1.712003  0.2275921
-0.40046980000000004  1.766785  0.2287411
-0.40046980000000004  1.820662  0.2301127
-0.40046980000000004  1.874647  0.2309895
-0.40046980000000004  1.929454  0.2315858
-0.40046980000000004  1.983349  0.2322145
-0.40046980000000004  2.0050239999999997  0.2328735
-0.4807742  -0.4807742  -0.03156692
-0.4807742  -0.4271415  -0.02935086
-0.4807742  -0.3732449  -0.02594593
-0.4807742  -0.318447  -0.02088133
-0.4807742  -0.2645336  -0.0176108
-0.4807742  -0.210715  -0.01232868
-0.4807742  -0.1558691  -0.006887304
-0.4807742  -0.10199  -0.002556973
-0.4807742  -0.048140749999999996  0.005399413
-0.4807742  0.006746488  0.009635384
-0.4807742  0.06058239  0.019741079999999998
-0.4807742  0.11443930000000001  0.0247992
-0.4807742  0.1692968  0.035593490000000005
-0.4807742  0.2231726  0.04254635
-0.4807742  0.2770122  0.05273775
-0.4807742  0.331916  0.06009259
-0.4807742  0.385747  0.06942886000000001
-0.4807742  0.43957979999999997  0.0765484
-0.4807742  0.494427  0.08597727
-0.4807742  0.5482857  0.09450721999999999
-0.4807742  0.6021932000000001  0.1020847
-0.4807742  0.6571224999999999  0.1107952
-0.4807742  0.7110117  0.1184482
-0.4807742  0.7648101  0.128158
-0.4807742  0.8196334000000001  0.13402999999999998
-0.4807742  0.8734697  0.1452632
-0.4807742  0.9274242  0.1503559
-0.4807742  0.98127  0.1614072
-0.4807742  1.03614  0.1664706
-0.4807742  1.090036  0.1774207
-0.4807742  1.1439030000000001  0.1820561
-0.4807742  1.1987349999999999  0.1916199
-0.4807742  1.25274  0.1968035
-0.4807742  1.306697  0.2028866
-0.4807742  1.361318  0.2081995
-0.4807742  1.415192  0.2117071
-0.4807742  1.469065  0.2164854
-0.4807742  1.523892  0.21929659999999998
-0.4807742  1.5778320000000001  0.2229593
-0.4807742  1.6316590000000002  0.22317649999999997
-0.4807742  1.6864780000000001  0.2268841
-0.4807742  1.740353  0.2263588
-0.4807742  1.79416  0.2299546
-0.4807742  1.849194  0.2299566
-0.4807742  1.903023  0.2317459
-0.4807742  1.9568969999999999  0.23128729999999997
-0.4807742  2.0049  0.234202
-0.5610666  -0.5610666  -0.04966197
-0.5610666  -0.5074575  -0.04741796
-0.5610666  -0.4535863  -0.043699999999999996
-0.5610666  -0.3987332  -0.0397548
-0.5610666  -0.3447881  -0.0367722
-0.5610666  -0.2909492  -0.030507319999999997
-0.5610666  -0.23615129999999998  -0.02789417
-0.5610666  -0.1822961  -0.02124121
-0.5610666  -0.128413  -0.01608587
-0.5610666  -0.07355717  -0.010122009999999999
-0.5610666  -0.01972298  -0.0025794549999999996
-0.5610666  0.034143309999999996  0.0033715909999999997
-0.5610666  0.08899235  0.01330703
-0.5610666  0.1428441  0.019830389999999996
-0.5610666  0.19673759999999998  0.03146873
-0.5610666  0.2515291  0.03767573
-0.5610666  0.3053837  0.04994815
-0.5610666  0.3593051  0.05602762
-0.5610666  0.4141367  0.06755933
-0.5610666  0.4680018  0.07423219
-0.5610666  0.5218633  0.08521436
-0.5610666  0.5767264  0.09210829
-0.5610666  0.6306707  0.1019379
-0.5610666  0.6845182  0.1104659
-0.5610666  0.7393506  0.1191993
-0.5610666  0.7932213  0.1282424
-0.5610666  0.8470477  0.13563419999999998
-0.5610666  0.9018547  0.1466269
-0.5610666  0.9557784  0.1522894
-0.5610666  1.009706  0.1639896
-0.5610666  1.0645229999999999  0.16884079999999999
-0.5610666  1.1184100000000001  0.1797359
-0.5610666  1.1722560000000002  0.18491809999999997
-0.5610666  1.2271269999999999  0.19473839999999998
-0.5610666  1.281045  0.1976299
-0.5610666  1.33488  0.2061768
-0.5610666  1.389726  0.2086557
-0.5610666  1.443586  0.2144566
-0.5610666  1.497423  0.21748469999999998
-0.5610666  1.551365  0.2209598
-0.5610666  1.60616  0.22285750000000001
-0.5610666  1.66002  0.2258712
-0.5610666  1.7139149999999999  0.2259559
-0.5610666  1.768705  0.2292006
-0.5610666  1.8225630000000002  0.2290883
-0.5610666  1.876554  0.23112159999999998
-0.5610666  1.9313589999999998  0.2311953
-0.5610666  1.9852049999999999  0.232476
-0.5610666  2.004973  0.2326351
-0.6414738999999999  -0.6414738999999999  -0.06673706
-0.6414738999999999  -0.5877487  -0.06507512
-0.6414738999999999  -0.5329176999999999  -0.06102714
-0.6414738999999999  -0.479  -0.05802849
-0.6414738999999999  -0.4251463  -0.05442316
-0.6414738999999999  -0.37033819999999995  -0.048944789999999995
-0.6414738999999999  -0.3164814  -0.046432879999999996
-0.6414738999999999  -0.2625584  -0.04014402
-0.6414738999999999  -0.2077699  -0.036189719999999995
-0.6414738999999999  -0.1538805  -0.02999743
-0.6414738999999999  -0.10001009999999999  -0.023576
-0.6414738999999999  -0.04517154  -0.01742635
-0.6414738999999999  0.008734075  -0.009239896999999999
-0.6414738999999999  0.06256721999999999  -0.002095068
-0.6414738999999999  0.1173831  0.008084899999999999
-0.6414738999999999  0.1712778  0.015853239999999998
-0.6414738999999999  0.2251131  0.02773175
-0.6414738999999999  0.27894670000000005  0.034765580000000004
-0.6414738999999999  0.3338576  0.047156819999999995
-0.6414738999999999  0.3877128  0.05450787
-0.6414738999999999  0.44157389999999996  0.0657832
-0.6414738999999999  0.4963873  0.07327731
-0.6414738999999999  0.5502475  0.08456624
-0.6414738999999999  0.604121  0.09165254
-0.6414738999999999  0.6590655000000001  0.1032006
-0.6414738999999999  0.7129179  0.10947989999999999
-0.6414738999999999  0.7667672999999999  0.1210054
-0.6414738999999999  0.8216558  0.1280427
-0.6414738999999999  0.8754161  0.13970780000000002
-0.6414738999999999  0.9293246000000001  0.14670629999999998
-0.6414738999999999  0.9841566  0.157357
-0.6414738999999999  1.0380989999999999  0.1647884
-0.6414738999999999  1.091976  0.1732612
-0.6414738999999999  1.1468209999999999  0.1807166
-0.6414738999999999  1.200682  0.1876685
-0.6414738999999999  1.2546110000000001  0.1962464
-0.6414738999999999  1.309412  0.2014246
-0.6414738999999999  1.363242  0.2076714
-0.6414738999999999  1.417132  0.2112261
-0.6414738999999999  1.4719680000000002  0.2171498
-0.6414738999999999  1.52582  0.21784199999999998
-0.6414738999999999  1.579735  0.2235211
-0.6414738999999999  1.6345509999999999  0.2241568
-0.6414738999999999  1.688386  0.2265066
-0.6414738999999999  1.74227  0.2268075
-0.6414738999999999  1.797063  0.2301437
-0.6414738999999999  1.851078  0.2300093
-0.6414738999999999  1.904922  0.2320642
-0.6414738999999999  1.959767  0.232181
-0.6414738999999999  2.004861  0.2338614
-0.7217646999999999  -0.7217646999999999  -0.08364835999999999
-0.7217646999999999  -0.668117  -0.08230971
-0.7217646999999999  -0.6131569  -0.07863803
-0.7217646999999999  -0.5592922  -0.07520852
-0.7217646999999999  -0.5054333  -0.07185182
-0.7217646999999999  -0.45060629999999996  -0.06690765
-0.7217646999999999  -0.3967762  -0.06429409999999999
-0.7217646999999999  -0.3429104  -0.05834212
-0.7217646999999999  -0.288018  -0.05454947
-0.7217646999999999  -0.23418719999999998  -0.048616719999999995
-0.7217646999999999  -0.1803229  -0.043329669999999994
-0.7217646999999999  -0.1254997  -0.037744589999999995
-0.7217646999999999  -0.07162053  -0.03037384
-0.7217646999999999  -0.01773647  -0.02457927
-0.7217646999999999  0.0371282  -0.014462139999999998
-0.7217646999999999  0.09098837  -0.007075908
-0.7217646999999999  0.14482499999999998  0.004624316999999999
-0.7217646999999999  0.19964969999999999  0.011986710000000001
-0.7217646999999999  0.2534907  0.025296270000000003
-0.7217646999999999  0.30733550000000004  0.03333202
-0.7217646999999999  0.3622247  0.04501479
-0.7217646999999999  0.4161105  0.05355951
-0.7217646999999999  0.4699756  0.06495545999999999
-0.7217646999999999  0.5247816000000001  0.07280218
-0.7217646999999999  0.5786825999999999  0.08484259
-0.7217646999999999  0.6326314  0.09177146
-0.7217646999999999  0.6874743999999999  0.104294
-0.7217646999999999  0.7413275  0.1112237
-0.7217646999999999  0.7951359  0.1230232
-0.7217646999999999  0.8490094  0.129356
-0.7217646999999999  0.9038243  0.1419315
-0.7217646999999999  0.9577198  0.1487884
-0.7217646999999999  1.011633  0.15990559999999998
-0.7217646999999999  1.066503  0.1663347
-0.7217646999999999  1.12034  0.1776497
-0.7217646999999999  1.1742110000000001  0.1830594
-0.7217646999999999  1.229074  0.1916638
-0.7217646999999999  1.2829929999999998  0.19773739999999998
-0.7217646999999999  1.336817  0.20455890000000002
-0.7217646999999999  1.391674  0.20835309999999999
-0.7217646999999999  1.445509  0.2143189
-0.7217646999999999  1.499367  0.2174493
-0.7217646999999999  1.554242  0.2219977
-0.7217646999999999  1.608086  0.22213819999999998
-0.7217646999999999  1.661937  0.2260563
-0.7217646999999999  1.716817  0.2254657
-0.7217646999999999  1.770621  0.22951169999999999
-0.7217646999999999  1.824491  0.2283728
-0.7217646999999999  1.8794570000000002  0.23226940000000001
-0.7217646999999999  1.933282  0.2303748
-0.7217646999999999  1.9871379999999998  0.2332108
-0.7217646999999999  2.004933  0.2328491
-0.8020250999999999  -0.8020250999999999  -0.100245
-0.8020250999999999  -0.7474374  -0.09886982999999999
-0.8020250999999999  -0.6936102  -0.0959912
-0.8020250999999999  -0.6397392  -0.09319972
-0.8020250999999999  -0.5857491  -0.08836279000000001
-0.8020250999999999  -0.5309172  -0.08606436999999999
-0.8020250999999999  -0.47704860000000004  -0.08117424999999999
-0.8020250999999999  -0.4231713  -0.07754706
-0.8020250999999999  -0.36833859999999996  -0.07209705
-0.8020250999999999  -0.3144797  -0.06779827999999999
-0.8020250999999999  -0.2606039  -0.06275275999999999
-0.8020250999999999  -0.2058218  -0.05650867
-0.8020250999999999  -0.1519004  -0.051749989999999996
-0.8020250999999999  -0.09806873  -0.043479439999999994
-0.8020250999999999  -0.04322202  -0.03770292
-0.8020250999999999  0.01075009  -0.027607689999999997
-0.8020250999999999  0.06454991  -0.02098309
-0.8020250999999999  0.1193596  -0.008125485
-0.8020250999999999  0.1732086  -0.0006183400999999999
-0.8020250999999999  0.2270721  0.013458419999999999
-0.8020250999999999  0.28185950000000004  0.021221399999999998
-0.8020250999999999  0.3358047  0.03480613
-0.8020250999999999  0.3896985  0.04229284
-0.8020250999999999  0.4444989  0.055885779999999996
-0.8020250999999999  0.4983629  0.06306045
-0.8020250999999999  0.552188  0.07624141000000001
-0.8020250999999999  0.6070425  0.08326087
-0.8020250999999999  0.661011  0.09629776
-0.8020250999999999  0.7148846  0.1028862
-0.8020250999999999  0.7697024  0.1159477
-0.8020250999999999  0.8235406000000001  0.1230701
-0.8020250999999999  0.8773564  0.1354232
-0.8020250999999999  0.9322549  0.14172579999999999
-0.8020250999999999  0.9861091  0.1547458
-0.8020250999999999  1.0400319999999998  0.160215
-0.8020250999999999  1.0948879999999999  0.17321489999999998
-0.8020250999999999  1.148753  0.1776348
-0.8020250999999999  1.202622  0.1880909
-0.8020250999999999  1.2575319999999999  0.19332069999999998
-0.8020250999999999  1.311396  0.2017472
-0.8020250999999999  1.365194  0.20589079999999998
-0.8020250999999999  1.419038  0.2126785
-0.8020250999999999  1.47388  0.2137828
-0.8020250999999999  1.527749  0.2206748
-0.8020250999999999  1.581654  0.2203844
-0.8020250999999999  1.636493  0.2261637
-0.8020250999999999  1.690342  0.22449260000000001
-0.8020250999999999  1.744191  0.2297784
-0.8020250999999999  1.7989860000000002  0.2274064
-0.8020250999999999  1.852999  0.2316153
-0.8020250999999999  1.90685  0.22953439999999997
-0.8020250999999999  1.961707  0.23384539999999998
-0.8020250999999999  2.004817  0.2322079
-0.8822236  -0.8822236  -0.1168723
-0.8822236  -0.8277469  -0.1152527
-0.8822236  -0.7738808  -0.1131667
-0.8822236  -0.7200521  -0.1090063
-0.8822236  -0.6651829  -0.1068121
-0.8822236  -0.6111494000000001  -0.10252629999999999
-0.8822236  -0.5573397999999999  -0.09914555
-0.8822236  -0.5025092  -0.0960844
-0.8822236  -0.4486447  -0.09067077999999999
-0.8822236  -0.39478199999999997  -0.08708834
-0.8822236  -0.3398982  -0.08047876
-0.8822236  -0.28599759999999996  -0.07685724000000001
-0.8822236  -0.23220490000000002  -0.06969871
-0.8822236  -0.1773964  -0.06550152000000001
-0.8822236  -0.12352769999999999  -0.05618775
-0.8822236  -0.06968281  -0.05172578
-0.8822236  -0.01482661  -0.04054173
-0.8822236  0.03928396  -0.03427484
-0.8822236  0.09293274  -0.021638249999999998
-0.8822236  0.146785  -0.0135969
-0.8822236  0.2016254  0.001242871
-0.8822236  0.2554393  0.009138769
-0.8822236  0.3093625  0.02325296
-0.8822236  0.3641642  0.03203686
-0.8822236  0.418024  0.045880939999999995
-0.8822236  0.4719336  0.05266226
-0.8822236  0.5267434  0.06730997
-0.8822236  0.5806061  0.0745618
-0.8822236  0.6346563  0.08761726
-0.8822236  0.6893836999999999  0.09523675000000001
-0.8822236  0.743235  0.10847409999999999
-0.8822236  0.7970775  0.1157076
-0.8822236  0.8519177  0.12869429999999998
-0.8822236  0.9057576  0.1359574
-0.8822236  0.9596702  0.14813179999999998
-0.8822236  1.0145359999999999  0.15480170000000001
-0.8822236  1.068413  0.1665796
-0.8822236  1.122279  0.1730715
-0.8822236  1.177102  0.1845169
-0.8822236  1.231134  0.18864199999999998
-0.8822236  1.284939  0.1984735
-0.8822236  1.3397029999999999  0.20242759999999999
-0.8822236  1.3935899999999999  0.2099604
-0.8822236  1.447436  0.211915
-0.8822236  1.502252  0.2191107
-0.8822236  1.556211  0.21951610000000002
-0.8822236  1.6100160000000001  0.2242397
-0.8822236  1.6648209999999999  0.2239592
-0.8822236  1.718729  0.2284906
-0.8822236  1.772543  0.22642459999999998
-0.8822236  1.827382  0.2312891
-0.8822236  1.881375  0.2297403
-0.8822236  1.935225  0.232401
-0.8822236  1.990005  0.2330623
-0.8822236  2.004866  0.2329427
-0.962672  -0.962672  -0.1321368
-0.962672  -0.908019  -0.1311028
-0.962672  -0.854163  -0.12895020000000001
-0.962672  -0.8002931  -0.12533819999999998
-0.962672  -0.7454661  -0.12365290000000001
-0.962672  -0.6916281  -0.1194585
-0.962672  -0.6377723  -0.1167846
-0.962672  -0.5828148999999999  -0.11273399999999999
-0.962672  -0.5289442  -0.10905719999999999
-0.962672  -0.4750934  -0.1048076
-0.962672  -0.42020850000000004  -0.0996954
-0.962672  -0.3663578  -0.09564209
-0.962672  -0.3125193  -0.08914902999999999
-0.962672  -0.25763260000000004  -0.08455678
-0.962672  -0.2038333  -0.07647922
-0.962672  -0.14991970000000002  -0.07169513000000001
-0.962672  -0.0951413  -0.06180795
-0.962672  -0.04125378  -0.05484096
-0.962672  0.01263148  -0.04435613
-0.962672  0.06747193  -0.03556653
-0.962672  0.121309  -0.023762469999999997
-0.962672  0.1752009  -0.013572269999999999
-0.962672  0.2300333  -0.000362898
-0.962672  0.28381259999999997  0.01090019
-0.962672  0.33775259999999996  0.02271944
-0.962672  0.39257729999999996  0.03469381
-0.962672  0.4464398  0.04518645
-0.962672  0.5003843  0.05692657
-0.962672  0.5551301  0.06699281
-0.962672  0.6089901  0.07818348
-0.962672  0.6629366999999999  0.08782415
-0.962672  0.7168033  0.09900659999999999
-0.962672  0.7716376  0.1082875
-0.962672  0.8254880000000001  0.1208224
-0.962672  0.8793751999999999  0.12973410000000002
-0.962672  0.9341679  0.14107719999999999
-0.962672  0.9880249999999999  0.1497846
-0.962672  1.041942  0.1601878
-0.962672  1.096807  0.1681749
-0.962672  1.150679  0.1777194
-0.962672  1.204555  0.18507849999999998
-0.962672  1.2594539999999999  0.1947941
-0.962672  1.313266  0.19886489999999998
-0.962672  1.367109  0.20664
-0.962672  1.422006  0.2098133
-0.962672  1.475808  0.2171186
-0.962672  1.529689  0.2176555
-0.962672  1.584553  0.2234456
-0.962672  1.638399  0.2226128
-0.962672  1.692291  0.22768829999999998
-0.962672  1.7470830000000002  0.2268963
-0.962672  1.8009190000000002  0.2301213
-0.962672  1.854933  0.2286643
-0.962672  1.909721  0.23152869999999998
-0.962672  1.9635799999999999  0.23168409999999998
-0.962672  2.004762  0.2337446
-1.0419990000000001  -1.0419990000000001  -0.1474183
-1.0419990000000001  -0.9883202999999999  -0.1462934
-1.0419990000000001  -0.9344505000000001  -0.14410679999999998
-1.0419990000000001  -0.8795748999999999  -0.1407541
-1.0419990000000001  -0.8257341  -0.13918529999999998
-1.0419990000000001  -0.7718424  -0.13569879999999998
-1.0419990000000001  -0.717091  -0.1330509
-1.0419990000000001  -0.6632138999999999  -0.1290482
-1.0419990000000001  -0.6092222  -0.1258716
-1.0419990000000001  -0.5553527  -0.12234330000000002
-1.0419990000000001  -0.5005453  -0.1173847
-1.0419990000000001  -0.446672  -0.1136542
-1.0419990000000001  -0.3927766  -0.1071105
-1.0419990000000001  -0.3379959  -0.1029992
-1.0419990000000001  -0.284055  -0.09559944999999999
-1.0419990000000001  -0.2302473  -0.09098078999999999
-1.0419990000000001  -0.1754042  -0.08222774
-1.0419990000000001  -0.12150749999999999  -0.07576732
-1.0419990000000001  -0.06770959  -0.06579733
-1.0419990000000001  -0.01286534  -0.05780945
-1.0419990000000001  0.041018070000000004  -0.04642425
-1.0419990000000001  0.09486768999999999  -0.03698849
-1.0419990000000001  0.1497558  -0.02398086
-1.0419990000000001  0.20359950000000002  -0.01253759
-1.0419990000000001  0.2573963  -0.0011001029999999998
-1.0419990000000001  0.3122818  0.01316629
-1.0419990000000001  0.36613619999999997  0.02404286
-1.0419990000000001  0.4199739  0.036770529999999996
-1.0419990000000001  0.47486239999999996  0.04665782
-1.0419990000000001  0.5287159  0.060032869999999995
-1.0419990000000001  0.5825621999999999  0.06822307000000001
-1.0419990000000001  0.637499  0.08284082
-1.0419990000000001  0.6913425  0.08988766999999999
-1.0419990000000001  0.7452000000000001  0.103632
-1.0419990000000001  0.8000077999999999  0.1110866
-1.0419990000000001  0.8538475  0.1250472
-1.0419990000000001  0.9076996  0.1317382
-1.0419990000000001  0.9625815999999999  0.1457999
-1.0419990000000001  1.0164819999999999  0.1517565
-1.0419990000000001  1.0703479999999999  0.1653209
-1.0419990000000001  1.125194  0.1707679
-1.0419990000000001  1.179038  0.1823678
-1.0419990000000001  1.233043  0.18720910000000002
-1.0419990000000001  1.2878399999999999  0.1977408
-1.0419990000000001  1.341645  0.2011755
-1.0419990000000001  1.395511  0.2102599
-1.0419990000000001  1.449365  0.2116786
-1.0419990000000001  1.504173  0.2182506
-1.0419990000000001  1.558091  0.2198627
-1.0419990000000001  1.6119469999999998  0.22338429999999998
-1.0419990000000001  1.6667480000000001  0.2258968
-1.0419990000000001  1.720652  0.2262373
-1.0419990000000001  1.774467  0.2292487
-1.0419990000000001  1.829296  0.228707
-1.0419990000000001  1.883298  0.23161859999999998
-1.0419990000000001  1.937106  0.2293776
-1.0419990000000001  1.9919339999999999  0.2349425
-1.0419990000000001  2.004832  0.2327261
-1.1222539999999999  -1.1222539999999999  -0.1611847
-1.1222539999999999  -1.068669  -0.16069399999999998
-1.1222539999999999  -1.014825  -0.15805819999999998
-1.1222539999999999  -0.9599446  -0.1566545
-1.1222539999999999  -0.9059913  -0.153942
-1.1222539999999999  -0.8521516  -0.1508402
-1.1222539999999999  -0.7973224  -0.1485779
-1.1222539999999999  -0.7434767000000001  -0.1448748
-1.1222539999999999  -0.6896031  -0.1428393
-1.1222539999999999  -0.6347989  -0.13780389999999998
-1.1222539999999999  -0.5808031  -0.1354501
-1.1222539999999999  -0.5269378  -0.12965249999999998
-1.1222539999999999  -0.47215660000000004  -0.12635390000000002
-1.1222539999999999  -0.41826409999999997  -0.11986369999999999
-1.1222539999999999  -0.3644214  -0.1157576
-1.1222539999999999  -0.3095771  -0.1081061
-1.1222539999999999  -0.2556749  -0.103112
-1.1222539999999999  -0.2018526  -0.09399244
-1.1222539999999999  -0.1469989  -0.08804525
-1.1222539999999999  -0.09314533  -0.07746797999999999
-1.1222539999999999  -0.03926682  -0.07005954
-1.1222539999999999  0.014581289999999998  -0.05879813
-1.1222539999999999  0.06942789  -0.04775796
-1.1222539999999999  0.1232925  -0.035697929999999996
-1.1222539999999999  0.17713050000000002  -0.022620039999999998
-1.1222539999999999  0.23199789999999998  -0.01186627
-1.1222539999999999  0.2857622  0.003196961
-1.1222539999999999  0.33969439999999995  0.01365836
-1.1222539999999999  0.3945671  0.02887221
-1.1222539999999999  0.4483972  0.03693914
-1.1222539999999999  0.502266  0.05150149
-1.1222539999999999  0.5571031000000001  0.060217719999999995
-1.1222539999999999  0.6109348  0.07395171
-1.1222539999999999  0.6648777  0.08276636
-1.1222539999999999  0.7197435000000001  0.09635661
-1.1222539999999999  0.7736069  0.1048066
-1.1222539999999999  0.8274278  0.1184666
-1.1222539999999999  0.8822591999999999  0.12567810000000001
-1.1222539999999999  0.936105  0.1392309
-1.1222539999999999  0.9899655  0.14669079999999998
-1.1222539999999999  1.044874  0.15884220000000002
-1.1222539999999999  1.098751  0.1666251
-1.1222539999999999  1.152618  0.17751050000000002
-1.1222539999999999  1.2074580000000001  0.1850853
-1.1222539999999999  1.2613789999999998  0.19344899999999998
-1.1222539999999999  1.315218  0.1996488
-1.1222539999999999  1.3700219999999999  0.2053651
-1.1222539999999999  1.4238810000000002  0.2112877
-1.1222539999999999  1.477731  0.2148784
-1.1222539999999999  1.5325799999999998  0.22051479999999998
-1.1222539999999999  1.5864800000000001  0.2213561
-1.1222539999999999  1.6403230000000002  0.22636579999999998
-1.1222539999999999  1.695212  0.22473020000000002
-1.1222539999999999  1.749027  0.22969409999999998
-1.1222539999999999  1.802827  0.2272917
-1.1222539999999999  1.857807  0.2312604
-1.1222539999999999  1.9116520000000001  0.2309605
-1.1222539999999999  1.965503  0.2313866
-1.1222539999999999  2.004723  0.2323073
-1.202567  -1.202567  -0.1743685
-1.202567  -1.148963  -0.1736188
-1.202567  -1.095134  -0.1714933
-1.202567  -1.040259  -0.1701855
-1.202567  -0.9863555  -0.1674709
-1.202567  -0.9324893  -0.1656309
-1.202567  -0.8775946  -0.1630895
-1.202567  -0.8237569  -0.1603856
-1.202567  -0.7698985  -0.15749049999999998
-1.202567  -0.7150943  -0.1539534
-1.202567  -0.6612197  -0.15079279999999998
-1.202567  -0.6072118000000001  -0.14699
-1.202567  -0.5523802  -0.1426111
-1.202567  -0.49830919999999995  -0.1379182
-1.202567  -0.4447103  -0.1327171
-1.202567  -0.3898877  -0.12704249999999997
-1.202567  -0.3360365  -0.1209832
-1.202567  -0.2821021  -0.1143219
-1.202567  -0.2273134  -0.1061801
-1.202567  -0.17344659999999998  -0.09905085
-1.202567  -0.1195731  -0.08880434
-1.202567  -0.06474511  -0.08174018
-1.202567  -0.010879860000000002  -0.06847284999999999
-1.202567  0.04297391  -0.06087799
-1.202567  0.09780834000000001  -0.044983140000000005
-1.202567  0.15166739999999998  -0.03621335
-1.202567  0.2055535  -0.01933673
-1.202567  0.2603757  -0.009936502
-1.202567  0.3142407  0.006666944
-1.202567  0.3680953  0.016646909999999997
-1.202567  0.4229077  0.030578170000000002
-1.202567  0.47680669999999997  0.04238501
-1.202567  0.5306812  0.054869459999999995
-1.202567  0.5855108  0.06552781
-1.202567  0.6394641  0.07665304
-1.202567  0.6933279999999999  0.08913159
-1.202567  0.7471228  0.09781925
-1.202567  0.8019387  0.11142419999999999
-1.202567  0.8558129  0.1197921
-1.202567  0.9096483  0.1317178
-1.202567  0.9645294  0.14012909999999998
-1.202567  1.018445  0.15368559999999998
-1.202567  1.072299  0.16022129999999998
-1.202567  1.1271410000000002  0.1724714
-1.202567  1.18099  0.1787368
-1.202567  1.234988  0.1904295
-1.202567  1.289786  0.1950981
-1.202567  1.3435899999999998  0.2038502
-1.202567  1.3974469999999999  0.20796219999999999
-1.202567  1.452291  0.213332
-1.202567  1.50612  0.21708799999999998
-1.202567  1.560017  0.2199824
-1.202567  1.614877  0.2243302
-1.202567  1.668683  0.2241155
-1.202567  1.722581  0.2292751
-1.202567  1.777383  0.2272199
-1.202567  1.831224  0.2305092
-1.202567  1.8852229999999999  0.23081669999999999
-1.202567  1.9401089999999999  0.2315679
-1.202567  1.993856  0.2332358
-1.202567  2.004804  0.232796
-1.2829139999999999  -1.2829139999999999  -0.18618559999999998
-1.2829139999999999  -1.229338  -0.1850577
-1.2829139999999999  -1.1744169999999998  -0.1836958
-1.2829139999999999  -1.1205589999999999  -0.1821634
-1.2829139999999999  -1.066693  -0.1805559
-1.2829139999999999  -1.011838  -0.1785452
-1.2829139999999999  -0.9579314000000001  -0.176501
-1.2829139999999999  -0.9040313999999999  -0.1731125
-1.2829139999999999  -0.8492147  -0.172046
-1.2829139999999999  -0.7953332000000001  -0.1675364
-1.2829139999999999  -0.7415071000000001  -0.1662083
-1.2829139999999999  -0.6876334000000001  -0.1613182
-1.2829139999999999  -0.6328167  -0.1589848
-1.2829139999999999  -0.5788384999999999  -0.15261
-1.2829139999999999  -0.5249918  -0.1503594
-1.2829139999999999  -0.47015660000000004  -0.1436548
-1.2829139999999999  -0.4162611  -0.1394321
-1.2829139999999999  -0.3624402  -0.1316158
-1.2829139999999999  -0.3075955  -0.1247137
-1.2829139999999999  -0.2537217  -0.1172157
-1.2829139999999999  -0.19990360000000001  -0.10904599999999999
-1.2829139999999999  -0.1450379  -0.1002801
-1.2829139999999999  -0.09118692  -0.0891758
-1.2829139999999999  -0.03728714  -0.08120383
-1.2829139999999999  0.01756402  -0.06777134
-1.2829139999999999  0.07138065  -0.05854099
-1.2829139999999999  0.1252063  -0.04266887
-1.2829139999999999  0.1800603  -0.03298683
-1.2829139999999999  0.2339645  -0.0155845
-1.2829139999999999  0.2877726  -0.005168743
-1.2829139999999999  0.34262509999999996  0.009763634
-1.2829139999999999  0.3964792  0.02128387
-1.2829139999999999  0.45034789999999997  0.034206299999999995
-1.2829139999999999  0.5052004  0.04672171
-1.2829139999999999  0.5590666999999999  0.05733691
-1.2829139999999999  0.6128968  0.06992988
-1.2829139999999999  0.6678057  0.07984137
-1.2829139999999999  0.7216760000000001  0.09274539999999999
-1.2829139999999999  0.7755157  0.1012651
-1.2829139999999999  0.8303482  0.11591839999999999
-1.2829139999999999  0.8843178  0.1230288
-1.2829139999999999  0.9380835  0.1375846
-1.2829139999999999  0.9928911  0.14397069999999998
-1.2829139999999999  1.0468  0.15804269999999998
-1.2829139999999999  1.100702  0.16359100000000001
-1.2829139999999999  1.155537  0.1764841
-1.2829139999999999  1.209413  0.1812538
-1.2829139999999999  1.263395  0.1930913
-1.2829139999999999  1.317188  0.1983442
-1.2829139999999999  1.371954  0.2055437
-1.2829139999999999  1.425822  0.2105254
-1.2829139999999999  1.479694  0.2152191
-1.2829139999999999  1.5345360000000001  0.2203294
-1.2829139999999999  1.5884310000000001  0.22109979999999999
-1.2829139999999999  1.64226  0.2268239
-1.2829139999999999  1.697121  0.2242555
-1.2829139999999999  1.750949  0.2294311
-1.2829139999999999  1.804755  0.2285172
-1.2829139999999999  1.85975  0.2309342
-1.2829139999999999  1.91359  0.2314915
-1.2829139999999999  1.9674200000000002  0.23103159999999998
-1.2829139999999999  2.004704  0.2321712
-1.3632090000000001  -1.3632090000000001  -0.19619289999999998
-1.3632090000000001  -1.309574  -0.1952875
-1.3632090000000001  -1.254766  -0.1940113
-1.3632090000000001  -1.200852  -0.1921818
-1.3632090000000001  -1.146989  -0.1908658
-1.3632090000000001  -1.0921679999999998  -0.1892305
-1.3632090000000001  -1.038271  -0.18709489999999998
-1.3632090000000001  -0.9843644  -0.185866
-1.3632090000000001  -0.9295255  -0.1823455
-1.3632090000000001  -0.8756423999999999  -0.18092219999999998
-1.3632090000000001  -0.8217926999999999  -0.1775031
-1.3632090000000001  -0.7669334  -0.1756622
-1.3632090000000001  -0.7131143  -0.1709817
-1.3632090000000001  -0.6592394  -0.16880469999999997
-1.3632090000000001  -0.6042725  -0.1633007
-1.3632090000000001  -0.5504229  -0.1602939
-1.3632090000000001  -0.4965641  -0.1530627
-1.3632090000000001  -0.4417333  -0.14937389999999998
-1.3632090000000001  -0.3878277  -0.14048899999999998
-1.3632090000000001  -0.33402699999999996  -0.13568719999999998
-1.3632090000000001  -0.27917149999999996  -0.1261824
-1.3632090000000001  -0.2253383  -0.1198129
-1.3632090000000001  -0.17147810000000002  -0.1086095
-1.3632090000000001  -0.1176196  -0.1003748
-1.3632090000000001  -0.06276744  -0.08904275
-1.3632090000000001  -0.008909698  -0.07889584
-1.3632090000000001  0.04494008  -0.06715394
-1.3632090000000001  0.09976257  -0.05292664
-1.3632090000000001  0.1536291  -0.04189545
-1.3632090000000001  0.2075203  -0.02541636
-1.3632090000000001  0.2622959  -0.0148673
-1.3632090000000001  0.3162088  0.002106756
-1.3632090000000001  0.3700239  0.01186516
-1.3632090000000001  0.4248621  0.026796399999999998
-1.3632090000000001  0.4787423  0.03787414
-1.3632090000000001  0.5326113  0.05096701
-1.3632090000000001  0.5874664  0.06237409
-1.3632090000000001  0.6413807  0.07365247
-1.3632090000000001  0.6952473  0.08539355
-1.3632090000000001  0.7500739999999999  0.09544522999999999
-1.3632090000000001  0.8038896  0.10818789999999999
-1.3632090000000001  0.8577726  0.1170536
-1.3632090000000001  0.9125827000000001  0.1305622
-1.3632090000000001  0.9664699000000001  0.1382135
-1.3632090000000001  1.0203740000000001  0.15148029999999998
-1.3632090000000001  1.075218  0.1585686
-1.3632090000000001  1.1290719999999999  0.1716016
-1.3632090000000001  1.182938  0.1777383
-1.3632090000000001  1.237885  0.1880848
-1.3632090000000001  1.291698  0.1942361
-1.3632090000000001  1.3455519999999999  0.2029479
-1.3632090000000001  1.400363  0.2089638
-1.3632090000000001  1.4542190000000002  0.2122148
-1.3632090000000001  1.5081010000000001  0.2188473
-1.3632090000000001  1.562927  0.2183031
-1.3632090000000001  1.616798  0.2256404
-1.3632090000000001  1.6706320000000001  0.22446139999999998
-1.3632090000000001  1.725481  0.2267746
-1.3632090000000001  1.7793160000000001  0.22823269999999998
-1.3632090000000001  1.8331579999999998  0.2293238
-1.3632090000000001  1.8871790000000002  0.2322689
-1.3632090000000001  1.941954  0.2305033
-1.3632090000000001  1.9958030000000002  0.2340929
-1.3632090000000001  2.004788  0.2327772
-1.4434639999999999  -1.4434639999999999  -0.20424869999999998
-1.4434639999999999  -1.389853  -0.2040707
-1.4434639999999999  -1.335033  -0.20277399999999998
-1.4434639999999999  -1.2811700000000001  -0.2013848
-1.4434639999999999  -1.2272370000000001  -0.1997039
-1.4434639999999999  -1.172428  -0.1979249
-1.4434639999999999  -1.11859  -0.1968056
-1.4434639999999999  -1.0646520000000002  -0.1943483
-1.4434639999999999  -1.0099099999999999  -0.19301069999999998
-1.4434639999999999  -0.9559872  -0.1902491
-1.4434639999999999  -0.9020589999999999  -0.1887946
-1.4434639999999999  -0.8472388999999999  -0.18575229999999998
-1.4434639999999999  -0.7933685  -0.1838545
-1.4434639999999999  -0.7395266  -0.18018879999999998
-1.4434639999999999  -0.6846924  -0.1762282
-1.4434639999999999  -0.6308436000000001  -0.17290019999999998
-1.4434639999999999  -0.5768687  -0.1680328
-1.4434639999999999  -0.5220197  -0.1633
-1.4434639999999999  -0.4681796  -0.15674849999999999
-1.4434639999999999  -0.4142709  -0.1513669
-1.4434639999999999  -0.3594804  -0.1427908
-1.4434639999999999  -0.3055348  -0.1371873
-1.4434639999999999  -0.2517445  -0.1259842
-1.4434639999999999  -0.196963  -0.1197112
-1.4434639999999999  -0.14302969999999998  -0.1066446
-1.4434639999999999  -0.0892225  -0.09989864
-1.4434639999999999  -0.034364469999999994  -0.08572665
-1.4434639999999999  0.019524200000000002  -0.07580213
-1.4434639999999999  0.07334449999999999  -0.06254649
-1.4434639999999999  0.1281798  -0.048617299999999995
-1.4434639999999999  0.1820397  -0.03645901
-1.4434639999999999  0.2359015  -0.02063147
-1.4434639999999999  0.2907025  -0.009340361
-1.4434639999999999  0.3445756  0.007086169999999999
-1.4434639999999999  0.3984357  0.017624909999999997
-1.4434639999999999  0.45330380000000003  0.03215765
-1.4434639999999999  0.5071598  0.04213651
-1.4434639999999999  0.5610079  0.05631342
-1.4434639999999999  0.6148759  0.06621416
-1.4434639999999999  0.669741  0.07788403
-1.4434639999999999  0.723626  0.09050607
-1.4434639999999999  0.7774647  0.09997538
-1.4434639999999999  0.8322888  0.11305130000000001
-1.4434639999999999  0.8861561  0.1206356
-1.4434639999999999  0.9400356000000001  0.1352015
-1.4434639999999999  0.9948303  0.1422755
-1.4434639999999999  1.048748  0.1554149
-1.4434639999999999  1.102636  0.1628905
-1.4434639999999999  1.1574790000000001  0.1741433
-1.4434639999999999  1.211358  0.182417
-1.4434639999999999  1.265261  0.1901239
-1.4434639999999999  1.3200820000000002  0.1996585
-1.4434639999999999  1.373912  0.2033983
-1.4434639999999999  1.4277650000000002  0.211595
-1.4434639999999999  1.482587  0.21395889999999998
-1.4434639999999999  1.536491  0.22014140000000001
-1.4434639999999999  1.59036  0.22092030000000001
-1.4434639999999999  1.645168  0.2244099
-1.4434639999999999  1.699073  0.226643
-1.4434639999999999  1.7529190000000001  0.2262667
-1.4434639999999999  1.807683  0.2311329
-1.4434639999999999  1.861673  0.2289671
-1.4434639999999999  1.915514  0.23324
-1.4434639999999999  1.9703389999999998  0.2320462
-1.4434639999999999  2.004693  0.2330493
-1.523759  -1.523759  -0.2106963
-1.523759  -1.469167  -0.2097547
-1.523759  -1.415301  -0.2087656
-1.523759  -1.3614249999999999  -0.2080739
-1.523759  -1.3065909999999998  -0.2064539
-1.523759  -1.252797  -0.20543530000000002
-1.523759  -1.198802  -0.2033789
-1.523759  -1.14399  -0.2024395
-1.523759  -1.090177  -0.2003172
-1.523759  -1.036293  -0.1988224
-1.523759  -0.9814387  -0.19595030000000002
-1.523759  -0.9275665000000001  -0.1952225
-1.523759  -0.8736794999999999  -0.19142089999999998
-1.523759  -0.8198103999999999  -0.1906246
-1.523759  -0.7649564  -0.18615489999999998
-1.523759  -0.7111592000000001  -0.18398740000000002
-1.523759  -0.6572847  -0.17965489999999998
-1.523759  -0.6023227000000001  -0.1753673
-1.523759  -0.548462  -0.1702265
-1.523759  -0.4946053  -0.1642351
-1.523759  -0.4397651  -0.1588513
-1.523759  -0.3859197  -0.1495358
-1.523759  -0.332063  -0.144788
-1.523759  -0.2771671  -0.1329229
-1.523759  -0.2233873  -0.1271969
-1.523759  -0.1695026  -0.11426349999999999
-1.523759  -0.1146249  -0.1060678
-1.523759  -0.06080885  -0.09340741
-1.523759  -0.0069502340000000004  -0.08365442
-1.523759  0.04788943  -0.07190405
-1.523759  0.1017536  -0.05667431
-1.523759  0.15563659999999999  -0.04617858
-1.523759  0.2104357  -0.02869837
-1.523759  0.2642675  -0.0182388
-1.523759  0.318195  -0.001756178
-1.523759  0.3729636  0.01051374
-1.523759  0.4268206  0.02371579
-1.523759  0.48071030000000003  0.03749273
-1.523759  0.5355478  0.047576
-1.523759  0.5894305000000001  0.0615412
-1.523759  0.6433265  0.07067989
-1.523759  0.6981811  0.08468722
-1.523759  0.751973  0.09229158
-1.523759  0.8058358  0.1071457
-1.523759  0.8606843  0.1145581
-1.523759  0.9145252  0.1287007
-1.523759  0.9683982999999999  0.1363243
-1.523759  1.023318  0.1482856
-1.523759  1.077209  0.1578066
-1.523759  1.131023  0.168227
-1.523759  1.184875  0.1783274
-1.523759  1.239854  0.1842743
-1.523759  1.293634  0.19572219999999999
-1.523759  1.347491  0.1985938
-1.523759  1.4023219999999998  0.20892560000000002
-1.523759  1.456168  0.2110841
-1.523759  1.510003  0.2179531
-1.523759  1.564874  0.22122029999999998
-1.523759  1.618737  0.2224279
-1.523759  1.672582  0.2268769
-1.523759  1.727423  0.2258992
-1.523759  1.781242  0.2302457
-1.523759  1.835118  0.22929950000000002
-1.523759  1.890057  0.2316605
-1.523759  1.943908  0.2326762
-1.523759  1.997925  0.2306307
-1.523759  2.004775  0.2327058
-1.6040969999999999  -1.6040969999999999  -0.2156709
-1.6040969999999999  -1.549464  -0.2151692
-1.6040969999999999  -1.495576  -0.21428899999999998
-1.6040969999999999  -1.441763  -0.2132151
-1.6040969999999999  -1.386925  -0.21188099999999999
-1.6040969999999999  -1.333045  -0.2108788
-1.6040969999999999  -1.279196  -0.2096294
-1.6040969999999999  -1.224256  -0.208288
-1.6040969999999999  -1.170306  -0.20642809999999998
-1.6040969999999999  -1.116592  -0.205564
-1.6040969999999999  -1.06173  -0.2029925
-1.6040969999999999  -1.007911  -0.2022246
-1.6040969999999999  -0.9540114999999999  -0.19973239999999998
-1.6040969999999999  -0.8991115999999999  -0.19776249999999998
-1.6040969999999999  -0.8452849  -0.1947884
-1.6040969999999999  -0.7914266  -0.19152519999999998
-1.6040969999999999  -0.7366086000000001  -0.1890503
-1.6040969999999999  -0.682739  -0.18451289999999998
-1.6040969999999999  -0.628894  -0.1819829
-1.6040969999999999  -0.5739122  -0.1753475
-1.6040969999999999  -0.5200967000000001  -0.17212919999999998
-1.6040969999999999  -0.4662337  -0.16362279999999998
-1.6040969999999999  -0.4113585  -0.1585503
-1.6040969999999999  -0.3575233  -0.14911049999999998
-1.6040969999999999  -0.3035686  -0.14162229999999998
-1.6040969999999999  -0.2488257  -0.1323001
-1.6040969999999999  -0.1950114  -0.1218476
-1.6040969999999999  -0.14112280000000002  -0.11326639999999999
-1.6040969999999999  -0.08726157999999999  -0.100148
-1.6040969999999999  -0.03241731  -0.09233063999999999
-1.6040969999999999  0.021487179999999998  -0.07579634
-1.6040969999999999  0.07533171  -0.06651884999999999
-1.6040969999999999  0.13011140000000002  -0.05074637
-1.6040969999999999  0.183985  -0.037935899999999995
-1.6040969999999999  0.2378528  -0.024779589999999997
-1.6040969999999999  0.2926472  -0.008025164
-1.6040969999999999  0.3466495  0.0026501529999999997
-1.6040969999999999  0.4003871  0.01840044
-1.6040969999999999  0.4552307  0.028404299999999997
-1.6040969999999999  0.5091095  0.042871219999999995
-1.6040969999999999  0.5629726  0.052377480000000004
-1.6040969999999999  0.6179338  0.06641719
-1.6040969999999999  0.6717273  0.07671025999999999
-1.6040969999999999  0.725598  0.08865025
-1.6040969999999999  0.7803843  0.10080539999999999
-1.6040969999999999  0.8342478  0.1094064
-1.6040969999999999  0.8880944  0.1232982
-1.6040969999999999  0.9429953000000001  0.13097820000000002
-1.6040969999999999  0.9967963999999999  0.1443116
-1.6040969999999999  1.050695  0.1514655
-1.6040969999999999  1.10557  0.1633799
-1.6040969999999999  1.159416  0.17225359999999998
-1.6040969999999999  1.213306  0.1808256
-1.6040969999999999  1.268334  0.1900703
-1.6040969999999999  1.3220779999999999  0.1954276
-1.6040969999999999  1.3758510000000002  0.2034907
-1.6040969999999999  1.430686  0.20623049999999998
-1.6040969999999999  1.48454  0.21616180000000002
-1.6040969999999999  1.53847  0.2181471
-1.6040969999999999  1.593299  0.22207269999999998
-1.6040969999999999  1.647135  0.22447029999999998
-1.6040969999999999  1.7010150000000002  0.22585429999999998
-1.6040969999999999  1.75578  0.2299218
-1.6040969999999999  1.809617  0.2275584
-1.6040969999999999  1.863653  0.23117020000000002
-1.6040969999999999  1.917465  0.2315778
-1.6040969999999999  1.9722760000000001  0.23036700000000002
-1.6040969999999999  2.004695  0.2317709
-1.68336  -1.68336  -0.21926359999999998
-1.68336  -1.6297929999999998  -0.2186503
-1.68336  -1.575925  -0.2179265
-1.68336  -1.522039  -0.2166909
-1.68336  -1.467212  -0.2157968
-1.68336  -1.413347  -0.21464450000000002
-1.68336  -1.359477  -0.2137379
-1.68336  -1.3045989999999998  -0.2123267
-1.68336  -1.250826  -0.21173329999999999
-1.68336  -1.196876  -0.20962340000000002
-1.68336  -1.1420530000000002  -0.20891559999999998
-1.68336  -1.088202  -0.2064722
-1.68336  -1.0343330000000002  -0.2049491
-1.68336  -0.9794335999999999  -0.2030369
-1.68336  -0.9255471  -0.20086969999999998
-1.68336  -0.8717051  -0.1992835
-1.68336  -0.8168925  -0.1951861
-1.68336  -0.7629998  -0.19382239999999998
-1.68336  -0.7092552  -0.188786
-1.68336  -0.654351  -0.1866932
-1.68336  -0.6003417  -0.17992640000000001
-1.68336  -0.5464892  -0.1760453
-1.68336  -0.49168270000000003  -0.16907519999999998
-1.68336  -0.437799  -0.1631896
-1.68336  -0.3839607  -0.1553627
-1.68336  -0.3291187  -0.14615489999999998
-1.68336  -0.2751849  -0.1393584
-1.68336  -0.2214361  -0.1276287
-1.68336  -0.1665739  -0.1201515
-1.68336  -0.1127084  -0.10643
-1.68336  -0.0588596  -0.09766467
-1.68336  -0.004014616  -0.08387343
-1.68336  0.0498515  -0.0720739
-1.68336  0.1036661  -0.05951483
-1.68336  0.1585307  -0.04393301
-1.68336  0.2124241  -0.03261774
-1.68336  0.266216  -0.015540600000000002
-1.68336  0.3211084  -0.0034688199999999996
-1.68336  0.3749291  0.01027103
-1.68336  0.4287786  0.02351725
-1.68336  0.4826719  0.03483584
-1.68336  0.5375059  0.049442019999999996
-1.68336  0.5913945  0.05797918
-1.68336  0.6453211999999999  0.07278039
-1.68336  0.7001285  0.0810885
-1.68336  0.7539355000000001  0.09444151999999999
-1.68336  0.8078152  0.1038833
-1.68336  0.8626395  0.11600780000000001
-1.68336  0.9165048  0.1262178
-1.68336  0.9703843000000001  0.13583789999999998
-1.68336  1.025253  0.1498619
-1.68336  1.079165  0.1555638
-1.68336  1.132995  0.16814330000000002
-1.68336  1.187819  0.1747395
-1.68336  1.241827  0.1859623
-1.68336  1.295612  0.1923971
-1.68336  1.350421  0.1986209
-1.68336  1.404281  0.2070065
-1.68336  1.458121  0.2094822
-1.68336  1.5129670000000002  0.2179706
-1.68336  1.566867  0.2189582
-1.68336  1.620695  0.2228588
-1.68336  1.675521  0.2275891
-1.68336  1.729421  0.225983
-1.68336  1.783198  0.2299471
-1.68336  1.8380560000000001  0.2278373
-1.68336  1.892107  0.2317625
-1.68336  1.945862  0.23223
-1.68336  2.000711  0.2312743
-1.68336  2.004788  0.2329389
-1.763659  -1.763659  -0.2220152
-1.763659  -1.710098  -0.2216873
-1.763659  -1.656231  -0.2206465
-1.763659  -1.601407  -0.21941439999999998
-1.763659  -1.547561  -0.218733
-1.763659  -1.493638  -0.2178132
-1.763659  -1.438788  -0.2170356
-1.763659  -1.384963  -0.21530860000000002
-1.763659  -1.331078  -0.2149365
-1.763659  -1.2762639999999998  -0.2131128
-1.763659  -1.222334  -0.21172629999999998
-1.763659  -1.168466  -0.2106806
-1.763659  -1.113645  -0.2087966
-1.763659  -1.059728  -0.2074978
-1.763659  -1.005915  -0.20495560000000002
-1.763659  -0.9510607999999999  -0.2040687
-1.763659  -0.8971545  -0.2005629
-1.763659  -0.8432858  -0.1995803
-1.763659  -0.7894661  -0.1963518
-1.763659  -0.7346453000000001  -0.1925593
-1.763659  -0.6807753  -0.1900095
-1.763659  -0.6269428  -0.1835015
-1.763659  -0.5719954  -0.1807784
-1.763659  -0.5181243  -0.1725387
-1.763659  -0.4642712  -0.1688469
-1.763659  -0.4093952  -0.1591126
-1.763659  -0.3555432  -0.1529356
-1.763659  -0.30158569999999996  -0.1431701
-1.763659  -0.2468692  -0.1330615
-1.763659  -0.19304759999999999  -0.1252227
-1.763659  -0.13916810000000002  -0.1121394
-1.763659  -0.08431532  -0.10441249999999999
-1.763659  -0.0304663  -0.08931831
-1.763659  0.02342147  -0.08015844
-1.763659  0.07826770999999999  -0.06572134
-1.763659  0.132073  -0.05239866
-1.763659  0.1859525  -0.04007456
-1.763659  0.2408393  -0.02247564
-1.763659  0.2946037  -0.01150677
-1.763659  0.3484877  0.004602121999999999
-1.763659  0.4033106  0.0164815
-1.763659  0.4571885  0.02948413
-1.763659  0.511072  0.04265747
-1.763659  0.5659097000000001  0.052641929999999997
-1.763659  0.6198779  0.06776684000000001
-1.763659  0.6736724000000001  0.07579037
-1.763659  0.7284938  0.08940971
-1.763659  0.7823525  0.09815095
-1.763659  0.8362518  0.1103643
-1.763659  0.8910305  0.1211488
-1.763659  0.9449561999999999  0.1315325
-1.763659  0.9987612  0.1431363
-1.763659  1.0536269999999999  0.1503168
-1.763659  1.107525  0.1637187
-1.763659  1.161391  0.1703638
-1.763659  1.215276  0.1798245
-1.763659  1.2701669999999998  0.1878278
-1.763659  1.3240029999999998  0.19532359999999999
-1.763659  1.37784  0.20244959999999998
-1.763659  1.432652  0.2062096
-1.763659  1.4865229999999998  0.2149018
-1.763659  1.540443  0.21575699999999998
-1.763659  1.595261  0.2203888
-1.763659  1.649096  0.22363609999999998
-1.763659  1.702981  0.2242106
-1.763659  1.757763  0.229347
-1.763659  1.811591  0.2275319
-1.763659  1.865616  0.2299158
-1.763659  1.920438  0.2321973
-1.763659  1.9742449999999998  0.23120049999999998
-1.763659  2.004702  0.2319659
-1.844007  -1.844007  -0.22420179999999998
-1.844007  -1.790353  -0.2235083
-1.844007  -1.736482  -0.2227951
-1.844007  -1.681669  -0.2221861
-1.844007  -1.6278409999999999  -0.2203452
-1.844007  -1.574006  -0.220752
-1.844007  -1.519124  -0.21922089999999997
-1.844007  -1.465259  -0.2184805
-1.844007  -1.4113900000000001  -0.2167664
-1.844007  -1.356547  -0.21620509999999998
-1.844007  -1.302668  -0.2140395
-1.844007  -1.2488679999999999  -0.2136911
-1.844007  -1.193943  -0.2114049
-1.844007  -1.140089  -0.2105771
-1.844007  -1.086215  -0.2084952
-1.844007  -1.031392  -0.2080413
-1.844007  -0.9774708000000001  -0.20517190000000002
-1.844007  -0.9236163000000001  -0.20396999999999998
-1.844007  -0.8687648  -0.2015211
-1.844007  -0.8149276  -0.1978317
-1.844007  -0.761038  -0.1961324
-1.844007  -0.7062617  -0.19098149999999997
-1.844007  -0.6523881  -0.1893793
-1.844007  -0.5984038  -0.18239539999999999
-1.844007  -0.5435664  -0.17847
-1.844007  -0.48972340000000003  -0.17073829999999998
-1.844007  -0.43579809999999997  -0.16469179999999997
-1.844007  -0.3810164  -0.15699480000000002
-1.844007  -0.3271797  -0.1474133
-1.844007  -0.2732531  -0.1404583
-1.844007  -0.2194781  -0.1276117
-1.844007  -0.16463239999999998  -0.1205494
-1.844007  -0.1107436  -0.10703
-1.844007  -0.05688599  -0.09813195
-1.844007  -0.002050327  -0.08489342
-1.844007  0.051806069999999996  -0.07236791000000001
-1.844007  0.1056259  -0.06053771
-1.844007  0.16050630000000002  -0.043478869999999996
-1.844007  0.21436680000000002  -0.03271356
-1.844007  0.26818020000000004  -0.014661170000000001
-1.844007  0.3230919  -0.004154766
-1.844007  0.37688170000000004  0.01124509
-1.844007  0.4307215  0.02301538
-1.844007  0.4856119  0.03639439
-1.844007  0.5394865999999999  0.04855976
-1.844007  0.5933436000000001  0.0586755
-1.844007  0.6482323999999999  0.07344558
-1.844007  0.702098  0.0806549
-1.844007  0.755891  0.09552453
-1.844007  0.8107234999999999  0.1033481
-1.844007  0.8646015  0.1171951
-1.844007  0.9184512  0.1260531
-1.844007  0.9732961  0.1368936
-1.844007  1.027212  0.1481364
-1.844007  1.0811089999999999  0.1556766
-1.844007  1.135927  0.1688584
-1.844007  1.189786  0.1726156
-1.844007  1.24377  0.18587820000000002
-1.844007  1.298533  0.1903623
-1.844007  1.352399  0.19942369999999998
-1.844007  1.40623  0.2047157
-1.844007  1.461072  0.2096246
-1.844007  1.51491  0.2167517
-1.844007  1.568818  0.2172158
-1.844007  1.623638  0.2233338
-1.844007  1.6774749999999998  0.22380689999999998
-1.844007  1.731366  0.2260937
-1.844007  1.785174  0.2295017
-1.844007  1.840023  0.22824029999999998
-1.844007  1.893987  0.2330784
-1.844007  1.9478440000000001  0.2308604
-1.844007  2.0027  0.2327242
-1.844007  2.0048019999999998  0.2329752
-1.924289  -1.924289  -0.2257196
-1.924289  -1.870693  -0.2252555
-1.924289  -1.815777  -0.224133
-1.924289  -1.7619310000000001  -0.2235209
-1.924289  -1.708142  -0.2225517
-1.924289  -1.653304  -0.2223769
-1.924289  -1.599443  -0.2210112
-1.924289  -1.545582  -0.22075440000000002
-1.924289  -1.4916610000000001  -0.2188709
-1.924289  -1.436836  -0.2187766
-1.924289  -1.3830019999999998  -0.21670589999999998
-1.924289  -1.3291469999999999  -0.2163962
-1.924289  -1.2742950000000002  -0.2140733
-1.924289  -1.22036  -0.21346
-1.924289  -1.166509  -0.2109144
-1.924289  -1.111686  -0.21093399999999998
-1.924289  -1.057819  -0.2086407
-1.924289  -1.003976  -0.2069401
-1.924289  -0.9490839999999999  -0.2054384
-1.924289  -0.8951751  -0.2022185
-1.924289  -0.8413296  -0.2016207
-1.924289  -0.7865205999999999  -0.1967186
-1.924289  -0.7326857999999999  -0.1952661
-1.924289  -0.6788122  -0.18981119999999999
-1.924289  -0.623993  -0.1866632
-1.924289  -0.5700001  -0.1808267
-1.924289  -0.5161597  -0.1745099
-1.924289  -0.46134050000000004  -0.1690455
-1.924289  -0.4074638  -0.16030999999999998
-1.924289  -0.3535848  -0.1547229
-1.924289  -0.298693  -0.14234999999999998
-1.924289  -0.2448969  -0.1357666
-1.924289  -0.1909988  -0.1238387
-1.924289  -0.136232  -0.1140051
-1.924289  -0.0823729  -0.10322859999999999
-1.924289  -0.02849297  -0.09044199
-1.924289  0.026375810000000003  -0.08040862
-1.924289  0.08023134  -0.06380521
-1.924289  0.1340562  -0.052889359999999996
-1.924289  0.188899  -0.03732026
-1.924289  0.2427498  -0.02330459
-1.924289  0.2965718  -0.01102831
-1.924289  0.3514419  0.006086042
-1.924289  0.4053118  0.01557847
-1.924289  0.4591626  0.031482329999999996
-1.924289  0.5130268  0.04094033
-1.924289  0.5678976  0.05516247
-1.924289  0.6218266  0.06510828
-1.924289  0.6756390999999999  0.07682367
-1.924289  0.730649  0.09049428999999999
-1.924289  0.7842958  0.0977723
-1.924289  0.8381660000000001  0.1119146
-1.924289  0.8929903  0.11974069999999999
-1.924289  0.9469213  0.13375569999999998
-1.924289  1.000731  0.14093
-1.924289  1.055604  0.1530357
-1.924289  1.109482  0.1614983
-1.924289  1.163346  0.1710427
-1.924289  1.218201  0.1813397
-1.924289  1.272113  0.1865821
-1.924289  1.326017  0.1971278
-1.924289  1.3807719999999999  0.2010487
-1.924289  1.434599  0.20927679999999999
-1.924289  1.488454  0.2125603
-1.924289  1.543346  0.2159104
-1.924289  1.5972149999999998  0.22203019999999998
-1.924289  1.651061  0.2217373
-1.924289  1.705912  0.2266831
-1.924289  1.7597070000000001  0.2266861
-1.924289  1.8135519999999998  0.227842
-1.924289  1.8685239999999999  0.2316469
-1.924289  1.922383  0.2297207
-1.924289  1.976213  0.23341559999999997
-1.924289  2.004712  0.2328047
-2.004614  -2.004614  -0.22717169999999998
-2.004614  -1.9510029999999998  -0.2263252
-2.004614  -1.896167  -0.2260123
-2.004614  -1.842206  -0.22452489999999997
-2.004614  -1.788355  -0.2246394
-2.004614  -1.733592  -0.2231329
-2.004614  -1.679701  -0.2228752
-2.004614  -1.6258800000000002  -0.22128109999999998
-2.004614  -1.571036  -0.220745
-2.004614  -1.517128  -0.2193377
-2.004614  -1.463297  -0.21907369999999998
-2.004614  -1.4084590000000001  -0.2172228
-2.004614  -1.354575  -0.2167887
-2.004614  -1.300719  -0.2149547
-2.004614  -1.24591  -0.21486449999999999
-2.004614  -1.191939  -0.213002
-2.004614  -1.1381389999999998  -0.2118108
-2.004614  -1.0832899999999999  -0.2100485
-2.004614  -1.0294400000000001  -0.20764819999999998
-2.004614  -0.9755191  -0.2066665
-2.004614  -0.9216331  -0.20346209999999998
-2.004614  -0.8667661000000001  -0.20303279999999999
-2.004614  -0.8129489  -0.198962
-2.004614  -0.7590857999999999  -0.1965744
-2.004614  -0.7043049  -0.1933017
-2.004614  -0.6504365  -0.18823299999999998
-2.004614  -0.5964240999999999  -0.1848761
-2.004614  -0.5415620999999999  -0.17691749999999998
-2.004614  -0.4877602  -0.1737262
-2.004614  -0.4338826  -0.16374609999999998
-2.004614  -0.3790637  -0.1576933
-2.004614  -0.32518830000000004  -0.1481811
-2.004614  -0.2712843  -0.13896709999999998
-2.004614  -0.2165448  -0.13057950000000002
-2.004614  -0.1626704  -0.1179389
-2.004614  -0.1087957  -0.1095869
-2.004614  -0.05395034  -0.09484276999999999
-2.004614  -7.354291999999999e-5  -0.08559728000000001
-2.004614  0.05382594  -0.07168557
-2.004614  0.108571  -0.05827334
-2.004614  0.1624476  -0.04492841
-2.004614  0.2163244  -0.028663329999999997
-2.004614  0.2711295  -0.01784935
-2.004614  0.3250468  -0.0008400279
-2.004614  0.3788636  0.01044277
-2.004614  0.433678  0.024563849999999998
-2.004614  0.4875594  0.03675505
-2.004614  0.5414403  0.047794399999999994
-2.004614  0.5962422  0.061787619999999994
-2.004614  0.6501931  0.07071368
-2.004614  0.7040801  0.08376197
-2.004614  0.7588328  0.09238157999999999
-2.004614  0.8127061  0.10606109999999999
-2.004614  0.8665516  0.1151127
-2.004614  0.9213973  0.1262085
-2.004614  0.9752791999999999  0.13832070000000002
-2.004614  1.029182  0.145449
-2.004614  1.083059  0.1585245
-2.004614  1.137891  0.1655782
-2.004614  1.191774  0.1763999
-2.004614  1.245701  0.1830521
-2.004614  1.300513  0.1903584
-2.004614  1.354411  0.2003047
-2.004614  1.408188  0.2026682
-2.004614  1.4630319999999999  0.2116977
-2.004614  1.516857  0.21330319999999997
-2.004614  1.570778  0.2193848
-2.004614  1.625594  0.2233787
-2.004614  1.679432  0.2226158
-2.004614  1.733308  0.22708689999999998
-2.004614  1.788094  0.226353
-2.004614  1.84195  0.23051359999999999
-2.004614  1.8959380000000001  0.23075179999999998
-2.004614  1.950765  0.22898269999999998
-2.004614  2.004618  0.2341819
