1.926149  1.926149  0.060715530933644214
1.966079  1.926149  0.14474533782586235
2.006295  1.926149  0.09197994861132354
1.845812  1.845812  -0.03466630641025807
1.900373  1.845812  -0.05448507019264445
1.9542840000000001  1.845812  -0.03266440582775762
2.006217  1.845812  -0.016569183564156015
1.765163  1.765163  -0.01790118013175827
1.819753  1.765163  0.0347493243223897
1.873858  1.765163  0.043167102982932005
1.927726  1.765163  -0.049647940394950386
1.982587  1.765163  -0.08980775771024956
2.006271  1.765163  -0.08083856631973695
1.684771  1.684771  -0.050417541232452526
1.739388  1.684771  -0.04256879862380579
1.793328  1.684771  0.004846984299153416
1.847378  1.684771  0.09098357138131162
1.902238  1.684771  0.09746146528578573
1.956088  1.684771  -0.04034935790694273
2.006109  1.684771  -0.16707867162521176
1.605387  1.605387  -0.05875556743190063
1.6589749999999999  1.605387  -0.017882540239990596
1.713139  1.605387  0.006762649534774901
1.76777  1.605387  -0.015416823344133006
1.821629  1.605387  0.0021234748123721905
1.875713  1.605387  0.05127781905689313
1.9306240000000001  1.605387  0.0583945052541119
1.98445  1.605387  -0.005522007849575353
2.006163  1.605387  -0.10914571065722001
1.524943  1.524943  -0.06043029615431749
1.578635  1.524943  -0.05463198147755546
1.632505  1.524943  -0.013649379669492171
1.68736  1.524943  0.048827386495187204
1.7412560000000001  1.524943  0.07187779592674312
1.7950920000000001  1.524943  -0.008697616041333298
1.850198  1.524943  -0.10600419358500114
1.904096  1.524943  -0.06683463040857478
1.957935  1.524943  0.0546494481968901
2.005979  1.524943  0.12414079979890488
1.444566  1.444566  -0.004219485469752694
1.498192  1.444566  0.005063277392001627
1.552125  1.444566  0.002817968382793267
1.606989  1.444566  0.007949949746362069
1.6608640000000001  1.444566  0.0012714977735678995
1.714787  1.444566  0.0324100524042867
1.769622  1.444566  0.05363365276458405
1.8234839999999999  1.444566  -0.04084861675431325
1.8775920000000001  1.444566  -0.1068324823919019
1.9323730000000001  1.444566  -0.022605790151156418
1.986262  1.444566  0.1099274379676496
2.0060029999999998  1.444566  0.22581143087650563
1.3641969999999999  1.3641969999999999  0.009953043489227376
1.4178030000000001  1.3641969999999999  -0.009508374934399457
1.472677  1.3641969999999999  -0.025019152949253647
1.526565  1.3641969999999999  -0.002261166287022929
1.580505  1.3641969999999999  0.06424322521695029
1.6353550000000001  1.3641969999999999  0.031783652558881444
1.689229  1.3641969999999999  -0.06781634747277371
1.743101  1.3641969999999999  -0.05672446266096875
1.797919  1.3641969999999999  0.050949342995626146
1.852016  1.3641969999999999  0.03835116204793883
1.905878  1.3641969999999999  -0.032350109931305195
1.960732  1.3641969999999999  -0.011657386495197293
2.0058409999999998  1.3641969999999999  0.016593436014224104
1.2838  1.2838  0.02467874432775725
1.337427  1.2838  0.036804270461689145
1.392314  1.2838  -0.007580104219084445
1.446197  1.2838  -0.0412054805893905
1.50006  1.2838  -0.012814141312708601
1.554965  1.2838  0.04672191456818842
1.6088699999999998  1.2838  0.03830516482499591
1.662708  1.2838  -0.019625401988350142
1.717587  1.2838  -0.06537956940722266
1.771437  1.2838  -0.024428350410778964
1.825314  1.2838  0.04172041001055653
1.8803699999999999  1.2838  0.0517560596397846
1.934207  1.2838  -0.01683406498780285
1.98814  1.2838  -0.04540209720230537
2.005875  1.2838  0.05245733408073596
1.2033070000000001  1.2033070000000001  0.051180235211835304
1.258038  1.2033070000000001  0.0603018826420311
1.31192  1.2033070000000001  0.03392459440922234
1.365796  1.2033070000000001  -0.025395287401069326
1.4196769999999999  1.2033070000000001  -0.021095211179206833
1.474563  1.2033070000000001  0.015886016442797638
1.528444  1.2033070000000001  0.020494651239974807
1.582364  1.2033070000000001  -0.028497015183384225
1.6372  1.2033070000000001  -0.007055501446324225
1.691128  1.2033070000000001  0.018362695406976725
1.744956  1.2033070000000001  0.002466247033867469
1.799776  1.2033070000000001  -0.03175103932365738
1.853932  1.2033070000000001  0.008514564265224617
1.907733  1.2033070000000001  0.037389754078935314
1.962572  1.2033070000000001  0.01850680117621197
2.005731  1.2033070000000001  -0.041091729767743515
1.122927  1.122927  0.06914633769683198
1.1775440000000001  1.122927  0.05924382504557517
1.231615  1.122927  0.04851136857767783
1.2854349999999999  1.122927  0.03267118837956178
1.340314  1.122927  -0.030886456931189972
1.394203  1.122927  -0.0428811207586086
1.448085  1.122927  0.05767183051804384
1.502897  1.122927  0.04047817573708744
1.5568440000000001  1.122927  -0.06345505192956301
1.610703  1.122927  -0.027847882001482357
1.66553  1.122927  0.05419518602962612
1.71946  1.122927  0.01801338856349995
1.773307  1.122927  -0.026329945261524917
1.828151  1.122927  0.011560909982979843
1.882358  1.122927  -0.0022079496997317576
1.936041  1.122927  0.013044845291654015
1.99089  1.122927  0.011471479349934347
2.005762  1.122927  -0.05566557374619871
1.042558  1.042558  -0.0514706459382023
1.097194  1.042558  0.0414093257777231
1.151095  1.042558  0.06830904328537434
1.204981  1.042558  -0.030192896179111074
1.259955  1.042558  -0.02242604565459878
1.3138130000000001  1.042558  0.02115556684067782
1.367692  1.042558  -0.011931415815429766
1.422551  1.042558  -0.009284140065539112
1.476414  1.042558  0.07945415178944
1.530312  1.042558  -0.0029474892162254076
1.585226  1.042558  -0.08500935791899326
1.6390660000000001  1.042558  0.04727385700922663
1.692989  1.042558  0.04444371607202744
1.7477989999999999  1.042558  -0.0438424337618667
1.8016510000000001  1.042558  0.025952556643735587
1.8557070000000002  1.042558  0.029802446734425107
1.910531  1.042558  -0.041471996276648444
1.9644249999999999  1.042558  -0.039825351034747325
2.005617  1.042558  0.07502862188954501
0.9631484  0.9631484  0.0798700757173606
1.016827  0.9631484  0.007148164604363142
1.070722  0.9631484  -0.016314968084272734
1.1255709999999999  0.9631484  0.05504746975192819
1.179441  0.9631484  0.04178911493562822
1.2335180000000001  0.9631484  -0.09139061839398725
1.2883040000000001  0.9631484  -0.02303276400664989
1.342179  0.9631484  0.09775104586741926
1.396072  0.9631484  -0.006311362871835656
1.449944  0.9631484  -0.03820698891740239
1.504783  0.9631484  0.04930857160662213
1.558721  0.9631484  -0.018377325537484224
1.612598  0.9631484  -0.038930293646988696
1.667431  0.9631484  0.04038204786846246
1.721337  0.9631484  -0.001734716473219887
1.7751679999999999  0.9631484  -0.009478288836947863
1.83002  0.9631484  0.021490118911796186
1.884069  0.9631484  -0.01712851353371063
1.9379190000000002  0.9631484  -0.006810483718313829
1.992783  0.9631484  -0.016126542116336177
2.005681  0.9631484  -0.013413659085318842
0.8827474  0.8827474  0.047236738944357586
0.9364207  0.8827474  0.05473478243646015
0.9903143999999999  0.8827474  0.068850341300797
1.0452029999999999  0.8827474  -0.003208888859982955
1.0991220000000002  0.8827474  -0.02094762909949032
1.152981  0.8827474  0.05570481063697881
1.207859  0.8827474  0.026968844072822674
1.261837  0.8827474  -0.05214681538384072
1.315708  0.8827474  0.03307209702042716
1.370547  0.8827474  0.04655087317294521
1.424443  0.8827474  -0.04063939721700346
1.478316  0.8827474  -0.0271227106607853
1.533186  0.8827474  0.008885044235152262
1.587096  0.8827474  0.0218431069515344
1.640962  0.8827474  -0.004065178921027681
1.69586  0.8827474  -0.008156101241800967
1.749695  0.8827474  0.026244574088386513
1.8035150000000002  0.8827474  -0.02718780688123784
1.858606  0.8827474  -0.022646110103583396
1.912425  0.8827474  0.04490858005736636
1.966285  0.8827474  0.033855695835707626
2.00555  0.8827474  -0.028570026961950754
0.8023994  0.8023994  0.03265582685315031
0.8560494  0.8023994  -0.028107396809001064
0.9099163  0.8023994  -0.009481492302444045
0.9648343  0.8023994  0.04349849576884724
1.01875  0.8023994  0.04936156629021601
1.072659  0.8023994  0.00858681575765439
1.127514  0.8023994  0.008170164163292885
1.181386  0.8023994  0.01130073488053097
1.23542  0.8023994  0.044760197203860194
1.29022  0.8023994  0.025791516157632272
1.344093  0.8023994  -0.04432912739311198
1.398002  0.8023994  0.02214695440591513
1.452855  0.8023994  0.003122083624714836
1.506685  0.8023994  -0.05735930301768824
1.560605  0.8023994  0.03891420218580289
1.615472  0.8023994  0.033208305453040626
1.669313  0.8023994  -0.04399189842982677
1.723227  0.8023994  0.019747815770275994
1.778049  0.8023994  0.008785901688722347
1.831913  0.8023994  -0.044770728780156546
1.8859380000000001  0.8023994  0.021304528549217147
1.940772  0.8023994  0.026175190819528914
1.994634  0.8023994  -0.05171890529846675
2.005596  0.8023994  -0.16580623937675082
0.7221223  0.7221223  0.14309451672436926
0.7757229999999999  0.7221223  0.06454069568139156
0.830566  0.7221223  0.019665859437809633
0.8844777  0.7221223  0.027789865862186215
0.9383665999999999  0.7221223  0.019164542028567603
0.9932190000000001  0.7221223  0.01341128135675967
1.047144  0.7221223  0.06031743961442293
1.101038  0.7221223  0.03250729796617593
1.155907  0.7221223  -0.0053973588028776295
1.2097950000000002  0.7221223  0.03611691771890004
1.26376  0.7221223  0.04903098466788807
1.317623  0.7221223  -0.01474279078471196
1.3724649999999998  0.7221223  -0.01225675228894522
1.426344  0.7221223  0.05475257896960392
1.480219  0.7221223  -0.011269048644937975
1.535083  0.7221223  -0.03164452182759482
1.5889849999999999  0.7221223  0.05822387003299388
1.642855  0.7221223  0.00034931914652306105
1.6977419999999999  0.7221223  -0.031212451187016526
1.751576  0.7221223  0.039555663426674624
1.805411  0.7221223  -0.0265684559899819
1.860417  0.7221223  -0.029851138184615624
1.914291  0.7221223  0.028144145365504285
1.9681440000000001  0.7221223  -0.055959889214274416
2.0054570000000003  0.7221223  -0.04114267721878704
0.6418588999999999  0.6418588999999999  0.15014952022276007
0.6954534  0.6418588999999999  0.14114567630032218
0.7503029  0.6418588999999999  0.03189779387027546
0.8040999000000001  0.6418588999999999  0.01787816063737629
0.8579684  0.6418588999999999  0.09105305891528172
0.9128398  0.6418588999999999  0.05457463622773383
0.9667668  0.6418588999999999  0.020919100456349492
1.0206870000000001  0.6418588999999999  0.05686143473396335
1.075559  0.6418588999999999  0.03617162710420656
1.1294380000000002  0.6418588999999999  0.02297961605021959
1.183293  0.6418588999999999  0.020645624372423392
1.2383030000000002  0.6418588999999999  0.04961220850719179
1.292164  0.6418588999999999  0.012096759867513662
1.346019  0.6418588999999999  -0.028643164094734188
1.400849  0.6418588999999999  0.06729704590604246
1.454729  0.6418588999999999  0.04042581411076411
1.508602  0.6418588999999999  -0.032257699437545174
1.563475  0.6418588999999999  0.06847195489239534
1.617365  0.6418588999999999  0.01731255500324
1.671218  0.6418588999999999  -0.03193967112189545
1.726074  0.6418588999999999  0.04787435050961353
1.779917  0.6418588999999999  -0.019348532205856046
1.83379  0.6418588999999999  -0.007091136782899888
1.887828  0.6418588999999999  0.01000637699134015
1.942654  0.6418588999999999  -0.00867403316174293
1.996522  0.6418588999999999  0.012045674726580483
2.005507  0.6418588999999999  0.05243362181453344
0.5613486000000001  0.5613486000000001  0.15374060390999436
0.6150299  0.5613486000000001  0.11259920635739817
0.6699425  0.5613486000000001  0.08835299177266902
0.7238438  0.5613486000000001  0.06468331793227688
0.7776867999999999  0.5613486000000001  0.03032932057904038
0.8325333  0.5613486000000001  0.049708132802250796
0.8863899000000001  0.5613486000000001  0.10329390878633014
0.9402944  0.5613486000000001  0.061860139903687626
0.9951382  0.5613486000000001  0.03222258748216666
1.04907  0.5613486000000001  0.09067511526472838
1.10296  0.5613486000000001  0.03753840484172187
1.157818  0.5613486000000001  0.03234065603154553
1.2117149999999999  0.5613486000000001  0.09139585180551034
1.2656859999999999  0.5613486000000001  0.03257667543662178
1.320492  0.5613486000000001  0.009812507384946288
1.3743610000000002  0.5613486000000001  0.03419335134476104
1.428221  0.5613486000000001  0.05061982443022978
1.483074  0.5613486000000001  0.005756468075563003
1.537138  0.5613486000000001  0.050028285370749215
1.59088  0.5613486000000001  0.03449407969477547
1.645704  0.5613486000000001  -0.028070145356017345
1.699622  0.5613486000000001  0.02122356046607675
1.753474  0.5613486000000001  0.0172062405811128
1.80826  0.5613486000000001  -0.00981851436530971
1.862312  0.5613486000000001  0.02051114730428406
1.9161949999999999  0.5613486000000001  -0.004841974770397723
1.970991  0.5613486000000001  0.030143546301916076
2.005361  0.5613486000000001  0.11720696869561091
0.4810558  0.4810558  0.22111385164334393
0.535632  0.4810558  0.13812367510402979
0.5895336  0.4810558  0.10776672147901899
0.6435173999999999  0.4810558  0.05635299780941265
0.6983733999999999  0.4810558  0.024271185240407552
0.7522072  0.4810558  0.08651067802439673
0.8060894  0.4810558  0.09460458571005265
0.8609125  0.4810558  0.05780543698395501
0.9147609  0.4810558  0.09967010936959335
0.9686821999999999  0.4810558  0.07074126457259658
1.023568  0.4810558  0.054032772703907384
1.077498  0.4810558  0.10181445869591574
1.131345  0.4810558  0.051320277432493205
1.1852070000000001  0.4810558  0.09257791338072438
1.2402039999999999  0.4810558  0.10401891637689434
1.294006  0.4810558  0.03333438084248157
1.34789  0.4810558  0.0831298934620508
1.402777  0.4810558  0.02510123426191146
1.456625  0.4810558  0.0055501553560283095
1.510503  0.4810558  0.04449109999786361
1.5653650000000001  0.4810558  -0.00694846056694035
1.619237  0.4810558  0.025144381017163372
1.673095  0.4810558  0.0048650834079707
1.727952  0.4810558  0.00990197826322258
1.781795  0.4810558  0.008127460195980034
1.8356759999999999  0.4810558  1.7078075821502957e-5
1.8906479999999999  0.4810558  0.032793629982848314
1.944513  0.4810558  -0.03868371339843855
1.998406  0.4810558  -0.031739572342501174
2.005412  0.4810558  0.2709971360159746
0.4006825  0.4006825  0.2087382897709179
0.455291  0.4006825  0.1502281953992856
0.5091791  0.4006825  0.10792961700318594
0.5630676  0.4006825  0.08998858812564815
0.6180516  0.4006825  0.0670107174955881
0.6718998  0.4006825  0.02821988386608429
0.7258071  0.4006825  0.03640775750957337
0.7805928  0.4006825  0.1199952548569488
0.834462  0.4006825  0.10725082834359012
0.8883373  0.4006825  0.0624417974093133
0.9432334  0.4006825  0.09805557904007206
0.9970533  0.4006825  0.10248087136845965
1.050964  0.4006825  0.06447569250011602
1.105846  0.4006825  0.12404840040920258
1.1597039999999998  0.4006825  0.09488005024381538
1.213608  0.4006825  0.06300296191245859
1.268557  0.4006825  0.11393886828250738
1.322398  0.4006825  0.055587307038237936
1.37626  0.4006825  0.08301519415891885
1.431105  0.4006825  0.055374985306304386
1.484971  0.4006825  0.008904600987863257
1.538913  0.4006825  0.03896948287454522
1.5937370000000002  0.4006825  -0.019809139685918072
1.6476  0.4006825  0.01946975011370819
1.701515  0.4006825  0.02886026239774752
1.756278  0.4006825  -0.03597037239260378
1.810139  0.4006825  0.031509657091554844
1.864191  0.4006825  0.02351915218364585
1.91801  0.4006825  0.026146985032383097
1.9728510000000001  0.4006825  -0.045707764699136726
2.005291  0.4006825  -0.16214859426614733
0.3213409  0.3213409  0.23049473703122567
0.3749617  0.3213409  0.15781975126977396
0.4288233  0.3213409  0.10192548258759929
0.4827282  0.3213409  0.0845949818196401
0.5375789  0.3213409  0.05627935830160362
0.5914568  0.3213409  0.07617423375664908
0.6454629  0.3213409  0.08370638172955823
0.7002916  0.3213409  0.05841826038048757
0.7541177  0.3213409  0.06377870564143026
0.8079995  0.3213409  0.09404887362010059
0.8628365  0.3213409  0.10568341667837879
0.916712  0.3213409  0.09271390059890879
0.9706859  0.3213409  0.08708596822731295
1.025518  0.3213409  0.08563886763847929
1.0794110000000001  0.3213409  0.1110128170475668
1.133258  0.3213409  0.11549203692695105
1.188087  0.3213409  0.11002225454175982
1.242097  0.3213409  0.1020352988438358
1.295919  0.3213409  0.08017153211589971
1.3507609999999999  0.3213409  0.07111280590856095
1.404643  0.3213409  0.07190422638843981
1.458512  0.3213409  0.05983206747151459
1.5133489999999998  0.3213409  0.06588355353842805
1.567262  0.3213409  -0.003506230866433088
1.6211179999999998  0.3213409  0.0039087034099280354
1.675958  0.3213409  0.021372668844026936
1.7298589999999998  0.3213409  -0.018546531126698372
1.7836690000000002  0.3213409  0.03326489994003644
1.838527  0.3213409  0.004558845714843483
1.892535  0.3213409  0.01183893952644717
1.946394  0.3213409  0.06846945306782538
2.0012529999999997  0.3213409  0.002374963120986487
2.005347  0.3213409  -0.38395695651134853
0.2410303  0.2410303  0.24962271518978507
0.2945876  0.2410303  0.19955293373470623
0.34851960000000004  0.2410303  0.10814730349211155
0.4033614  0.2410303  0.09740685201230648
0.4572501  0.2410303  0.0599997029565076
0.511133  0.2410303  0.06375402336509838
0.565997  0.2410303  0.07611954724526357
0.6200296  0.2410303  0.05316315539385216
0.6738274  0.2410303  0.1103436124525298
0.7286733000000001  0.2410303  0.09539219342276464
0.7825183  0.2410303  0.05379519737349129
0.8364219  0.2410303  0.1233916686544566
0.8912584  0.2410303  0.11016089555450873
0.9451725  0.2410303  0.10903911977069523
0.9990846  0.2410303  0.0965137138912157
1.0538969999999999  0.2410303  0.07594547264494238
1.1077750000000002  0.2410303  0.11865984939367225
1.161624  0.2410303  0.10780328876031381
1.215492  0.2410303  0.13887577646892815
1.27048  0.2410303  0.11215962458033116
1.3243  0.2410303  0.05937415500744247
1.378163  0.2410303  0.06126903097500614
1.433  0.2410303  0.052588607736344516
1.486865  0.2410303  0.07722015055139933
1.540805  0.2410303  0.023737692480881947
1.595656  0.2410303  0.03181715884331404
1.649489  0.2410303  0.013156106535345885
1.703387  0.2410303  0.02986738259285355
1.758189  0.2410303  0.01687371443065351
1.812023  0.2410303  0.010360000052407992
1.866061  0.2410303  -0.019070769390696168
1.9210999999999998  0.2410303  -0.008462097678625345
1.9747249999999998  0.2410303  0.10557076210494575
2.00522  0.2410303  -0.08968627252603842
0.1607374  0.1607374  0.24932660488757366
0.2143827  0.1607374  0.1879763260473933
0.26818830000000005  0.1607374  0.13672361466051378
0.3230843  0.1607374  0.09350843692586723
0.3769137  0.1607374  0.06546378380337423
0.430752  0.1607374  0.10561839379361963
0.4856628  0.1607374  0.08666872067782473
0.5395515000000001  0.1607374  0.06971947256739647
0.5934081  0.1607374  0.0712466395229855
0.6483597  0.1607374  0.06031794835461467
0.7022501  0.1607374  0.12701666196343567
0.7560413  0.1607374  0.11577071323736211
0.8109097000000001  0.1607374  0.06334160875793557
0.8648203999999999  0.1607374  0.11827717962008626
0.9186295999999999  0.1607374  0.11653312370070656
0.9735286999999999  0.1607374  0.11698545365079545
1.027462  0.1607374  0.1302841306982539
1.081364  0.1607374  0.10288615520170022
1.136174  0.1607374  0.11880364683059168
1.190024  0.1607374  0.11562298172152013
1.244056  0.1607374  0.09665971126954886
1.298797  0.1607374  0.09628703363500742
1.352673  0.1607374  0.044408714315787204
1.406546  0.1607374  0.08291621409827886
1.46141  0.1607374  0.05685780392098037
1.5152780000000001  0.1607374  0.02919760066667898
1.569181  0.1607374  0.04338055551818047
1.6240029999999999  0.1607374  0.02386444166391991
1.6778499999999998  0.1607374  0.05872371805758552
1.73174  0.1607374  -0.0015967224473933293
1.785559  0.1607374  0.00762234949841788
1.8404280000000002  0.1607374  -0.019305821752697676
1.894445  0.1607374  -0.02012438667425351
1.948262  0.1607374  0.00722127755121277
2.003126  0.1607374  0.09327459939127158
2.00528  0.1607374  -0.15797491992638904
0.08043564  0.08043564  0.3203128369387472
0.13404  0.08043564  0.19384221323228804
0.1888897  0.08043564  0.15415805228971385
0.242744  0.08043564  0.12083668700752637
0.2965829  0.08043564  0.06472170907266428
0.3515098  0.08043564  0.07808984187600104
0.4053664  0.08043564  0.08801375244867309
0.45920330000000004  0.08043564  0.1151713448332636
0.51307  0.08043564  0.0949327541253208
0.5679445  0.08043564  0.06973948913544589
0.6219158  0.08043564  0.10744756335931811
0.6757573  0.08043564  0.09071156143885782
0.7307224  0.08043564  0.114107066336417
0.7844636  0.08043564  0.10677553900975492
0.8383129  0.08043564  0.09067434970049935
0.8931464  0.08043564  0.10416833751953333
0.9471029999999999  0.08043564  0.12167051103309277
1.000942  0.08043564  0.12175499195479221
1.055824  0.08043564  0.14558700852674225
1.109755  0.08043564  0.12578513243646697
1.163575  0.08043564  0.10544318924408573
1.218407  0.08043564  0.09108898371051273
1.2723579999999999  0.08043564  0.05546045099748479
1.3262360000000002  0.08043564  0.0838435259117651
1.381054  0.08043564  0.07546881614383298
1.434917  0.08043564  0.045863234869397286
1.488788  0.08043564  0.056787192406832325
1.543661  0.08043564  0.040346025275008045
1.597545  0.08043564  0.03775782538036136
1.6514010000000001  0.08043564  0.009639893282487197
1.706258  0.08043564  -0.005769742928489529
1.7600930000000001  0.08043564  0.024224434893513364
1.813918  0.08043564  0.01962449562973885
1.868919  0.08043564  0.003957391050628617
1.922774  0.08043564  -0.026233808583949678
1.9766210000000002  0.08043564  0.04913517234101482
2.005154  0.08043564  0.20990647204980245
6.774577e-5  6.774577e-5  0.36144482717446813
0.05374334  6.774577e-5  0.23911255673928647
0.1085348  6.774577e-5  0.1464760656357231
0.16243539999999998  6.774577e-5  0.11931780576573398
0.21631299999999998  6.774577e-5  0.11945352427025134
0.2711329  6.774577e-5  0.11847015678101216
0.32506029999999997  6.774577e-5  0.08722966015846768
0.3789226  6.774577e-5  0.11089397038054191
0.43374029999999997  6.774577e-5  0.10322100583824859
0.487625  6.774577e-5  0.07256592507306471
0.5414865  6.774577e-5  0.12071294078592158
0.5962392999999999  6.774577e-5  0.09102185365099702
0.6502939  6.774577e-5  0.13046176754886202
0.7041842  6.774577e-5  0.09523657158447993
0.7589589999999999  6.774577e-5  0.10291338736124894
0.8128246  6.774577e-5  0.11194571638063926
0.8667039  6.774577e-5  0.09686197116666959
0.9215454  6.774577e-5  0.10158583610827154
0.9754688  6.774577e-5  0.12688688695613135
1.029392  6.774577e-5  0.13321836817775998
1.083308  6.774577e-5  0.12363407765319835
1.138111  6.774577e-5  0.11735413309969095
1.191988  6.774577e-5  0.07045597763798796
1.2459259999999999  6.774577e-5  0.07996219219060051
1.300708  6.774577e-5  0.06797802962458424
1.3546230000000001  6.774577e-5  0.10789533322491815
1.408476  6.774577e-5  0.0357084773632456
1.463309  6.774577e-5  0.03778285410306212
1.51716  6.774577e-5  0.05374229735344789
1.5710899999999999  6.774577e-5  0.0603695198279913
1.625891  6.774577e-5  0.028176922448356567
1.679761  6.774577e-5  -0.046008212074483475
1.73366  6.774577e-5  0.021569005525049322
1.788435  6.774577e-5  0.045346703904230526
1.8423209999999999  6.774577e-5  0.024268001046042247
1.896306  6.774577e-5  -0.014583729368909342
1.951143  6.774577e-5  -0.015416450868455169
2.005032  6.774577e-5  0.08114365566628556
-0.08029887  -0.08029887  0.409771866945521
-0.02663712  -0.08029887  0.28395873314821124
0.02823669  -0.08029887  0.1664551725581794
0.08211921  -0.08029887  0.15173803778868827
0.1359871  -0.08029887  0.09209528503111225
0.1908427  -0.08029887  0.12786879068359297
0.244698  -0.08029887  0.1408158169648766
0.2985618  -0.08029887  0.13152497037198888
0.3534141  -0.08029887  0.1487594713403108
0.4072806  -0.08029887  0.08837106392248456
0.4611786  -0.08029887  0.12901566534031486
0.5160264  -0.08029887  0.09708845680147037
0.5699122999999999  -0.08029887  0.12129826157039769
0.6238459000000001  -0.08029887  0.10889209585634077
0.6786567  -0.08029887  0.10154564336620207
0.732537  -0.08029887  0.11937650438755074
0.7863751999999999  -0.08029887  0.10401516907365217
0.8412316  -0.08029887  0.12386736520836956
0.8950883000000001  -0.08029887  0.08096188093370273
0.9490198000000001  -0.08029887  0.11031887221249465
1.0039  -0.08029887  0.13689855061007863
1.05776  -0.08029887  0.13514762657258322
1.111642  -0.08029887  0.07385259893591843
1.166479  -0.08029887  0.08410784921532712
1.2203130000000002  -0.08029887  0.06113195376254231
1.274269  -0.08029887  0.09186385822821723
1.329099  -0.08029887  0.08784990948676905
1.383168  -0.08029887  0.04089029639323926
1.436818  -0.08029887  0.06545890445995753
1.491651  -0.08029887  0.010374675327142592
1.5455750000000001  -0.08029887  0.07647926780659976
1.5994380000000001  -0.08029887  0.022171675229299585
1.653309  -0.08029887  0.03653630021703703
1.708149  -0.08029887  -0.01926533914482288
1.7619770000000001  -0.08029887  0.023466342757534262
1.815835  -0.08029887  -0.01913687634425337
1.870819  -0.08029887  0.01667291834953937
1.9246590000000001  -0.08029887  0.01767417762411658
1.978582  -0.08029887  -0.06549387048051261
2.005103  -0.08029887  -0.0070215241619317045
-0.1605592  -0.1605592  0.3577598753445254
-0.1059298  -0.1605592  0.2948976097992584
-0.052045  -0.1605592  0.22305842039246562
0.001863585  -0.1605592  0.15979633714882852
0.05664467  -0.1605592  0.14826674433210754
0.1104915  -0.1605592  0.13562017957242853
0.16440629999999998  -0.1605592  0.15288835179214394
0.2192297  -0.1605592  0.15476786871395584
0.2730652  -0.1605592  0.1471801339180632
0.32699700000000004  -0.1605592  0.1326313815851438
0.3808494  -0.1605592  0.16940460124279572
0.43567079999999997  -0.1605592  0.11248472980415393
0.4895667  -0.1605592  0.13182937533867722
0.5434565  -0.1605592  0.12235809135471859
0.5983016  -0.1605592  0.08189892492044827
0.6522530000000001  -0.1605592  0.12197262094222197
0.7060842  -0.1605592  0.09128230602654118
0.7608853  -0.1605592  0.12799252389370588
0.8147617  -0.1605592  0.13062161079213547
0.8686241  -0.1605592  0.11258324039194535
0.9235410000000001  -0.1605592  0.09755990871713663
0.9773723  -0.1605592  0.09104537657532698
1.0312999999999999  -0.1605592  0.16118001174551563
1.0861939999999999  -0.1605592  0.0677386500821697
1.140023  -0.1605592  0.07099134048934513
1.193916  -0.1605592  0.047995037865677215
1.248943  -0.1605592  0.11290095187322739
1.3026300000000002  -0.1605592  0.10341999611609493
1.356486  -0.1605592  0.04427205635472879
1.4113330000000002  -0.1605592  0.03372441650915673
1.465221  -0.1605592  0.04347503353401299
1.519082  -0.1605592  0.04059987894635845
1.573974  -0.1605592  -0.0014651962074304413
1.627806  -0.1605592  0.04361856389907081
1.681664  -0.1605592  0.015072486469863028
1.736513  -0.1605592  0.03596364689492036
1.790332  -0.1605592  -0.06920176298381502
1.844242  -0.1605592  0.01950292791603842
1.899203  -0.1605592  0.02574917236790229
1.9530399999999999  -0.1605592  0.017047986418425566
2.004984  -0.1605592  -0.1611779261287644
-0.2408694  -0.2408694  0.3864136856526139
-0.1862362  -0.2408694  0.2471596478605728
-0.1323603  -0.2408694  0.18178417844988992
-0.07852524  -0.2408694  0.12618423775229096
-0.02367361  -0.2408694  0.11208335944573503
0.03026636  -0.2408694  0.15875188731806866
0.08410476  -0.2408694  0.1374644448793738
0.1389556  -0.2408694  0.20269278644322442
0.1929558  -0.2408694  0.15579338038784465
0.24663829999999998  -0.2408694  0.1613658575048777
0.30145310000000003  -0.2408694  0.12742286576543657
0.3553674  -0.2408694  0.14304798240207492
0.40923289999999996  -0.2408694  0.16605849013609136
0.4641445  -0.2408694  0.11434829971436505
0.5179752999999999  -0.2408694  0.13411238215891214
0.5718492  -0.2408694  0.08573416259358556
0.6267809  -0.2408694  0.13146420282445542
0.6806464999999999  -0.2408694  0.11029877515057049
0.7344661  -0.2408694  0.12382796460756174
0.7893104  -0.2408694  0.11368233941927848
0.8431595  -0.2408694  0.11130853593826531
0.8970057  -0.2408694  0.10266919595616321
0.950947  -0.2408694  0.07626996615726908
1.005832  -0.2408694  0.11861215659391287
1.059682  -0.2408694  0.10055618980096631
1.1135730000000001  -0.2408694  0.07993993917308627
1.168411  -0.2408694  0.03376663574915419
1.22228  -0.2408694  0.08848217164874037
1.276195  -0.2408694  0.08726466975516471
1.33104  -0.2408694  0.10089979380558742
1.384916  -0.2408694  0.010030242689587437
1.4387370000000002  -0.2408694  0.039392987840591524
1.493586  -0.2408694  0.048413069245295405
1.5474919999999999  -0.2408694  0.018741155184988454
1.6013499999999998  -0.2408694  0.01189472717131763
1.656193  -0.2408694  0.029826613637496127
1.710088  -0.2408694  0.04199701029505861
1.763881  -0.2408694  -0.019456299072155146
1.8187229999999999  -0.2408694  -0.00138967308792143
1.872769  -0.2408694  -0.009676648261976764
1.9265750000000001  -0.2408694  0.02179846204424839
1.981402  -0.2408694  -0.02559657892285554
2.005061  -0.2408694  0.0876201937638136
-0.3211986  -0.3211986  0.27643422538310364
-0.2665307  -0.3211986  0.22378492034134126
-0.2126986  -0.3211986  0.14425496151932132
-0.1588277  -0.3211986  0.11357203447226072
-0.10396989999999999  -0.3211986  0.10309337861093956
-0.050096339999999996  -0.3211986  0.06955652220419874
0.003816634  -0.3211986  0.0964985282096249
0.05869012  -0.3211986  0.1527597486076596
0.11251  -0.3211986  0.15443995779871983
0.1663879  -0.3211986  0.1712557795086049
0.2212058  -0.3211986  0.17488538395105074
0.27501960000000003  -0.3211986  0.1101819347870186
0.3289366  -0.3211986  0.1596003931117861
0.3837708  -0.3211986  0.10138334006592024
0.4376374  -0.3211986  0.16239496069418782
0.49151510000000004  -0.3211986  0.13254327145931466
0.5463622  -0.3211986  0.1271454211099016
0.6002462000000001  -0.3211986  0.12696680920726783
0.6542287999999999  -0.3211986  0.10913936008099251
0.7090612  -0.3211986  0.14010693354616882
0.7628531000000001  -0.3211986  0.062077399497613685
0.8167095000000001  -0.3211986  0.12154451319462795
0.8715284  -0.3211986  0.07827957082259815
0.9254702  -0.3211986  0.12058954720833273
0.979299  -0.3211986  0.07314845476304346
1.034199  -0.3211986  0.06756229220502395
1.088137  -0.3211986  0.08960018151392124
1.141965  -0.3211986  0.06352657602797349
1.196821  -0.3211986  0.08586634320108329
1.2507840000000001  -0.3211986  0.03989139180482922
1.3045550000000001  -0.3211986  0.08101135771311845
1.3594110000000001  -0.3211986  0.04719711870386575
1.413287  -0.3211986  0.04126355251038866
1.467136  -0.3211986  0.04971051562407953
1.5219639999999999  -0.3211986  0.039391357830335635
1.575909  -0.3211986  0.006309289828553388
1.629711  -0.3211986  -0.00547897914275396
1.683568  -0.3211986  0.03622903109663029
1.738453  -0.3211986  -0.016948912804149254
1.792249  -0.3211986  0.05399545791614654
1.846287  -0.3211986  -0.017958482548445256
1.901095  -0.3211986  -0.027604973965576915
1.954947  -0.3211986  -0.02130656439920872
2.004941  -0.3211986  0.08364274937449497
-0.40046980000000004  -0.40046980000000004  0.2667218318676284
-0.3468337  -0.40046980000000004  0.22384128521679833
-0.29290839999999996  -0.40046980000000004  0.1107827272487192
-0.2381271  -0.40046980000000004  0.069553454400589
-0.1842948  -0.40046980000000004  0.08383014679958546
-0.1304167  -0.40046980000000004  0.08306840956706708
-0.07565274  -0.40046980000000004  0.06900828388272359
-0.02171662  -0.40046980000000004  0.08843795653017608
0.03220621  -0.40046980000000004  0.08377218735194503
0.08704485  -0.40046980000000004  0.1211765309319584
0.1408885  -0.40046980000000004  0.1377219351701528
0.1947922  -0.40046980000000004  0.1661843480760922
0.24864050000000001  -0.40046980000000004  0.13773728642840197
0.303455  -0.40046980000000004  0.17427877078948842
0.3573286  -0.40046980000000004  0.10254807941395415
0.41116980000000003  -0.40046980000000004  0.13010844722618478
0.4660544  -0.40046980000000004  0.13967127182157732
0.5199395  -0.40046980000000004  0.15110527547833827
0.5738009  -0.40046980000000004  0.10979693015026705
0.6287446999999999  -0.40046980000000004  0.11958857669746621
0.6826522  -0.40046980000000004  0.10831721706037183
0.7364623  -0.40046980000000004  0.07226342883248352
0.7912274  -0.40046980000000004  0.08186486429007443
0.8451101  -0.40046980000000004  0.07169477598224248
0.8989552  -0.40046980000000004  0.13387275429188716
0.9538988  -0.40046980000000004  0.07017110897328532
1.007768  -0.40046980000000004  0.07351252082507778
1.06163  -0.40046980000000004  0.03496031807725007
1.116486  -0.40046980000000004  0.12300325700719579
1.170347  -0.40046980000000004  0.10720395404042303
1.224224  -0.40046980000000004  0.04961546723732788
1.2791199999999998  -0.40046980000000004  0.020779833597910535
1.3329680000000002  -0.40046980000000004  0.02542995436354535
1.386849  -0.40046980000000004  0.06263205702206004
1.441661  -0.40046980000000004  0.04076429253331161
1.495511  -0.40046980000000004  0.05169179172303195
1.549431  -0.40046980000000004  -0.022660082514563376
1.604257  -0.40046980000000004  0.005015236476455948
1.658114  -0.40046980000000004  -0.029189596718322976
1.712003  -0.40046980000000004  0.0239392717840388
1.766785  -0.40046980000000004  0.025903065264348633
1.820662  -0.40046980000000004  0.044201612396049354
1.874647  -0.40046980000000004  -0.007685562028933354
1.929454  -0.40046980000000004  -0.028163254660045857
1.983349  -0.40046980000000004  0.041528653953954026
2.0050239999999997  -0.40046980000000004  0.011588562036493178
-0.4807742  -0.4807742  0.21402341160216104
-0.4271415  -0.4807742  0.18155462282029655
-0.3732449  -0.4807742  0.11666252059942957
-0.318447  -0.4807742  0.07172209355280124
-0.2645336  -0.4807742  0.05539955075291454
-0.210715  -0.4807742  0.04463083962643442
-0.1558691  -0.4807742  0.08843607957328403
-0.10199  -0.4807742  0.07629178105577349
-0.048140749999999996  -0.4807742  0.054550294981034406
0.006746488  -0.4807742  0.10254459305249214
0.06058239  -0.4807742  0.08070072587714022
0.11443930000000001  -0.4807742  0.11981985695187437
0.1692968  -0.4807742  0.1207067142505995
0.2231726  -0.4807742  0.13940640823487815
0.2770122  -0.4807742  0.15561542318342625
0.331916  -0.4807742  0.15168691990097594
0.385747  -0.4807742  0.120219685670111
0.43957979999999997  -0.4807742  0.10762335075424125
0.494427  -0.4807742  0.1236628224302275
0.5482857  -0.4807742  0.1042062975665106
0.6021932000000001  -0.4807742  0.12768673775293513
0.6571224999999999  -0.4807742  0.09658422160884365
0.7110117  -0.4807742  0.0943094504032369
0.7648101  -0.4807742  0.08837570423057935
0.8196334000000001  -0.4807742  0.08460530640924727
0.8734697  -0.4807742  0.10718147883756869
0.9274242  -0.4807742  0.07998131630119643
0.98127  -0.4807742  0.08719460496175022
1.03614  -0.4807742  0.03366283184474081
1.090036  -0.4807742  0.09207146828409947
1.1439030000000001  -0.4807742  0.09124933967474255
1.1987349999999999  -0.4807742  0.09155987729829544
1.25274  -0.4807742  0.022448802843515123
1.306697  -0.4807742  -0.005763820012158706
1.361318  -0.4807742  0.03937117966092205
1.415192  -0.4807742  0.04869411468906752
1.469065  -0.4807742  0.020115965961304265
1.523892  -0.4807742  -0.0031447527003719495
1.5778320000000001  -0.4807742  0.036948812387398534
1.6316590000000002  -0.4807742  -0.019347263541001296
1.6864780000000001  -0.4807742  0.002529234451428507
1.740353  -0.4807742  0.005344872333744843
1.79416  -0.4807742  0.03682899570665203
1.849194  -0.4807742  -0.0027016858133580867
1.903023  -0.4807742  0.025239608297316505
1.9568969999999999  -0.4807742  -0.00637535836126783
2.0049  -0.4807742  -0.015368768682773832
-0.5610666  -0.5610666  0.189525334904865
-0.5074575  -0.5610666  0.13789937791527648
-0.4535863  -0.5610666  0.09502218666433515
-0.3987332  -0.5610666  0.06533475137865065
-0.3447881  -0.5610666  0.061548499889616554
-0.2909492  -0.5610666  0.033117807200790564
-0.23615129999999998  -0.5610666  0.042990234981970944
-0.1822961  -0.5610666  0.06507994980172695
-0.128413  -0.5610666  0.06213070309651065
-0.07355717  -0.5610666  0.0729288055187228
-0.01972298  -0.5610666  0.066616187512634
0.034143309999999996  -0.5610666  0.1189885027713004
0.08899235  -0.5610666  0.0925554313429497
0.1428441  -0.5610666  0.12277393155103307
0.19673759999999998  -0.5610666  0.1052396268044709
0.2515291  -0.5610666  0.1468700564214324
0.3053837  -0.5610666  0.12070219755107194
0.3593051  -0.5610666  0.15700747991474823
0.4141367  -0.5610666  0.10605762339111828
0.4680018  -0.5610666  0.10291627954332332
0.5218633  -0.5610666  0.08992794292085161
0.5767264  -0.5610666  0.1333267380915222
0.6306707  -0.5610666  0.0916138438636576
0.6845182  -0.5610666  0.09428602715012337
0.7393506  -0.5610666  0.0807301389299576
0.7932213  -0.5610666  0.11956244331776474
0.8470477  -0.5610666  0.09150663030786849
0.9018547  -0.5610666  0.11153879540343789
0.9557784  -0.5610666  0.081988041076708
1.009706  -0.5610666  0.056400154731415034
1.0645229999999999  -0.5610666  0.04838954367898826
1.1184100000000001  -0.5610666  0.03175034478342567
1.1722560000000002  -0.5610666  0.05008312377866955
1.2271269999999999  -0.5610666  0.07283661252762848
1.281045  -0.5610666  0.06406840820274722
1.33488  -0.5610666  0.010600924988294043
1.389726  -0.5610666  0.06549262543003766
1.443586  -0.5610666  0.016277497769212043
1.497423  -0.5610666  0.005461723164443303
1.551365  -0.5610666  0.02257238822407006
1.60616  -0.5610666  0.03223022740915084
1.66002  -0.5610666  -0.02275866097265827
1.7139149999999999  -0.5610666  -0.0037617333898009664
1.768705  -0.5610666  0.013508588812614181
1.8225630000000002  -0.5610666  0.0017253861184898796
1.876554  -0.5610666  0.024799847723982343
1.9313589999999998  -0.5610666  -0.005466753107364188
1.9852049999999999  -0.5610666  -0.003626639825275426
2.004973  -0.5610666  -0.15369148647092223
-0.6414738999999999  -0.6414738999999999  0.3307240937919378
-0.5877487  -0.6414738999999999  0.14963744764337253
-0.5329176999999999  -0.6414738999999999  0.07663963854129342
-0.479  -0.6414738999999999  0.06213589692487322
-0.4251463  -0.6414738999999999  0.07675060373166212
-0.37033819999999995  -0.6414738999999999  0.03489856414265115
-0.3164814  -0.6414738999999999  0.0515246170707515
-0.2625584  -0.6414738999999999  0.06023588808159641
-0.2077699  -0.6414738999999999  0.027888891687730778
-0.1538805  -0.6414738999999999  0.04931159763877134
-0.10001009999999999  -0.6414738999999999  0.036718175315723856
-0.04517154  -0.6414738999999999  0.09020156256590618
0.008734075  -0.6414738999999999  0.07092749021492054
0.06256721999999999  -0.6414738999999999  0.14566504623807974
0.1173831  -0.6414738999999999  0.08019162351697338
0.1712778  -0.6414738999999999  0.1432316407315035
0.2251131  -0.6414738999999999  0.11326147860485512
0.27894670000000005  -0.6414738999999999  0.15172806979808168
0.3338576  -0.6414738999999999  0.08886458639269348
0.3877128  -0.6414738999999999  0.15585430261729152
0.44157389999999996  -0.6414738999999999  0.08113315485391774
0.4963873  -0.6414738999999999  0.11663902781920654
0.5502475  -0.6414738999999999  0.09425021031366293
0.604121  -0.6414738999999999  0.12432159954861807
0.6590655000000001  -0.6414738999999999  0.07551869742943129
0.7129179  -0.6414738999999999  0.09528635378462852
0.7667672999999999  -0.6414738999999999  0.09075566914384263
0.8216558  -0.6414738999999999  0.07477681467981828
0.8754161  -0.6414738999999999  0.08151561139697877
0.9293246000000001  -0.6414738999999999  0.08814250581228854
0.9841566  -0.6414738999999999  0.06937453365405487
1.0380989999999999  -0.6414738999999999  0.07415724023504978
1.091976  -0.6414738999999999  0.06980605603517231
1.1468209999999999  -0.6414738999999999  0.0015449284971371195
1.200682  -0.6414738999999999  0.0373736408175835
1.2546110000000001  -0.6414738999999999  0.07341154187728284
1.309412  -0.6414738999999999  0.05026461807265058
1.363242  -0.6414738999999999  0.04060955215238374
1.417132  -0.6414738999999999  0.027060087213040988
1.4719680000000002  -0.6414738999999999  0.03740794914404774
1.52582  -0.6414738999999999  0.0006623944971323122
1.579735  -0.6414738999999999  0.009219983664629342
1.6345509999999999  -0.6414738999999999  -0.014161196724285292
1.688386  -0.6414738999999999  0.017611164999911992
1.74227  -0.6414738999999999  -0.012378530702838368
1.797063  -0.6414738999999999  0.004191784271317127
1.851078  -0.6414738999999999  0.0039097868401712504
1.904922  -0.6414738999999999  0.01828321022580935
1.959767  -0.6414738999999999  0.006871651898946577
2.004861  -0.6414738999999999  -0.034071647130830274
-0.7217646999999999  -0.7217646999999999  0.25205896779210535
-0.668117  -0.7217646999999999  0.21160693187327273
-0.6131569  -0.7217646999999999  0.09033373103343795
-0.5592922  -0.7217646999999999  0.04790983504866731
-0.5054333  -0.7217646999999999  0.050955879421733435
-0.45060629999999996  -0.7217646999999999  0.05352386370418679
-0.3967762  -0.7217646999999999  0.0668018621418456
-0.3429104  -0.7217646999999999  0.042197767469381996
-0.288018  -0.7217646999999999  0.059719295133191186
-0.23418719999999998  -0.7217646999999999  0.043804862634296775
-0.1803229  -0.7217646999999999  0.05132902047653536
-0.1254997  -0.7217646999999999  0.051443089901198905
-0.07162053  -0.7217646999999999  0.08265329948651057
-0.01773647  -0.7217646999999999  0.07828659996147706
0.0371282  -0.7217646999999999  0.10646579046664979
0.09098837  -0.7217646999999999  0.11365966562732267
0.14482499999999998  -0.7217646999999999  0.13956268716120185
0.19964969999999999  -0.7217646999999999  0.12342176826792094
0.2534907  -0.7217646999999999  0.1314885909845774
0.30733550000000004  -0.7217646999999999  0.10317544183713334
0.3622247  -0.7217646999999999  0.131003557565351
0.4161105  -0.7217646999999999  0.09423993147248468
0.4699756  -0.7217646999999999  0.11720189252274021
0.5247816000000001  -0.7217646999999999  0.09368055674255735
0.5786825999999999  -0.7217646999999999  0.10707662609627848
0.6326314  -0.7217646999999999  0.0721918710529469
0.6874743999999999  -0.7217646999999999  0.11398826087240056
0.7413275  -0.7217646999999999  0.08330695997986771
0.7951359  -0.7217646999999999  0.09375495452641679
0.8490094  -0.7217646999999999  0.02420074563469144
0.9038243  -0.7217646999999999  0.07301939490498452
0.9577198  -0.7217646999999999  0.036064616203598715
1.011633  -0.7217646999999999  0.09850062472399469
1.066503  -0.7217646999999999  0.06955553869801727
1.12034  -0.7217646999999999  0.09055062871793573
1.1742110000000001  -0.7217646999999999  -0.009655020306729907
1.229074  -0.7217646999999999  0.043935964472140494
1.2829929999999998  -0.7217646999999999  0.025167626241678998
1.336817  -0.7217646999999999  0.07217899028216539
1.391674  -0.7217646999999999  -0.018525571601720227
1.445509  -0.7217646999999999  0.038998256083721095
1.499367  -0.7217646999999999  -0.0014484489567743268
1.554242  -0.7217646999999999  0.03767419779337329
1.608086  -0.7217646999999999  -0.03913935059524318
1.661937  -0.7217646999999999  0.08683203270284595
1.716817  -0.7217646999999999  -0.047103042003990896
1.770621  -0.7217646999999999  0.003655719348135892
1.824491  -0.7217646999999999  -0.042244179185852514
1.8794570000000002  -0.7217646999999999  0.030521742405336963
1.933282  -0.7217646999999999  0.005370754880288682
1.9871379999999998  -0.7217646999999999  0.009701970913211237
2.004933  -0.7217646999999999  -0.23832793978633005
-0.8020250999999999  -0.8020250999999999  0.26811175365614043
-0.7474374  -0.8020250999999999  0.1814042817016542
-0.6936102  -0.8020250999999999  0.10209599423291192
-0.6397392  -0.8020250999999999  0.05287669228505685
-0.5857491  -0.8020250999999999  0.031129168772745356
-0.5309172  -0.8020250999999999  0.005072800847505073
-0.47704860000000004  -0.8020250999999999  0.05881000670526756
-0.4231713  -0.8020250999999999  0.04867231843106845
-0.36833859999999996  -0.8020250999999999  0.06538676075197465
-0.3144797  -0.8020250999999999  0.0554596474926993
-0.2606039  -0.8020250999999999  0.03877015387946102
-0.2058218  -0.8020250999999999  0.0920142031553538
-0.1519004  -0.8020250999999999  0.05640639371958397
-0.09806873  -0.8020250999999999  0.13501327232980176
-0.04322202  -0.8020250999999999  0.06535297409138752
0.01075009  -0.8020250999999999  0.12985143222498563
0.06454991  -0.8020250999999999  0.05009924168545144
0.1193596  -0.8020250999999999  0.18379132074732993
0.1732086  -0.8020250999999999  0.0911289745876959
0.2270721  -0.8020250999999999  0.16157845024272516
0.28185950000000004  -0.8020250999999999  0.06770064596084854
0.3358047  -0.8020250999999999  0.17989675920130355
0.3896985  -0.8020250999999999  0.05743593733025999
0.4444989  -0.8020250999999999  0.13788094467546932
0.4983629  -0.8020250999999999  0.05950565713313414
0.552188  -0.8020250999999999  0.13826767418488956
0.6070425  -0.8020250999999999  0.025070969559666156
0.661011  -0.8020250999999999  0.1286390626660546
0.7148846  -0.8020250999999999  0.035544810811087874
0.7697024  -0.8020250999999999  0.1472000479500789
0.8235406000000001  -0.8020250999999999  0.043752566447721145
0.8773564  -0.8020250999999999  0.08921872054141304
0.9322549  -0.8020250999999999  -0.0015607941599014863
0.9861091  -0.8020250999999999  0.08579091517520372
1.0400319999999998  -0.8020250999999999  0.01100928703470104
1.0948879999999999  -0.8020250999999999  0.0989135319789066
1.148753  -0.8020250999999999  0.033787304541135973
1.202622  -0.8020250999999999  0.0722219227093787
1.2575319999999999  -0.8020250999999999  -0.024279758200855473
1.311396  -0.8020250999999999  0.06678401016775841
1.365194  -0.8020250999999999  -0.0014470424680373072
1.419038  -0.8020250999999999  0.04528785732009467
1.47388  -0.8020250999999999  -0.019515487489908043
1.527749  -0.8020250999999999  0.04553728141870882
1.581654  -0.8020250999999999  -0.037443848544214495
1.636493  -0.8020250999999999  0.07829837542869733
1.690342  -0.8020250999999999  -0.02444004595495027
1.744191  -0.8020250999999999  0.020089029480020774
1.7989860000000002  -0.8020250999999999  -0.057265291287579796
1.852999  -0.8020250999999999  0.03368650966705312
1.90685  -0.8020250999999999  -0.0035972618327582274
1.961707  -0.8020250999999999  0.04333179033312854
2.004817  -0.8020250999999999  -0.09716881636524716
-0.8822236  -0.8822236  0.18672375982390926
-0.8277469  -0.8822236  0.12471760119258084
-0.7738808  -0.8822236  0.08719950004749495
-0.7200521  -0.8822236  0.06616949459493425
-0.6651829  -0.8822236  0.02769667525427359
-0.6111494000000001  -0.8822236  -0.0037762835185234118
-0.5573397999999999  -0.8822236  0.03457452190636975
-0.5025092  -0.8822236  0.034072692441722056
-0.4486447  -0.8822236  0.03805443855684971
-0.39478199999999997  -0.8822236  0.047666021028097666
-0.3398982  -0.8822236  0.05468564522464544
-0.28599759999999996  -0.8822236  0.084790580324778
-0.23220490000000002  -0.8822236  0.07361093631516755
-0.1773964  -0.8822236  0.10873660557716433
-0.12352769999999999  -0.8822236  0.11471310960204445
-0.06968281  -0.8822236  0.12251762837892717
-0.01482661  -0.8822236  0.11620269018278732
0.03928396  -0.8822236  0.08277856519207188
0.09293274  -0.8822236  0.09823272621305615
0.146785  -0.8822236  0.09913394119443254
0.2016254  -0.8822236  0.12263564468084401
0.2554393  -0.8822236  0.10358910757773712
0.3093625  -0.8822236  0.16586281862361435
0.3641642  -0.8822236  0.08134165739224546
0.418024  -0.8822236  0.11417988059784276
0.4719336  -0.8822236  0.05877635314975529
0.5267434  -0.8822236  0.09747264390682603
0.5806061  -0.8822236  0.04529586151722656
0.6346563  -0.8822236  0.09771118852405396
0.6893836999999999  -0.8822236  0.017120660848011195
0.743235  -0.8822236  0.10595719483878124
0.7970775  -0.8822236  0.05904849411927894
0.8519177  -0.8822236  0.12205728873601265
0.9057576  -0.8822236  0.01914935390840325
0.9596702  -0.8822236  0.08680036091947578
1.0145359999999999  -0.8822236  -0.00603488353159304
1.068413  -0.8822236  0.05758791590263481
1.122279  -0.8822236  0.002319869813179394
1.177102  -0.8822236  0.12650569133907916
1.231134  -0.8822236  0.001524711821535782
1.284939  -0.8822236  0.04071990712006003
1.3397029999999999  -0.8822236  -0.01983617299295131
1.3935899999999999  -0.8822236  0.09227666099533585
1.447436  -0.8822236  -0.014856082537063314
1.502252  -0.8822236  0.056522027402035754
1.556211  -0.8822236  -0.05641314134224281
1.6100160000000001  -0.8822236  0.06987923042846975
1.6648209999999999  -0.8822236  -0.04418785967109501
1.718729  -0.8822236  0.05434123199343127
1.772543  -0.8822236  -0.0627937219520544
1.827382  -0.8822236  0.029972466124004983
1.881375  -0.8822236  -0.05432308145620128
1.935225  -0.8822236  0.06926178383947455
1.990005  -0.8822236  0.0447287256320974
2.004866  -0.8822236  0.28334455509504447
-0.962672  -0.962672  0.25194949678117823
-0.908019  -0.962672  0.1657691963932692
-0.854163  -0.962672  0.06786479470008767
-0.8002931  -0.962672  0.02582028694699331
-0.7454661  -0.962672  0.029042195437656244
-0.6916281  -0.962672  0.022209016377498118
-0.6377723  -0.962672  -0.0007959718704297396
-0.5828148999999999  -0.962672  0.0316620724805464
-0.5289442  -0.962672  0.049073467218575806
-0.4750934  -0.962672  0.053075752301741615
-0.42020850000000004  -0.962672  0.02922877217442989
-0.3663578  -0.962672  0.0709834601181815
-0.3125193  -0.962672  0.05678840818024214
-0.25763260000000004  -0.962672  0.11048957030582883
-0.2038333  -0.962672  0.08469709673016493
-0.14991970000000002  -0.962672  0.13666800701437876
-0.0951413  -0.962672  0.1011521628166824
-0.04125378  -0.962672  0.13483030296319948
0.01263148  -0.962672  0.09786695939941653
0.06747193  -0.962672  0.12698605143396735
0.121309  -0.962672  0.07932919929414903
0.1752009  -0.962672  0.0808841137210111
0.2300333  -0.962672  0.09452460815196148
0.28381259999999997  -0.962672  0.1620914261650641
0.33775259999999996  -0.962672  0.10070646227890125
0.39257729999999996  -0.962672  0.09429253294862079
0.4464398  -0.962672  0.06958301567055342
0.5003843  -0.962672  0.07433871058223979
0.5551301  -0.962672  0.05995780712800046
0.6089901  -0.962672  0.08675487325897542
0.6629366999999999  -0.962672  0.05294426526973135
0.7168033  -0.962672  0.0373076625796117
0.7716376  -0.962672  0.0527402005695398
0.8254880000000001  -0.962672  0.04321388246598505
0.8793751999999999  -0.962672  0.060504665795698936
0.9341679  -0.962672  0.05757433874981783
0.9880249999999999  -0.962672  0.06168369757060698
1.041942  -0.962672  0.04260521058211023
1.096807  -0.962672  0.018491823229244718
1.150679  -0.962672  0.0425227372453778
1.204555  -0.962672  0.04255765247552578
1.2594539999999999  -0.962672  0.04511503239143441
1.313266  -0.962672  0.019652098908925955
1.367109  -0.962672  0.04314559641601161
1.422006  -0.962672  0.02019796095458465
1.475808  -0.962672  0.01732410516202001
1.529689  -0.962672  -0.0005014279516106031
1.584553  -0.962672  0.050655536241739775
1.638399  -0.962672  -0.029265021306090152
1.692291  -0.962672  0.02380568805885595
1.7470830000000002  -0.962672  -0.03228813815643554
1.8009190000000002  -0.962672  0.016931504742232272
1.854933  -0.962672  -0.04520205683789569
1.909721  -0.962672  0.0038069744698654593
1.9635799999999999  -0.962672  0.0035262422515848868
2.004762  -0.962672  0.2665212142128218
-1.0419990000000001  -1.0419990000000001  0.13974007769741703
-0.9883202999999999  -1.0419990000000001  0.11229337067922761
-0.9344505000000001  -1.0419990000000001  0.07009508107950091
-0.8795748999999999  -1.0419990000000001  0.04750052589390918
-0.8257341  -1.0419990000000001  0.03479085747692213
-0.7718424  -1.0419990000000001  -0.003260595594988912
-0.717091  -1.0419990000000001  0.018764140131375274
-0.6632138999999999  -1.0419990000000001  0.00534256795455163
-0.6092222  -1.0419990000000001  0.03797019652826148
-0.5553527  -1.0419990000000001  0.04160473693071503
-0.5005453  -1.0419990000000001  0.05324680483965489
-0.446672  -1.0419990000000001  0.04363548642636096
-0.3927766  -1.0419990000000001  0.0690608609997574
-0.3379959  -1.0419990000000001  0.0696005744813479
-0.284055  -1.0419990000000001  0.10154068530104682
-0.2302473  -1.0419990000000001  0.10098463608017423
-0.1754042  -1.0419990000000001  0.11223099334825105
-0.12150749999999999  -1.0419990000000001  0.0868357244304999
-0.06770959  -1.0419990000000001  0.09846597517160212
-0.01286534  -1.0419990000000001  0.11197198123731786
0.041018070000000004  -1.0419990000000001  0.13924522930794056
0.09486768999999999  -1.0419990000000001  0.144396795044493
0.1497558  -1.0419990000000001  0.08090963002357088
0.20359950000000002  -1.0419990000000001  0.09077271677341339
0.2573963  -1.0419990000000001  0.08336637299575363
0.3122818  -1.0419990000000001  0.14248708376465818
0.36613619999999997  -1.0419990000000001  0.04290748769524303
0.4199739  -1.0419990000000001  0.10248700856692472
0.47486239999999996  -1.0419990000000001  0.047007079783994855
0.5287159  -1.0419990000000001  0.08077843372600976
0.5825621999999999  -1.0419990000000001  0.04639218683882113
0.637499  -1.0419990000000001  0.11139849021909547
0.6913425  -1.0419990000000001  0.041647426876210855
0.7452000000000001  -1.0419990000000001  0.06857144723091357
0.8000077999999999  -1.0419990000000001  0.0005349582033927615
0.8538475  -1.0419990000000001  0.0183386073716892
0.9076996  -1.0419990000000001  0.015511626928039136
0.9625815999999999  -1.0419990000000001  0.08229263746952083
1.0164819999999999  -1.0419990000000001  0.039918132314675635
1.0703479999999999  -1.0419990000000001  0.06807103389591418
1.125194  -1.0419990000000001  0.043617212601748966
1.179038  -1.0419990000000001  0.040575890054666795
1.233043  -1.0419990000000001  0.028271831561882416
1.2878399999999999  -1.0419990000000001  0.0054040526103811245
1.341645  -1.0419990000000001  0.04411865111410696
1.395511  -1.0419990000000001  -0.015521832545360156
1.449365  -1.0419990000000001  0.03259312961711618
1.504173  -1.0419990000000001  -0.013234487521776646
1.558091  -1.0419990000000001  0.08102159830179892
1.6119469999999998  -1.0419990000000001  -0.04306460429677603
1.6667480000000001  -1.0419990000000001  0.02590399613101185
1.720652  -1.0419990000000001  -0.05252638121807251
1.774467  -1.0419990000000001  0.02668890205092489
1.829296  -1.0419990000000001  0.0002371767732576949
1.883298  -1.0419990000000001  0.014919453723985438
1.937106  -1.0419990000000001  -0.09563983874818856
1.9919339999999999  -1.0419990000000001  -0.03889590921156259
2.004832  -1.0419990000000001  -0.052887461131037934
-1.1222539999999999  -1.1222539999999999  0.1633709436215565
-1.068669  -1.1222539999999999  0.10554123156458392
-1.014825  -1.1222539999999999  0.030578376825936004
-0.9599446  -1.1222539999999999  0.027037934190087636
-0.9059913  -1.1222539999999999  0.0035172156612480925
-0.8521516  -1.1222539999999999  0.005582823235372172
-0.7973224  -1.1222539999999999  0.02594703476550219
-0.7434767000000001  -1.1222539999999999  0.004965145008001343
-0.6896031  -1.1222539999999999  0.002805272712383245
-0.6347989  -1.1222539999999999  0.042138865692143423
-0.5808031  -1.1222539999999999  0.038441312739000186
-0.5269378  -1.1222539999999999  0.04863473115309986
-0.47215660000000004  -1.1222539999999999  0.03686069400636878
-0.41826409999999997  -1.1222539999999999  0.0728413774865427
-0.3644214  -1.1222539999999999  0.07279124185854279
-0.3095771  -1.1222539999999999  0.12006391404114998
-0.2556749  -1.1222539999999999  0.09229103253302624
-0.2018526  -1.1222539999999999  0.13701351412689322
-0.1469989  -1.1222539999999999  0.08170941054830859
-0.09314533  -1.1222539999999999  0.10919703476610773
-0.03926682  -1.1222539999999999  0.07322312235698149
0.014581289999999998  -1.1222539999999999  0.14400614628413536
0.06942789  -1.1222539999999999  0.09405584599009473
0.1232925  -1.1222539999999999  0.13679934492940968
0.17713050000000002  -1.1222539999999999  0.09074913012928763
0.23199789999999998  -1.1222539999999999  0.11859309812724388
0.2857622  -1.1222539999999999  0.045566127418585144
0.33969439999999995  -1.1222539999999999  0.07074062174278381
0.3945671  -1.1222539999999999  0.0867683227677986
0.4483972  -1.1222539999999999  0.09709944432647707
0.502266  -1.1222539999999999  0.07809013093491979
0.5571031000000001  -1.1222539999999999  0.00961396015766858
0.6109348  -1.1222539999999999  0.06569797168696034
0.6648777  -1.1222539999999999  0.02416240559892084
0.7197435000000001  -1.1222539999999999  0.08417291063021741
0.7736069  -1.1222539999999999  -0.0021731273331457393
0.8274278  -1.1222539999999999  0.05535575261973675
0.8822591999999999  -1.1222539999999999  -0.041615155296562005
0.936105  -1.1222539999999999  0.08776467757562441
0.9899655  -1.1222539999999999  0.0014911421037798345
1.044874  -1.1222539999999999  0.08137810746350975
1.098751  -1.1222539999999999  -0.016790978982399448
1.152618  -1.1222539999999999  0.110533991695765
1.2074580000000001  -1.1222539999999999  -0.00526967838679318
1.2613789999999998  -1.1222539999999999  0.09759306653180161
1.315218  -1.1222539999999999  -0.03577141188063815
1.3700219999999999  -1.1222539999999999  0.040254870088386206
1.4238810000000002  -1.1222539999999999  -0.03285365236714381
1.477731  -1.1222539999999999  0.0378006463367669
1.5325799999999998  -1.1222539999999999  0.0048480111041010986
1.5864800000000001  -1.1222539999999999  0.015317198616356524
1.6403230000000002  -1.1222539999999999  0.019273508349300132
1.695212  -1.1222539999999999  -0.026344632415564062
1.749027  -1.1222539999999999  0.03845730883624273
1.802827  -1.1222539999999999  -0.038311369637528056
1.857807  -1.1222539999999999  0.07466599178919359
1.9116520000000001  -1.1222539999999999  -0.06717753074176432
1.965503  -1.1222539999999999  -0.05976842848517532
2.004723  -1.1222539999999999  -0.1399377423369474
-1.202567  -1.202567  0.11668875688202215
-1.148963  -1.202567  0.07133697163000596
-1.095134  -1.202567  0.026848290534686334
-1.040259  -1.202567  0.019142748903795366
-0.9863555  -1.202567  0.037274524615810295
-0.9324893  -1.202567  -0.013556177657325853
-0.8775946  -1.202567  -0.008700213389886241
-0.8237569  -1.202567  -0.014359497542623003
-0.7698985  -1.202567  0.02885754783594297
-0.7150943  -1.202567  -0.007052806401656245
-0.6612197  -1.202567  0.05119227130895647
-0.6072118000000001  -1.202567  0.022065243363166086
-0.5523802  -1.202567  0.05228522544098998
-0.49830919999999995  -1.202567  0.017075449874726215
-0.4447103  -1.202567  0.08984651648617804
-0.3898877  -1.202567  0.09025463448759673
-0.3360365  -1.202567  0.12465252300151067
-0.2821021  -1.202567  0.08399231206649872
-0.2273134  -1.202567  0.1207867122059811
-0.17344659999999998  -1.202567  0.12373113197639526
-0.1195731  -1.202567  0.11544734784084891
-0.06474511  -1.202567  0.09689324372638829
-0.010879860000000002  -1.202567  0.07294337140019508
0.04297391  -1.202567  0.10895652203962758
0.09780834000000001  -1.202567  0.053737011530049374
0.15166739999999998  -1.202567  0.12239385645350075
0.2055535  -1.202567  0.10214085989249054
0.2603757  -1.202567  0.08287971863558898
0.3142407  -1.202567  0.002841078718008895
0.3680953  -1.202567  0.07597692162594251
0.4229077  -1.202567  0.07970686900272582
0.47680669999999997  -1.202567  0.07842061643104092
0.5306812  -1.202567  0.035603003735253914
0.5855108  -1.202567  0.020236045457650315
0.6394641  -1.202567  0.014046905264389238
0.6933279999999999  -1.202567  0.01719102983062163
0.7471228  -1.202567  0.02158953941958478
0.8019387  -1.202567  0.03831052375423748
0.8558129  -1.202567  0.05304880900448409
0.9096483  -1.202567  0.015271807588308539
0.9645294  -1.202567  0.02927427390088677
1.018445  -1.202567  0.012219626649549288
1.072299  -1.202567  0.01626707922921039
1.1271410000000002  -1.202567  -0.004176411710640274
1.18099  -1.202567  0.017687201070654
1.234988  -1.202567  0.05970435587387303
1.289786  -1.202567  0.07853877187379976
1.3435899999999998  -1.202567  0.0406159147128528
1.3974469999999999  -1.202567  0.008726861362952362
1.452291  -1.202567  0.03062212493817683
1.50612  -1.202567  -0.017415499003349315
1.560017  -1.202567  0.018436593491168028
1.614877  -1.202567  0.01086998857183186
1.668683  -1.202567  -0.03478113028066738
1.722581  -1.202567  0.029375934690322666
1.777383  -1.202567  0.017777578922681843
1.831224  -1.202567  0.017761223923939938
1.8852229999999999  -1.202567  -0.012147223068561114
1.9401089999999999  -1.202567  -0.026810077979724605
1.993856  -1.202567  -0.06605988611149888
2.004804  -1.202567  0.06395178807988859
-1.2829139999999999  -1.2829139999999999  0.08112204570627779
-1.229338  -1.2829139999999999  0.06028291827180199
-1.1744169999999998  -1.2829139999999999  0.01850952937036572
-1.1205589999999999  -1.2829139999999999  0.02792199280316797
-1.066693  -1.2829139999999999  -0.0058763031624146245
-1.011838  -1.2829139999999999  0.0007549347833788573
-0.9579314000000001  -1.2829139999999999  0.0016511716664808958
-0.9040313999999999  -1.2829139999999999  -0.0022118924054679995
-0.8492147  -1.2829139999999999  -0.02907682425438362
-0.7953332000000001  -1.2829139999999999  -0.00034408728392814556
-0.7415071000000001  -1.2829139999999999  0.013846786871520085
-0.6876334000000001  -1.2829139999999999  0.02684426177334458
-0.6328167  -1.2829139999999999  0.011944121503699402
-0.5788384999999999  -1.2829139999999999  0.05811990565842429
-0.5249918  -1.2829139999999999  0.04145954670454867
-0.47015660000000004  -1.2829139999999999  0.08610638025503504
-0.4162611  -1.2829139999999999  0.07745817320451079
-0.3624402  -1.2829139999999999  0.10365524545645685
-0.3075955  -1.2829139999999999  0.07534752260879586
-0.2537217  -1.2829139999999999  0.11412979440914613
-0.19990360000000001  -1.2829139999999999  0.10045819057237068
-0.1450379  -1.2829139999999999  0.13475550767691483
-0.09118692  -1.2829139999999999  0.065618846637156
-0.03728714  -1.2829139999999999  0.11954336696259414
0.01756402  -1.2829139999999999  0.04775465745496672
0.07138065  -1.2829139999999999  0.11039681203537985
0.1252063  -1.2829139999999999  0.04152502849512789
0.1800603  -1.2829139999999999  0.09638280146322642
0.2339645  -1.2829139999999999  0.05732090983749896
0.2877726  -1.2829139999999999  0.049281336582143745
0.34262509999999996  -1.2829139999999999  0.0419593155663193
0.3964792  -1.2829139999999999  0.0319919018946991
0.45034789999999997  -1.2829139999999999  0.02983111813968679
0.5052004  -1.2829139999999999  0.03455860284226227
0.5590666999999999  -1.2829139999999999  0.057851774491525246
0.6128968  -1.2829139999999999  -0.006976227726267455
0.6678057  -1.2829139999999999  0.022425186375000485
0.7216760000000001  -1.2829139999999999  0.013697532959720395
0.7755157  -1.2829139999999999  0.008990925614165658
0.8303482  -1.2829139999999999  0.035602951787595205
0.8843178  -1.2829139999999999  0.054561478188704375
0.9380835  -1.2829139999999999  0.016821011686957356
0.9928911  -1.2829139999999999  -0.012087256714436537
1.0468  -1.2829139999999999  0.04214894057031265
1.100702  -1.2829139999999999  0.02758044526648056
1.155537  -1.2829139999999999  0.0071018798784032834
1.209413  -1.2829139999999999  -0.019724659265261853
1.263395  -1.2829139999999999  0.05902608992164895
1.317188  -1.2829139999999999  0.08064346319792846
1.371954  -1.2829139999999999  0.025738952767580772
1.425822  -1.2829139999999999  0.039636492111176
1.479694  -1.2829139999999999  -0.021536021795540143
1.5345360000000001  -1.2829139999999999  0.017403778647115647
1.5884310000000001  -1.2829139999999999  -0.011963133898838225
1.64226  -1.2829139999999999  0.013720180639740879
1.697121  -1.2829139999999999  -0.061952842539952264
1.750949  -1.2829139999999999  0.040881099769920486
1.804755  -1.2829139999999999  0.06079098425005473
1.85975  -1.2829139999999999  -0.023365488586645507
1.91359  -1.2829139999999999  0.044714948794214275
1.9674200000000002  -1.2829139999999999  -0.032980261183271416
2.004704  -1.2829139999999999  0.08795348182908677
-1.3632090000000001  -1.3632090000000001  0.08475610901675334
-1.309574  -1.3632090000000001  0.05718551211982126
-1.254766  -1.3632090000000001  0.04302580637460547
-1.200852  -1.3632090000000001  0.022175727305159352
-1.146989  -1.3632090000000001  0.012444575870150623
-1.0921679999999998  -1.3632090000000001  0.007137324947418147
-1.038271  -1.3632090000000001  0.013317149044450841
-0.9843644  -1.3632090000000001  -0.042201767577143494
-0.9295255  -1.3632090000000001  -0.0036682369866689246
-0.8756423999999999  -1.3632090000000001  -0.03492121922952891
-0.8217926999999999  -1.3632090000000001  -0.0017733352527889688
-0.7669334  -1.3632090000000001  0.0012846840494205021
-0.7131143  -1.3632090000000001  0.034164590284447634
-0.6592394  -1.3632090000000001  -0.0010126066502668708
-0.6042725  -1.3632090000000001  0.03443083541191687
-0.5504229  -1.3632090000000001  0.06275805418442723
-0.4965641  -1.3632090000000001  0.08256168501032124
-0.4417333  -1.3632090000000001  0.08303399308132758
-0.3878277  -1.3632090000000001  0.0494866971145693
-0.33402699999999996  -1.3632090000000001  0.08467385981802951
-0.27917149999999996  -1.3632090000000001  0.08483083616343536
-0.2253383  -1.3632090000000001  0.12631736820256506
-0.17147810000000002  -1.3632090000000001  0.05574833573310455
-0.1176196  -1.3632090000000001  0.10387676825424817
-0.06276744  -1.3632090000000001  0.061988988511765965
-0.008909698  -1.3632090000000001  0.0905769791784024
0.04494008  -1.3632090000000001  0.05118279378329736
0.09976257  -1.3632090000000001  0.07845437232456647
0.1536291  -1.3632090000000001  0.02923376850812817
0.2075203  -1.3632090000000001  0.04252103782111931
0.2622959  -1.3632090000000001  0.03051461853576958
0.3162088  -1.3632090000000001  0.0756446075746917
0.3700239  -1.3632090000000001  0.04354111304522868
0.4248621  -1.3632090000000001  -0.0008338006685923841
0.4787423  -1.3632090000000001  0.01630009827512933
0.5326113  -1.3632090000000001  0.026422430278954308
0.5874664  -1.3632090000000001  0.03908409827472504
0.6413807  -1.3632090000000001  -0.010549258908796082
0.6952473  -1.3632090000000001  0.0495249484633948
0.7500739999999999  -1.3632090000000001  -0.005981245198135371
0.8038896  -1.3632090000000001  -0.012719339746813604
0.8577726  -1.3632090000000001  -0.007519198411973134
0.9125827000000001  -1.3632090000000001  0.04749822468118154
0.9664699000000001  -1.3632090000000001  -0.028335616735182548
1.0203740000000001  -1.3632090000000001  0.041417709894338725
1.075218  -1.3632090000000001  0.021667164829211733
1.1290719999999999  -1.3632090000000001  0.08660597765376502
1.182938  -1.3632090000000001  -0.026354661417668422
1.237885  -1.3632090000000001  0.03590265174956132
1.291698  -1.3632090000000001  -0.001094698005107781
1.3455519999999999  -1.3632090000000001  0.04722707859037471
1.400363  -1.3632090000000001  0.031123991168945736
1.4542190000000002  -1.3632090000000001  0.008828254298664937
1.5081010000000001  -1.3632090000000001  0.037673181050560195
1.562927  -1.3632090000000001  -0.061421576635630866
1.616798  -1.3632090000000001  0.051939548606277315
1.6706320000000001  -1.3632090000000001  -0.017863115563960974
1.725481  -1.3632090000000001  0.03345172866756284
1.7793160000000001  -1.3632090000000001  0.010419266643971492
1.8331579999999998  -1.3632090000000001  0.014518833661573239
1.8871790000000002  -1.3632090000000001  0.045447040419208634
1.941954  -1.3632090000000001  0.0013564480863801557
1.9958030000000002  -1.3632090000000001  -0.11751347609828339
2.004788  -1.3632090000000001  -0.1572567812846093
-1.4434639999999999  -1.4434639999999999  0.08715477693741262
-1.389853  -1.4434639999999999  0.06616500115286801
-1.335033  -1.4434639999999999  0.009904693098938896
-1.2811700000000001  -1.4434639999999999  0.009704479120614779
-1.2272370000000001  -1.4434639999999999  0.0026061569672406223
-1.172428  -1.4434639999999999  0.00044620671250189905
-1.11859  -1.4434639999999999  -0.0032715560548761224
-1.0646520000000002  -1.4434639999999999  0.018366265620367226
-1.0099099999999999  -1.4434639999999999  -0.026093334310259446
-0.9559872  -1.4434639999999999  -0.019890686369238512
-0.9020589999999999  -1.4434639999999999  -0.02622490601527396
-0.8472388999999999  -1.4434639999999999  0.023048581565403604
-0.7933685  -1.4434639999999999  -0.0228376935740219
-0.7395266  -1.4434639999999999  0.021369046316685552
-0.6846924  -1.4434639999999999  -0.00653784080583216
-0.6308436000000001  -1.4434639999999999  0.04605808590464346
-0.5768687  -1.4434639999999999  0.029168071296592983
-0.5220197  -1.4434639999999999  0.06437580332095098
-0.4681796  -1.4434639999999999  0.06460513997060316
-0.4142709  -1.4434639999999999  0.06679307207634481
-0.3594804  -1.4434639999999999  0.0778285080280044
-0.3055348  -1.4434639999999999  0.0784245134676275
-0.2517445  -1.4434639999999999  0.10616791720847865
-0.196963  -1.4434639999999999  0.053218547683080035
-0.14302969999999998  -1.4434639999999999  0.08130422993243112
-0.0892225  -1.4434639999999999  0.04419868223569485
-0.034364469999999994  -1.4434639999999999  0.0490332750092033
0.019524200000000002  -1.4434639999999999  0.04102310892128937
0.07334449999999999  -1.4434639999999999  0.018401974454041434
0.1281798  -1.4434639999999999  0.05753374857298931
0.1820397  -1.4434639999999999  0.003949492307181732
0.2359015  -1.4434639999999999  0.03684683739369939
0.2907025  -1.4434639999999999  0.04977339995811556
0.3445756  -1.4434639999999999  0.042357171288094936
0.3984357  -1.4434639999999999  0.05959930325164281
0.45330380000000003  -1.4434639999999999  -0.013025320678089982
0.5071598  -1.4434639999999999  0.014290457545769839
0.5610079  -1.4434639999999999  -0.010734467256389775
0.6148759  -1.4434639999999999  0.04620943857995228
0.669741  -1.4434639999999999  -0.024477215722752764
0.723626  -1.4434639999999999  0.04330802017986935
0.7774647  -1.4434639999999999  -0.03906161057259834
0.8322888  -1.4434639999999999  0.020176079011357657
0.8861561  -1.4434639999999999  -0.01645979339859842
0.9400356000000001  -1.4434639999999999  -0.0028902105976129594
0.9948303  -1.4434639999999999  0.0020772511929411756
1.048748  -1.4434639999999999  -6.431968497972963e-5
1.102636  -1.4434639999999999  0.06992746953714196
1.1574790000000001  -1.4434639999999999  -0.007293472247387099
1.211358  -1.4434639999999999  0.054150275785533324
1.265261  -1.4434639999999999  -0.06155163415696281
1.3200820000000002  -1.4434639999999999  0.025555785476276165
1.373912  -1.4434639999999999  -0.016343693700426633
1.4277650000000002  -1.4434639999999999  0.09396772473230192
1.482587  -1.4434639999999999  0.0841741202382222
1.536491  -1.4434639999999999  0.01376251216882139
1.59036  -1.4434639999999999  -0.012259807137406424
1.645168  -1.4434639999999999  0.004956546047553666
1.699073  -1.4434639999999999  0.09574799867179086
1.7529190000000001  -1.4434639999999999  -0.04710272110241611
1.807683  -1.4434639999999999  -0.013925867137728053
1.861673  -1.4434639999999999  0.0037406563509069742
1.915514  -1.4434639999999999  -0.03592279479332087
1.9703389999999998  -1.4434639999999999  -0.08998425185427063
2.004693  -1.4434639999999999  -0.2298165239836836
-1.523759  -1.523759  0.0395683310756707
-1.469167  -1.523759  0.03401100582840474
-1.415301  -1.523759  0.033920251370490644
-1.3614249999999999  -1.523759  0.00855592768637125
-1.3065909999999998  -1.523759  -0.018252168288097847
-1.252797  -1.523759  -0.017453383996360067
-1.198802  -1.523759  -0.01126036463917992
-1.14399  -1.523759  -0.0037356658146211565
-1.090177  -1.523759  -0.0098361638887263
-1.036293  -1.523759  -0.02024838111704897
-0.9814387  -1.523759  -0.015106584828719806
-0.9275665000000001  -1.523759  -0.007294447038601497
-0.8736794999999999  -1.523759  0.04509125004423852
-0.8198103999999999  -1.523759  0.01557770203367821
-0.7649564  -1.523759  -0.0011451773394460655
-0.7111592000000001  -1.523759  -0.020135224930374333
-0.6572847  -1.523759  0.030091223656503286
-0.6023227000000001  -1.523759  0.03228733344032656
-0.548462  -1.523759  0.029149356963512636
-0.4946053  -1.523759  0.04561477525393515
-0.4397651  -1.523759  0.05161061515050088
-0.3859197  -1.523759  0.09707806734352661
-0.332063  -1.523759  0.04816368932399206
-0.2771671  -1.523759  0.09154064876286445
-0.2233873  -1.523759  0.01783339410273481
-0.1695026  -1.523759  0.08813689439125566
-0.1146249  -1.523759  0.01978815838454606
-0.06080885  -1.523759  0.06499680632210612
-0.0069502340000000004  -1.523759  0.04066233637161322
0.04788943  -1.523759  0.016018817020055243
0.1017536  -1.523759  0.02876668767388744
0.15563659999999999  -1.523759  -0.012904488049169814
0.2104357  -1.523759  0.058759978140502975
0.2642675  -1.523759  0.019208012033201972
0.318195  -1.523759  0.01792324812890215
0.3729636  -1.523759  -0.007232010078518168
0.4268206  -1.523759  0.03332218803221004
0.48071030000000003  -1.523759  -0.015095369432101748
0.5355478  -1.523759  -0.000830989362762022
0.5894305000000001  -1.523759  0.023835367252771668
0.6433265  -1.523759  0.022508768242816512
0.6981811  -1.523759  0.009381336610780113
0.751973  -1.523759  -0.021870487454854374
0.8058358  -1.523759  0.04001319418447513
0.8606843  -1.523759  -0.03197069803114064
0.9145252  -1.523759  0.019418499144526806
0.9683982999999999  -1.523759  -0.025220728064371763
1.023318  -1.523759  0.0160946287520522
1.077209  -1.523759  -0.045345297307367013
1.131023  -1.523759  0.021465162790192564
1.184875  -1.523759  0.01482408328795177
1.239854  -1.523759  -0.01676601000328544
1.293634  -1.523759  -0.030996925132055386
1.347491  -1.523759  -0.056273656264993165
1.4023219999999998  -1.523759  0.08790518654868325
1.456168  -1.523759  0.05885400497037664
1.510003  -1.523759  0.1260289244757003
1.564874  -1.523759  -0.021495916503417777
1.618737  -1.523759  0.03849132920602267
1.672582  -1.523759  0.06889844697450674
1.727423  -1.523759  -0.03837790441618014
1.781242  -1.523759  -0.028412044646846095
1.835118  -1.523759  -0.06469055483807488
1.890057  -1.523759  0.03316386096191395
1.943908  -1.523759  -0.09299037587097934
1.997925  -1.523759  -0.05775617591598962
2.004775  -1.523759  0.3322792875751136
-1.6040969999999999  -1.6040969999999999  0.06829591841537551
-1.549464  -1.6040969999999999  0.034834204122432176
-1.495576  -1.6040969999999999  0.00830420089754574
-1.441763  -1.6040969999999999  0.022440369502123608
-1.386925  -1.6040969999999999  0.01285024937190928
-1.333045  -1.6040969999999999  -0.016674132520987355
-1.279196  -1.6040969999999999  -0.015717361145788724
-1.224256  -1.6040969999999999  -0.022992751090238326
-1.170306  -1.6040969999999999  0.000872770852345844
-1.116592  -1.6040969999999999  -0.001150592778217078
-1.06173  -1.6040969999999999  -0.009401399440484865
-1.007911  -1.6040969999999999  -0.012187188480111601
-0.9540114999999999  -1.6040969999999999  -0.01635345682690976
-0.8991115999999999  -1.6040969999999999  0.019264595017713135
-0.8452849  -1.6040969999999999  -0.009550147350450481
-0.7914266  -1.6040969999999999  0.03896907971921834
-0.7366086000000001  -1.6040969999999999  -0.031770537461744235
-0.682739  -1.6040969999999999  0.0527528375843443
-0.628894  -1.6040969999999999  0.015591115910288588
-0.5739122  -1.6040969999999999  0.0429911733106345
-0.5200967000000001  -1.6040969999999999  0.016077570327792466
-0.4662337  -1.6040969999999999  0.022591749699737502
-0.4113585  -1.6040969999999999  0.06404588028247743
-0.3575233  -1.6040969999999999  0.031204811694386398
-0.3035686  -1.6040969999999999  0.07531641792831903
-0.2488257  -1.6040969999999999  -0.014307940229942123
-0.1950114  -1.6040969999999999  0.06999241020461593
-0.14112280000000002  -1.6040969999999999  -0.002092801994826025
-0.08726157999999999  -1.6040969999999999  0.08681678190129012
-0.03241731  -1.6040969999999999  0.042018627103013906
0.021487179999999998  -1.6040969999999999  0.0365588165059349
0.07533171  -1.6040969999999999  0.014920475511123603
0.13011140000000002  -1.6040969999999999  -0.016057112123228422
0.183985  -1.6040969999999999  0.05452139802033003
0.2378528  -1.6040969999999999  0.014969076738161311
0.2926472  -1.6040969999999999  0.01914536733891291
0.3466495  -1.6040969999999999  -0.028303174986799916
0.4003871  -1.6040969999999999  -0.008381017467799519
0.4552307  -1.6040969999999999  0.03150750182476761
0.5091095  -1.6040969999999999  -0.020637524721247007
0.5629726  -1.6040969999999999  0.03276946937652249
0.6179338  -1.6040969999999999  -0.014488178015612826
0.6717273  -1.6040969999999999  0.011633793515353387
0.725598  -1.6040969999999999  -0.033907551646175246
0.7803843  -1.6040969999999999  0.02234528092900677
0.8342478  -1.6040969999999999  -0.010614749625200589
0.8880944  -1.6040969999999999  0.0019015339576062035
0.9429953000000001  -1.6040969999999999  0.028676070230687516
0.9967963999999999  -1.6040969999999999  0.020662459332016905
1.050695  -1.6040969999999999  -0.042617188137595956
1.10557  -1.6040969999999999  -0.056598157286175205
1.159416  -1.6040969999999999  -0.0015470640462565259
1.213306  -1.6040969999999999  0.01770833073232051
1.268334  -1.6040969999999999  -0.00010608291997223993
1.3220779999999999  -1.6040969999999999  -0.015372169135170097
1.3758510000000002  -1.6040969999999999  0.0032834364927971983
1.430686  -1.6040969999999999  0.017165633546785217
1.48454  -1.6040969999999999  0.03492645950669771
1.53847  -1.6040969999999999  0.00016923190808548736
1.593299  -1.6040969999999999  0.08713691026584108
1.647135  -1.6040969999999999  0.030082550309330887
1.7010150000000002  -1.6040969999999999  0.022565782263874914
1.75578  -1.6040969999999999  -0.0498565783707807
1.809617  -1.6040969999999999  -0.044415012254483896
1.863653  -1.6040969999999999  0.046934225137341135
1.917465  -1.6040969999999999  0.021013020068402118
1.9722760000000001  -1.6040969999999999  0.015843458382170873
2.004695  -1.6040969999999999  0.07464905573723074
-1.68336  -1.68336  0.09643913225257728
-1.6297929999999998  -1.68336  0.02609809227122439
-1.575925  -1.68336  0.0007484359496908999
-1.522039  -1.68336  -0.004468413745167063
-1.467212  -1.68336  0.004753734223029926
-1.413347  -1.68336  0.0015501326210160403
-1.359477  -1.68336  0.003512554736009336
-1.3045989999999998  -1.68336  0.0051342814671073034
-1.250826  -1.68336  -0.009954552896258786
-1.196876  -1.68336  -0.0022967202337157316
-1.1420530000000002  -1.68336  -0.012996711505902828
-1.088202  -1.68336  0.0018843367597155974
-1.0343330000000002  -1.68336  -0.013131077930130379
-0.9794335999999999  -1.68336  0.018441529630477748
-0.9255471  -1.68336  -0.03256819409269375
-0.8717051  -1.68336  -0.017866018552041396
-0.8168925  -1.68336  -0.010784095361195453
-0.7629998  -1.68336  -0.00013964060092693043
-0.7092552  -1.68336  0.04260921106157921
-0.654351  -1.68336  0.0028479129994382424
-0.6003417  -1.68336  0.06882836776166477
-0.5464892  -1.68336  -0.012449481747363482
-0.49168270000000003  -1.68336  0.06520187963849054
-0.437799  -1.68336  -0.026705500791659738
-0.3839607  -1.68336  0.06572014267550097
-0.3291187  -1.68336  0.023411626724041682
-0.2751849  -1.68336  0.03843150732616606
-0.2214361  -1.68336  0.03428281636257737
-0.1665739  -1.68336  -0.033876641458148796
-0.1127084  -1.68336  0.08041971922047027
-0.0588596  -1.68336  -0.03010382612316392
-0.004014616  -1.68336  0.06082969152622817
0.0498515  -1.68336  -0.06252764178931679
0.1036661  -1.68336  0.046736138876964255
0.1585307  -1.68336  0.0247845053104903
0.2124241  -1.68336  0.020028032705891895
0.266216  -1.68336  0.03741313479353558
0.3211084  -1.68336  -0.05084111599426187
0.3749291  -1.68336  0.06382085837472443
0.4287786  -1.68336  -0.025776934859377067
0.4826719  -1.68336  0.04611384067296506
0.5375059  -1.68336  -0.0036378792668224956
0.5913945  -1.68336  0.014734473586271524
0.6453211999999999  -1.68336  -0.021052147156113952
0.7001285  -1.68336  -0.05729774945276063
0.7539355000000001  -1.68336  0.002635904169238788
0.8078152  -1.68336  -0.024426328602247093
0.8626395  -1.68336  0.0415832901978813
0.9165048  -1.68336  -0.033443679237805675
0.9703843000000001  -1.68336  0.02488670629118449
1.025253  -1.68336  -0.025205286925610294
1.079165  -1.68336  0.006184771037270731
1.132995  -1.68336  -0.05440296881351546
1.187819  -1.68336  -0.028931285990320008
1.241827  -1.68336  0.03338862101886901
1.295612  -1.68336  0.01644894546981097
1.350421  -1.68336  0.04713576386103306
1.404281  -1.68336  -0.0287045230930963
1.458121  -1.68336  -0.009551628832472675
1.5129670000000002  -1.68336  -0.05947771999291115
1.566867  -1.68336  0.038436945731966245
1.620695  -1.68336  0.0385234250269644
1.675521  -1.68336  0.01380868636162977
1.729421  -1.68336  0.052979762364113114
1.783198  -1.68336  0.006313656511128585
1.8380560000000001  -1.68336  0.02351277241543163
1.892107  -1.68336  0.03701693675161854
1.945862  -1.68336  0.0464973045586535
2.000711  -1.68336  0.056041163247694564
2.004788  -1.68336  0.012269949959665507
-1.763659  -1.763659  0.05425436372793091
-1.710098  -1.763659  0.044087528685001216
-1.656231  -1.763659  0.0013071055070353074
-1.601407  -1.763659  -0.01000373798431916
-1.547561  -1.763659  -0.006993504925050987
-1.493638  -1.763659  0.011489977831861333
-1.438788  -1.763659  0.0033389756243937018
-1.384963  -1.763659  0.015933921830814952
-1.331078  -1.763659  0.014383036200661194
-1.2762639999999998  -1.763659  0.014252256428370419
-1.222334  -1.763659  0.002865392579086163
-1.168466  -1.763659  -0.003097358625435791
-1.113645  -1.763659  -0.04323924670010255
-1.059728  -1.763659  -0.015011055879140837
-1.005915  -1.763659  -0.009548047066645996
-0.9510607999999999  -1.763659  0.005362805054910975
-0.8971545  -1.763659  -0.011815910539423472
-0.8432858  -1.763659  -0.0014318548813590788
-0.7894661  -1.763659  0.00900332761709013
-0.7346453000000001  -1.763659  -0.0011140897666890286
-0.6807753  -1.763659  0.0038612318734882805
-0.6269428  -1.763659  -0.0027945756552406175
-0.5719954  -1.763659  0.04004028167967793
-0.5181243  -1.763659  0.02807822306958319
-0.4642712  -1.763659  0.015410051562048657
-0.4093952  -1.763659  0.0031001821007681615
-0.3555432  -1.763659  0.019338822203029477
-0.30158569999999996  -1.763659  0.058713614517062404
-0.2468692  -1.763659  0.01738449257806296
-0.19304759999999999  -1.763659  0.02757272536909929
-0.13916810000000002  -1.763659  -0.023830310051335523
-0.08431532  -1.763659  0.01456374912014825
-0.0304663  -1.763659  -0.015632438626217514
0.02342147  -1.763659  -0.001000222186502207
0.07826770999999999  -1.763659  0.04755359089380832
0.132073  -1.763659  -0.003547971856928485
0.1859525  -1.763659  0.06196640881981541
0.2408393  -1.763659  -0.04363571384319744
0.2946037  -1.763659  0.022282222856645936
0.3484877  -1.763659  -0.0033116832979503156
0.4033106  -1.763659  0.02151836587149709
0.4571885  -1.763659  -0.0009565663174152567
0.511072  -1.763659  -0.003710203252338691
0.5659097000000001  -1.763659  0.002449001705895886
0.6198779  -1.763659  -0.013115607172279024
0.6736724000000001  -1.763659  0.02808602544804684
0.7284938  -1.763659  -0.03675100406955891
0.7823525  -1.763659  0.01763326074076974
0.8362518  -1.763659  -0.009999053591778377
0.8910305  -1.763659  0.020839558206336144
0.9449561999999999  -1.763659  -0.040635628939588185
0.9987612  -1.763659  -0.03440549593111885
1.0536269999999999  -1.763659  0.02415317769162752
1.107525  -1.763659  -0.023552810522928225
1.161391  -1.763659  -0.008335400001496648
1.215276  -1.763659  -0.052945799829483664
1.2701669999999998  -1.763659  0.05103393121154566
1.3240029999999998  -1.763659  0.0041595036089694705
1.37784  -1.763659  0.028993551672316997
1.432652  -1.763659  -0.02835139314246117
1.4865229999999998  -1.763659  -0.054751122184958395
1.540443  -1.763659  0.039591670347236076
1.595261  -1.763659  -0.028686877740652764
1.649096  -1.763659  0.001528081906001653
1.702981  -1.763659  0.016885034484315695
1.757763  -1.763659  0.07728876136002666
1.811591  -1.763659  0.07004594844439221
1.865616  -1.763659  -0.032908300259148975
1.920438  -1.763659  0.026972629181145243
1.9742449999999998  -1.763659  0.05868039706343732
2.004702  -1.763659  0.0865917360582633
-1.844007  -1.844007  -0.006248611939103621
-1.790353  -1.844007  0.012750853073390973
-1.736482  -1.844007  -0.004300494539353759
-1.681669  -1.844007  -0.012048118416434281
-1.6278409999999999  -1.844007  -0.008740149455029492
-1.574006  -1.844007  0.0054059805860586195
-1.519124  -1.844007  0.003205501343403538
-1.465259  -1.844007  0.003682901695504603
-1.4113900000000001  -1.844007  -0.00010271192801900549
-1.356547  -1.844007  0.012621427365439015
-1.302668  -1.844007  7.13250592340429e-5
-1.2488679999999999  -1.844007  0.003488236429666211
-1.193943  -1.844007  -0.0010193947256150109
-1.140089  -1.844007  -0.013707512438606429
-1.086215  -1.844007  -0.01944309929080194
-1.031392  -1.844007  0.0020874226941904562
-0.9774708000000001  -1.844007  -0.0009191527806740156
-0.9236163000000001  -1.844007  -0.008420664766287438
-0.8687648  -1.844007  -0.0029282388137268534
-0.8149276  -1.844007  0.01133680745052846
-0.761038  -1.844007  0.0037809688409899383
-0.7062617  -1.844007  -0.00516980403569647
-0.6523881  -1.844007  -0.0002589163306659991
-0.5984038  -1.844007  0.0013859209801900686
-0.5435664  -1.844007  0.03168261981544043
-0.48972340000000003  -1.844007  0.0007826971357571671
-0.43579809999999997  -1.844007  0.014592810219865273
-0.3810164  -1.844007  -0.009232342659941892
-0.3271797  -1.844007  0.032347917182586616
-0.2732531  -1.844007  0.0026620277360509623
-0.2194781  -1.844007  0.01987356145165914
-0.16463239999999998  -1.844007  0.02853748122015858
-0.1107436  -1.844007  -0.0035206192747865555
-0.05688599  -1.844007  0.014694906585207073
-0.002050327  -1.844007  -0.006615609580187228
0.051806069999999996  -1.844007  0.067993412172514
0.1056259  -1.844007  0.0075498954536180555
0.16050630000000002  -1.844007  0.019413774870008213
0.21436680000000002  -1.844007  -0.04266071886406901
0.26818020000000004  -1.844007  -0.015334447339731144
0.3230919  -1.844007  0.036505861265012714
0.37688170000000004  -1.844007  -0.011862626180989329
0.4307215  -1.844007  -0.005690020919601056
0.4856119  -1.844007  -0.00184430248125132
0.5394865999999999  -1.844007  -0.015743690651659446
0.5933436000000001  -1.844007  -0.016268900324248266
0.6482323999999999  -1.844007  0.01102795973095068
0.702098  -1.844007  0.03704946755039292
0.755891  -1.844007  -0.008272319113590578
0.8107234999999999  -1.844007  -0.01484426653388635
0.8646015  -1.844007  -0.0038756764371079295
0.9184512  -1.844007  0.0053808476487414774
0.9732961  -1.844007  -0.019606088606389002
1.027212  -1.844007  -0.016611244294077458
1.0811089999999999  -1.844007  0.01526353992294447
1.135927  -1.844007  0.0034295949939778365
1.189786  -1.844007  0.017126740939745394
1.24377  -1.844007  -0.04342213352779043
1.298533  -1.844007  0.03028802937764817
1.352399  -1.844007  0.02560956635809314
1.40623  -1.844007  -0.019666416956422936
1.461072  -1.844007  -0.034264145516425634
1.51491  -1.844007  -0.010014870309522627
1.568818  -1.844007  0.0822737345398069
1.623638  -1.844007  -0.048009966825607764
1.6774749999999998  -1.844007  -0.026063069743266037
1.731366  -1.844007  6.92709005468448e-5
1.785174  -1.844007  0.04389729403115901
1.840023  -1.844007  0.045040944185042155
1.893987  -1.844007  -0.07104730472864622
1.9478440000000001  -1.844007  0.08463556327615653
2.0027  -1.844007  0.23278767295969152
2.0048019999999998  -1.844007  -0.17857326597530745
-1.924289  -1.924289  0.10679627841639502
-1.870693  -1.924289  0.011348562376014578
-1.815777  -1.924289  -0.006000465345327719
-1.7619310000000001  -1.924289  0.003727618090436488
-1.708142  -1.924289  0.002895541204939416
-1.653304  -1.924289  -0.006263838676173754
-1.599443  -1.924289  0.025609163900111837
-1.545582  -1.924289  0.008181750919363531
-1.4916610000000001  -1.924289  -0.010249390466519782
-1.436836  -1.924289  -0.015889005875971144
-1.3830019999999998  -1.924289  -0.00374032716641518
-1.3291469999999999  -1.924289  -0.020577348615778656
-1.2742950000000002  -1.924289  -0.03444539920704191
-1.22036  -1.924289  -0.01041962383866648
-1.166509  -1.924289  -0.0021414162176438445
-1.111686  -1.924289  0.035890688447911705
-1.057819  -1.924289  0.015886869113378974
-1.003976  -1.924289  0.027332295710238458
-0.9490839999999999  -1.924289  -0.023206196331490334
-0.8951751  -1.924289  -0.020015675060048966
-0.8413296  -1.924289  -0.007584828326587053
-0.7865205999999999  -1.924289  -0.018327440806030628
-0.7326857999999999  -1.924289  0.0316110051439746
-0.6788122  -1.924289  -0.01075365987983243
-0.623993  -1.924289  0.04249864677616291
-0.5700001  -1.924289  -0.0373114028645517
-0.5161597  -1.924289  0.02288372987611838
-0.46134050000000004  -1.924289  0.0033831383387466917
-0.4074638  -1.924289  0.02211310012509178
-0.3535848  -1.924289  0.01777753399949388
-0.298693  -1.924289  -0.041038422795242474
-0.2448969  -1.924289  0.02865413884983028
-0.1909988  -1.924289  -0.018289842139008278
-0.136232  -1.924289  0.08512121295219822
-0.0823729  -1.924289  -0.0007510465460115374
-0.02849297  -1.924289  0.015656184372980633
0.026375810000000003  -1.924289  0.013035689368389843
0.08023134  -1.924289  -0.004197440276704558
0.1340562  -1.924289  0.0519319112107214
0.188899  -1.924289  -0.07426718841677087
0.2427498  -1.924289  -0.0015883330150179978
0.2965718  -1.924289  -0.014044200228781842
0.3514419  -1.924289  0.0500640484712105
0.4053118  -1.924289  -0.028576128192562035
0.4591626  -1.924289  -0.024673672081190617
0.5130268  -1.924289  0.03396221673316876
0.5678976  -1.924289  -0.03851505590977091
0.6218266  -1.924289  0.007187194280550629
0.6756390999999999  -1.924289  -0.049066918151016485
0.730649  -1.924289  0.040916850783446035
0.7842958  -1.924289  -0.030788729518350773
0.8381660000000001  -1.924289  0.0003024751642906987
0.8929903  -1.924289  0.00256680866746734
0.9469213  -1.924289  -0.004025314501276724
1.000731  -1.924289  0.027288507316084506
1.055604  -1.924289  -0.041867438770444104
1.109482  -1.924289  0.05066079964078985
1.163346  -1.924289  -0.006883864211780537
1.218201  -1.924289  -0.02287836018356998
1.272113  -1.924289  -0.028543367163093157
1.326017  -1.924289  0.03215710402941007
1.3807719999999999  -1.924289  0.03311525872070789
1.434599  -1.924289  -0.061841955249891674
1.488454  -1.924289  0.01618061106051342
1.543346  -1.924289  0.06554351088985043
1.5972149999999998  -1.924289  0.011643297455538703
1.651061  -1.924289  -0.03509163976187606
1.705912  -1.924289  -0.06766555893232748
1.7597070000000001  -1.924289  0.023634362720370183
1.8135519999999998  -1.924289  0.034305064074306085
1.8685239999999999  -1.924289  -0.05922633210680466
1.922383  -1.924289  -0.007357526381850062
1.976213  -1.924289  0.19298447846571393
2.004712  -1.924289  0.22706371753680518
-2.004614  -2.004614  -0.09717573929271202
-1.9510029999999998  -2.004614  0.04184463357473267
-1.896167  -2.004614  0.031364607293325235
-1.842206  -2.004614  -0.012136887512135144
-1.788355  -2.004614  -0.015091503015657707
-1.733592  -2.004614  0.034632784240641895
-1.679701  -2.004614  0.013403145381227154
-1.6258800000000002  -2.004614  0.051384737970716396
-1.571036  -2.004614  0.012270033846606377
-1.517128  -2.004614  -0.011113161572781485
-1.463297  -2.004614  -0.027772101547399376
-1.4084590000000001  -2.004614  0.010388240360997404
-1.354575  -2.004614  -0.04790897816451313
-1.300719  -2.004614  -0.04653912877634539
-1.24591  -2.004614  -0.07799388539156527
-1.191939  -2.004614  0.0013910085912594223
-1.1381389999999998  -2.004614  0.047006399392884445
-1.0832899999999999  -2.004614  0.07110619747967109
-1.0294400000000001  -2.004614  0.024221289084775537
-0.9755191  -2.004614  -0.020658372034916637
-0.9216331  -2.004614  0.008899121573620355
-0.8667661000000001  -2.004614  -0.05539512126508582
-0.8129489  -2.004614  0.02747346312762179
-0.7590857999999999  -2.004614  -0.04376882766589103
-0.7043049  -2.004614  0.03900655024759799
-0.6504365  -2.004614  0.01713626917790293
-0.5964240999999999  -2.004614  -0.01110463722755129
-0.5415620999999999  -2.004614  -0.011800654006515941
-0.4877602  -2.004614  -0.006364489760293029
-0.4338826  -2.004614  0.12089447648809937
-0.3790637  -2.004614  -0.039094166065904226
-0.32518830000000004  -2.004614  0.021980569073709846
-0.2712843  -2.004614  -0.07219740465992494
-0.2165448  -2.004614  0.030076271970452886
-0.1626704  -2.004614  0.04433378245558207
-0.1087957  -2.004614  0.03321093788130071
-0.05395034  -2.004614  0.07544497598917665
-7.354291999999999e-5  -2.004614  -0.08658424100018122
0.05382594  -2.004614  0.01947281439894173
0.108571  -2.004614  -0.032901937686915995
0.1624476  -2.004614  0.05354332522600316
0.2163244  -2.004614  -0.025424112308386586
0.2711295  -2.004614  -0.0528629625788887
0.3250468  -2.004614  0.06471140974555357
0.3788636  -2.004614  -0.05535584632207647
0.433678  -2.004614  0.03756147776220394
0.4875594  -2.004614  -0.06533191854226088
0.5414403  -2.004614  0.08036974024702358
0.5962422  -2.004614  -0.04131349798004431
0.6501931  -2.004614  -0.084261057128606
0.7040801  -2.004614  -0.05201660711873855
0.7588328  -2.004614  0.004823117659962189
0.8127061  -2.004614  0.07868182180131736
0.8665516  -2.004614  -0.09756696978431185
0.9213973  -2.004614  0.084730646550991
0.9752791999999999  -2.004614  -0.05500517745749482
1.029182  -2.004614  0.0614966831775601
1.083059  -2.004614  -0.019320437879881063
1.137891  -2.004614  -0.0010906162425782353
1.191774  -2.004614  -0.04330413292594463
1.245701  -2.004614  -0.08929271385402182
1.300513  -2.004614  0.08760758811676325
1.354411  -2.004614  -0.05289475151340555
1.408188  -2.004614  0.03256338274692836
1.4630319999999999  -2.004614  0.001574726140893022
1.516857  -2.004614  0.08667895827046529
1.570778  -2.004614  0.07546155938991769
1.625594  -2.004614  -0.08667587220477257
1.679432  -2.004614  -0.023839493005744786
1.733308  -2.004614  -0.029563304068966376
1.788094  -2.004614  0.0774268060101807
1.84195  -2.004614  -0.0325330577938072
1.8959380000000001  -2.004614  -0.11267284838169307
1.950765  -2.004614  0.16680425833356
2.004618  -2.004614  0.32381153395363166
