2.006295  2.006295  0.2326804
1.926149  1.926149  0.2315941
1.926149  2.006295  0.2326804

1.845812  1.845812  0.2304468
1.845812  1.926149  0.23149818670694158
1.845812  2.006295  0.2328020138450851

1.765163  1.765163  0.2295009
1.765163  1.845812  0.2304792213848874
1.765163  1.926149  0.2307739174720931
1.765163  2.006295  0.2329240999998617

1.684771  1.684771  0.2281808
1.684771  1.765163  0.22952397904735544
1.684771  1.845812  0.2315233546523047
1.684771  1.926149  0.23193461552259173
1.684771  2.006295  0.2329252382201504

1.605387  1.605387  0.22679749999999999
1.605387  1.684771  0.2283041196208944
1.605387  1.765163  0.22868830263156012
1.605387  1.845812  0.23038552460422734
1.605387  1.926149  0.232746799229737
1.605387  2.006295  0.23292636216879456

1.524943  1.524943  0.22555519999999998
1.524943  1.605387  0.22719332240184256
1.524943  1.684771  0.22821852539167503
1.524943  1.765163  0.229270440735507
1.524943  1.845812  0.23030819456559087
1.524943  1.926149  0.23280471770810168
1.524943  2.006295  0.2329275011253189

1.444566  1.444566  0.22443359999999998
1.444566  1.524943  0.22580819557153484
1.444566  1.605387  0.2266770343141809
1.444566  1.684771  0.2280239932613472
1.444566  1.765163  0.2302887217584221
1.444566  1.845812  0.23136754433833567
1.444566  1.926149  0.23131232329330237
1.444566  2.006295  0.23292863913323197

1.3641969999999999  1.3641969999999999  0.2226277
1.3641969999999999  1.444566  0.22442965879930207
1.3641969999999999  1.524943  0.22596657740988155
1.3641969999999999  1.605387  0.22740172878179918
1.3641969999999999  1.684771  0.22802072162258233
1.3641969999999999  1.765163  0.23040237827149604
1.3641969999999999  1.845812  0.2315910438481802
1.3641969999999999  1.926149  0.231139990997318
1.3641969999999999  2.006295  0.23292977702787798

1.2838  1.2838  0.22105
1.2838  1.3641969999999999  0.22273350437559233
1.2838  1.444566  0.22448246099527397
1.2838  1.524943  0.22559338881633637
1.2838  1.605387  0.22690663526464647
1.2838  1.684771  0.2292943731359724
1.2838  1.765163  0.22916889134952179
1.2838  1.845812  0.231523665071855
1.2838  1.926149  0.2322642088775145
1.2838  2.006295  0.23293091531895863

1.2033070000000001  1.2033070000000001  0.2192225
1.2033070000000001  1.2838  0.22105688560157147
1.2033070000000001  1.3641969999999999  0.2227631780150895
1.2033070000000001  1.444566  0.22478291910034592
1.2033070000000001  1.524943  0.22536223756588372
1.2033070000000001  1.605387  0.22775456427291565
1.2033070000000001  1.684771  0.2289044662515293
1.2033070000000001  1.765163  0.22932278816984408
1.2033070000000001  1.845812  0.23207412579190587
1.2033070000000001  1.926149  0.23157057990833008
1.2033070000000001  2.006295  0.23293205496924346

1.122927  1.122927  0.21729759999999998
1.122927  1.2033070000000001  0.21878922966337433
1.122927  1.2838  0.2210215619325514
1.122927  1.3641969999999999  0.2233043987403918
1.122927  1.444566  0.22388396275455238
1.122927  1.524943  0.2257150298556914
1.122927  1.605387  0.22774617153452537
1.122927  1.684771  0.2280282018522469
1.122927  1.765163  0.2306294735191704
1.122927  1.845812  0.23062182871267015
1.122927  1.926149  0.23293536828207106
1.122927  2.006295  0.23293319301963167

1.042558  1.042558  0.2144336
1.042558  1.122927  0.21665458253655498
1.042558  1.2033070000000001  0.21843310093839038
1.042558  1.2838  0.22152391952868095
1.042558  1.3641969999999999  0.2223117830528584
1.042558  1.444566  0.22409612890702427
1.042558  1.524943  0.2264338907571871
1.042558  1.605387  0.22653842554871426
1.042558  1.684771  0.22976365892914782
1.042558  1.765163  0.22911574425195988
1.042558  1.845812  0.23199002071330369
1.042558  1.926149  0.23182398989632846
1.042558  2.006295  0.23293433091427768

0.9631484  0.9631484  0.2121294
0.9631484  1.042558  0.21438636721819734
0.9631484  1.122927  0.21701271965821972
0.9631484  1.2033070000000001  0.21910786479257913
0.9631484  1.2838  0.22016403048846786
0.9631484  1.3641969999999999  0.22332158228778404
0.9631484  1.444566  0.22297481607137665
0.9631484  1.524943  0.22686527704036047
0.9631484  1.605387  0.2264435839675882
0.9631484  1.684771  0.22892555186733954
0.9631484  1.765163  0.22939518662387337
0.9631484  1.845812  0.23174718808660927
0.9631484  1.926149  0.231885718019062
0.9631484  2.006295  0.2329354552253763

0.8827474  0.8827474  0.2085399
0.8827474  0.9631484  0.211489868058526
0.8827474  1.042558  0.2140566567972572
0.8827474  1.122927  0.2160896326762804
0.8827474  1.2033070000000001  0.21963930314426314
0.8827474  1.2838  0.21981046697602033
0.8827474  1.3641969999999999  0.22348563340354766
0.8827474  1.444566  0.22400238360507194
0.8827474  1.524943  0.22712608923087896
0.8827474  1.605387  0.22683941790041637
0.8827474  1.684771  0.22933601459630498
0.8827474  1.765163  0.22975331891571818
0.8827474  1.845812  0.23161954873399943
0.8827474  1.926149  0.232382055301124
0.8827474  2.006295  0.23293659357309043

0.8023994  0.8023994  0.20448149999999998
0.8023994  0.8827474  0.20767305841406256
0.8023994  0.9631484  0.21107673599832458
0.8023994  1.042558  0.21420579260273834
0.8023994  1.122927  0.21545087903811416
0.8023994  1.2033070000000001  0.2192266077396601
0.8023994  1.2838  0.2196885047249403
0.8023994  1.3641969999999999  0.2231794358652011
0.8023994  1.444566  0.22296868559626112
0.8023994  1.524943  0.2261604338655766
0.8023994  1.605387  0.2258002145663073
0.8023994  1.684771  0.22931862530250668
0.8023994  1.765163  0.22898438621185363
0.8023994  1.845812  0.2320189527721731
0.8023994  1.926149  0.23172155225296362
0.8023994  2.006295  0.23293773117041053

0.7221223  0.7221223  0.2000764
0.7221223  0.8023994  0.20369003605628372
0.7221223  0.8827474  0.20742412066393676
0.7221223  0.9631484  0.2097951011352836
0.7221223  1.042558  0.2137439617872788
0.7221223  1.122927  0.2155345879020546
0.7221223  1.2033070000000001  0.21914862120508688
0.7221223  1.2838  0.21989522744907516
0.7221223  1.3641969999999999  0.2237713709986494
0.7221223  1.444566  0.22319774543508525
0.7221223  1.524943  0.22677248315827614
0.7221223  1.605387  0.22612943928871027
0.7221223  1.684771  0.22870885896107868
0.7221223  1.765163  0.22916041965230483
0.7221223  1.845812  0.23074006623314622
0.7221223  1.926149  0.23204435204710785
0.7221223  2.006295  0.23293886776390166

0.6418588999999999  0.6418588999999999  0.1937476
0.6418588999999999  0.7221223  0.197519822966246
0.6418588999999999  0.8023994  0.20206414016811478
0.6418588999999999  0.8827474  0.2055215772625752
0.6418588999999999  0.9631484  0.20893046777414254
0.6418588999999999  1.042558  0.2124564133119667
0.6418588999999999  1.122927  0.21484599919731404
0.6418588999999999  1.2033070000000001  0.21828293591099404
0.6418588999999999  1.2838  0.22042385014261015
0.6418588999999999  1.3641969999999999  0.2223974202082162
0.6418588999999999  1.444566  0.22464326736521206
0.6418588999999999  1.524943  0.2251058161275824
0.6418588999999999  1.605387  0.22745668019213208
0.6418588999999999  1.684771  0.22784179238579524
0.6418588999999999  1.765163  0.23041599854495864
0.6418588999999999  1.845812  0.2299554221689517
0.6418588999999999  1.926149  0.23187757930637415
0.6418588999999999  2.006295  0.23294000416342303

0.5613486000000001  0.5613486000000001  0.1860887
0.5613486000000001  0.6418588999999999  0.19019630758353198
0.5613486000000001  0.7221223  0.19505182610586963
0.5613486000000001  0.8023994  0.19936660650867613
0.5613486000000001  0.8827474  0.20325074197955043
0.5613486000000001  0.9631484  0.207481065999893
0.5613486000000001  1.042558  0.21109817227757774
0.5613486000000001  1.122927  0.2141288829109698
0.5613486000000001  1.2033070000000001  0.21745677352763773
0.5613486000000001  1.2838  0.21901459085748087
0.5613486000000001  1.3641969999999999  0.2218654633670024
0.5613486000000001  1.444566  0.22272626510344334
0.5613486000000001  1.524943  0.22579043247937394
0.5613486000000001  1.605387  0.2259113712866993
0.5613486000000001  1.684771  0.22886932608064492
0.5613486000000001  1.765163  0.2287462979323408
0.5613486000000001  1.845812  0.23046846938724466
0.5613486000000001  1.926149  0.2322447907648496
0.5613486000000001  2.006295  0.23294114405864783

0.4810558  0.4810558  0.1766414
0.4810558  0.5613486000000001  0.18074837792321455
0.4810558  0.6418588999999999  0.1852554575484644
0.4810558  0.7221223  0.19149527473200284
0.4810558  0.8023994  0.19485571486591236
0.4810558  0.8827474  0.20042114160557364
0.4810558  0.9631484  0.2034257949808424
0.4810558  1.042558  0.20892595177502993
0.4810558  1.122927  0.21109311643274964
0.4810558  1.2033070000000001  0.2161243366455504
0.4810558  1.2838  0.2186691219500991
0.4810558  1.3641969999999999  0.22063617473541375
0.4810558  1.444566  0.22368389477577894
0.4810558  1.524943  0.22420563261322785
0.4810558  1.605387  0.2280314367484433
0.4810558  1.684771  0.22678402455422236
0.4810558  1.765163  0.23002501972348502
0.4810558  1.845812  0.23051089258218166
0.4810558  1.926149  0.23148912426104756
0.4810558  2.006295  0.23294228087442548

0.4006825  0.4006825  0.16549899999999998
0.4006825  0.4810558  0.16973414012781518
0.4006825  0.5613486000000001  0.17526753279132692
0.4006825  0.6418588999999999  0.18100589689434854
0.4006825  0.7221223  0.18490035664192686
0.4006825  0.8023994  0.1916647138359657
0.4006825  0.8827474  0.19531297654642968
0.4006825  0.9631484  0.20185489371979953
0.4006825  1.042558  0.20522412485198954
0.4006825  1.122927  0.21014112843699206
0.4006825  1.2033070000000001  0.21429283155711018
0.4006825  1.2838  0.21696335936228386
0.4006825  1.3641969999999999  0.22066500364018923
0.4006825  1.444566  0.22169867806591412
0.4006825  1.524943  0.22379937767177807
0.4006825  1.605387  0.2263942206401463
0.4006825  1.684771  0.22738332643904396
0.4006825  1.765163  0.2305877215609052
0.4006825  1.845812  0.2303139686707675
0.4006825  1.926149  0.23313539148349693
0.4006825  2.006295  0.23294341882995256

0.3213409  0.3213409  0.1529578
0.3213409  0.4006825  0.15717475640611447
0.3213409  0.4810558  0.16305086580999947
0.3213409  0.5613486000000001  0.16856307224143827
0.3213409  0.6418588999999999  0.1746868316008709
0.3213409  0.7221223  0.17991424923933963
0.3213409  0.8023994  0.18585636041975612
0.3213409  0.8827474  0.19166937058623387
0.3213409  0.9631484  0.1977021373234474
0.3213409  1.042558  0.2016671620830313
0.3213409  1.122927  0.20794533561966289
0.3213409  1.2033070000000001  0.21064637787955928
0.3213409  1.2838  0.21518695874865243
0.3213409  1.3641969999999999  0.2185586505152898
0.3213409  1.444566  0.22082010664773344
0.3213409  1.524943  0.22545095286400868
0.3213409  1.605387  0.22604930490211292
0.3213409  1.684771  0.2285827087122859
0.3213409  1.765163  0.2301621276026957
0.3213409  1.845812  0.229464043493022
0.3213409  1.926149  0.2325219295243468
0.3213409  2.006295  0.2329445421782815

0.2410303  0.2410303  0.1390169
0.2410303  0.3213409  0.14360967825379872
0.2410303  0.4006825  0.14976750975080574
0.2410303  0.4810558  0.15517178594328765
0.2410303  0.5613486000000001  0.16193678820210766
0.2410303  0.6418588999999999  0.16776768017251
0.2410303  0.7221223  0.17417240168225454
0.2410303  0.8023994  0.1798332396645685
0.2410303  0.8827474  0.18732385993692477
0.2410303  0.9631484  0.19194844793533009
0.2410303  1.042558  0.19874080231706118
0.2410303  1.122927  0.20264670446504487
0.2410303  1.2033070000000001  0.20851611894467587
0.2410303  1.2838  0.21407214461172225
0.2410303  1.3641969999999999  0.21655344661654313
0.2410303  1.444566  0.22217719191767468
0.2410303  1.524943  0.2238407428544376
0.2410303  1.605387  0.2263161802842507
0.2410303  1.684771  0.22854256868959505
0.2410303  1.765163  0.22764631896810797
0.2410303  1.845812  0.2306204567691626
0.2410303  1.926149  0.23182818390777182
0.2410303  2.006295  0.23294567924607829

0.1607374  0.1607374  0.1236972
0.1607374  0.2410303  0.12826482519778346
0.1607374  0.3213409  0.13471472894475153
0.1607374  0.4006825  0.14083783785712492
0.1607374  0.4810558  0.14758100547454814
0.1607374  0.5613486000000001  0.15334884061631068
0.1607374  0.6418588999999999  0.1612163577565512
0.1607374  0.7221223  0.16652903264031083
0.1607374  0.8023994  0.17436505939792657
0.1607374  0.8827474  0.18052685867687068
0.1607374  0.9631484  0.1876031496803609
0.1607374  1.042558  0.19431321183243908
0.1607374  1.122927  0.19946349418124215
0.1607374  1.2033070000000001  0.2070822657635082
0.1607374  1.2838  0.21257793337723982
0.1607374  1.3641969999999999  0.21649708327248426
0.1607374  1.444566  0.2209707731166916
0.1607374  1.524943  0.221975292785608
0.1607374  1.605387  0.22561871169239983
0.1607374  1.684771  0.2274332195934627
0.1607374  1.765163  0.22904497944394736
0.1607374  1.845812  0.23195091160825657
0.1607374  1.926149  0.23217673574152412
0.1607374  2.006295  0.2329468160632718

0.08043564  0.08043564  0.106775
0.08043564  0.1607374  0.11217429534369483
0.08043564  0.2410303  0.11788139830090788
0.08043564  0.3213409  0.12521498185161717
0.08043564  0.4006825  0.1311466417500762
0.08043564  0.4810558  0.13868798188979534
0.08043564  0.5613486000000001  0.14663531020930431
0.08043564  0.6418588999999999  0.1523045750769661
0.08043564  0.7221223  0.16086737642081203
0.08043564  0.8023994  0.16725437916378688
0.08043564  0.8827474  0.1749233824940086
0.08043564  0.9631484  0.18277512798075835
0.08043564  1.042558  0.18946915084067043
0.08043564  1.122927  0.19779047611868625
0.08043564  1.2033070000000001  0.2038113579894428
0.08043564  1.2838  0.21111063107960729
0.08043564  1.3641969999999999  0.21579309491505935
0.08043564  1.444566  0.21801930143850565
0.08043564  1.524943  0.22251258872272403
0.08043564  1.605387  0.22480382996278192
0.08043564  1.684771  0.22712729345304997
0.08043564  1.765163  0.23082011510476513
0.08043564  1.845812  0.23066452304936277
0.08043564  1.926149  0.2303336187474178
0.08043564  2.006295  0.2329479530059085

6.774577e-5  6.774577e-5  0.08907219
6.774577e-5  0.08043564  0.09373871219173059
6.774577e-5  0.1607374  0.10128483829095435
6.774577e-5  0.2410303  0.10812871721527094
6.774577e-5  0.3213409  0.11547388178106842
6.774577e-5  0.4006825  0.12191438098568422
6.774577e-5  0.4810558  0.13101383968823901
6.774577e-5  0.5613486000000001  0.13696502710414768
6.774577e-5  0.6418588999999999  0.14545882110181488
6.774577e-5  0.7221223  0.15325116289071353
6.774577e-5  0.8023994  0.16093893289096936
6.774577e-5  0.8827474  0.17068876533223062
6.774577e-5  0.9631484  0.17837437582730215
6.774577e-5  1.042558  0.1868814736473198
6.774577e-5  1.122927  0.19525082917568312
6.774577e-5  1.2033070000000001  0.20083802101207765
6.774577e-5  1.2838  0.20855982315435143
6.774577e-5  1.3641969999999999  0.2133952106332005
6.774577e-5  1.444566  0.21731345184810907
6.774577e-5  1.524943  0.223492383622798
6.774577e-5  1.605387  0.22528337014809172
6.774577e-5  1.684771  0.22634921662993945
6.774577e-5  1.765163  0.2288534879919723
6.774577e-5  1.845812  0.2304318582019706
6.774577e-5  1.926149  0.23163213146804723
6.774577e-5  2.006295  0.23294909088489865

-0.08029887  -0.08029887  0.07006152
-0.08029887  6.774577e-5  0.07513428055936153
-0.08029887  0.08043564  0.08248415482747971
-0.08029887  0.1607374  0.08967052128127255
-0.08029887  0.2410303  0.09790241960721661
-0.08029887  0.3213409  0.10516840283876791
-0.08029887  0.4006825  0.11407743368557527
-0.08029887  0.4810558  0.12109960639298892
-0.08029887  0.5613486000000001  0.12872482757121703
-0.08029887  0.6418588999999999  0.13874711654090965
-0.08029887  0.7221223  0.1470603103366277
-0.08029887  0.8023994  0.15614755294007418
-0.08029887  0.8827474  0.16553231472751498
-0.08029887  0.9631484  0.17307021114093507
-0.08029887  1.042558  0.18266471322864886
-0.08029887  1.122927  0.1910395985202656
-0.08029887  1.2033070000000001  0.1987821351103285
-0.08029887  1.2838  0.207923775758351
-0.08029887  1.3641969999999999  0.2129325807932053
-0.08029887  1.444566  0.21751660917911503
-0.08029887  1.524943  0.2216016987924377
-0.08029887  1.605387  0.22423963630713048
-0.08029887  1.684771  0.22651418812011276
-0.08029887  1.765163  0.230267614442662
-0.08029887  1.845812  0.2313297758554628
-0.08029887  1.926149  0.22990589460578
-0.08029887  2.006295  0.23295022874578786

-0.1605592  -0.1605592  0.049670009999999994
-0.1605592  -0.08029887  0.05398924966138182
-0.1605592  6.774577e-5  0.06230722028877262
-0.1605592  0.08043564  0.06926389293355911
-0.1605592  0.1607374  0.0789847845919035
-0.1605592  0.2410303  0.0858159056332199
-0.1605592  0.3213409  0.09566079916499973
-0.1605592  0.4006825  0.10367450311183629
-0.1605592  0.4810558  0.11186336734665836
-0.1605592  0.5613486000000001  0.12280024344423035
-0.1605592  0.6418588999999999  0.13182315485804844
-0.1605592  0.7221223  0.14081202756796338
-0.1605592  0.8023994  0.1517740998491398
-0.1605592  0.8827474  0.1595653191604105
-0.1605592  0.9631484  0.1689110008383401
-0.1605592  1.042558  0.1810177842801897
-0.1605592  1.122927  0.18897177731730747
-0.1605592  1.2033070000000001  0.19803301859367414
-0.1605592  1.2838  0.20581586393095225
-0.1605592  1.3641969999999999  0.21006792306735833
-0.1605592  1.444566  0.2160289977865467
-0.1605592  1.524943  0.22231002730579497
-0.1605592  1.605387  0.2249285228995228
-0.1605592  1.684771  0.22620509960552557
-0.1605592  1.765163  0.22887456099451123
-0.1605592  1.845812  0.2303517784025216
-0.1605592  1.926149  0.2316874126051676
-0.1605592  2.006295  0.232951365101843

-0.2408694  -0.2408694  0.028098009999999996
-0.2408694  -0.1605592  0.03257750562341091
-0.2408694  -0.08029887  0.03922178950721254
-0.2408694  6.774577e-5  0.048026121750296864
-0.2408694  0.08043564  0.05632309429157766
-0.2408694  0.1607374  0.06580975881380366
-0.2408694  0.2410303  0.07662582253163802
-0.2408694  0.3213409  0.08475198632490213
-0.2408694  0.4006825  0.09477294759435097
-0.2408694  0.4810558  0.10549165496461435
-0.2408694  0.5613486000000001  0.11488224167395167
-0.2408694  0.6418588999999999  0.12518709420619342
-0.2408694  0.7221223  0.13610977649110312
-0.2408694  0.8023994  0.14408126603147897
-0.2408694  0.8827474  0.1556285852993589
-0.2408694  0.9631484  0.16649294960609123
-0.2408694  1.042558  0.1763514066068831
-0.2408694  1.122927  0.18720058875722176
-0.2408694  1.2033070000000001  0.19592522095723797
-0.2408694  1.2838  0.20237745352629682
-0.2408694  1.3641969999999999  0.21076474232257936
-0.2408694  1.444566  0.21667870990775723
-0.2408694  1.524943  0.22064028389756
-0.2408694  1.605387  0.22432157483179938
-0.2408694  1.684771  0.2266916682851631
-0.2408694  1.765163  0.2279631961121402
-0.2408694  1.845812  0.2298881215926921
-0.2408694  1.926149  0.23311414163060304
-0.2408694  2.006295  0.23295250216397645

-0.3211986  -0.3211986  0.006659076
-0.3211986  -0.2408694  0.011007848889647334
-0.3211986  -0.1605592  0.018622201700832768
-0.3211986  -0.08029887  0.025039883701656655
-0.3211986  6.774577e-5  0.03451176486420828
-0.3211986  0.08043564  0.043494917109972615
-0.3211986  0.1607374  0.05324494087432766
-0.3211986  0.2410303  0.06555913662901647
-0.3211986  0.3213409  0.07563680624601285
-0.3211986  0.4006825  0.0866051099416522
-0.3211986  0.4810558  0.09787329737004072
-0.3211986  0.5613486000000001  0.1072205629922745
-0.3211986  0.6418588999999999  0.11757323521248361
-0.3211986  0.7221223  0.13030882628388565
-0.3211986  0.8023994  0.14126415110980892
-0.3211986  0.8827474  0.1523243471241325
-0.3211986  0.9631484  0.16305096206265318
-0.3211986  1.042558  0.17311062347179745
-0.3211986  1.122927  0.18395184360491795
-0.3211986  1.2033070000000001  0.19509393224516247
-0.3211986  1.2838  0.2028991008857986
-0.3211986  1.3641969999999999  0.20871210166555265
-0.3211986  1.444566  0.21519759615596679
-0.3211986  1.524943  0.22016998277242908
-0.3211986  1.605387  0.22390900800244798
-0.3211986  1.684771  0.22699372736390164
-0.3211986  1.765163  0.22902684457917277
-0.3211986  1.845812  0.22980431038204568
-0.3211986  1.926149  0.2317768266517596
-0.3211986  2.006295  0.23295363949511905

-0.40046980000000004  -0.40046980000000004  -0.01263066
-0.40046980000000004  -0.3211986  -0.008857705513238417
-0.40046980000000004  -0.2408694  -0.0019408524145349902
-0.40046980000000004  -0.1605592  0.004489042740006036
-0.40046980000000004  -0.08029887  0.0133163072422474
-0.40046980000000004  6.774577e-5  0.021572258539560706
-0.40046980000000004  0.08043564  0.03142736367075537
-0.40046980000000004  0.1607374  0.0440941617870071
-0.40046980000000004  0.2410303  0.055221600932503494
-0.40046980000000004  0.3213409  0.06727020226422042
-0.40046980000000004  0.4006825  0.0794747419863193
-0.40046980000000004  0.4810558  0.08947372643741551
-0.40046980000000004  0.5613486000000001  0.10097969385058517
-0.40046980000000004  0.6418588999999999  0.11427185094620064
-0.40046980000000004  0.7221223  0.12555967173506072
-0.40046980000000004  0.8023994  0.13643993789984232
-0.40046980000000004  0.8827474  0.14910506659352066
-0.40046980000000004  0.9631484  0.15939778130566076
-0.40046980000000004  1.042558  0.17085673207866067
-0.40046980000000004  1.122927  0.18380670039995148
-0.40046980000000004  1.2033070000000001  0.19248084108452088
-0.40046980000000004  1.2838  0.19944427581464072
-0.40046980000000004  1.3641969999999999  0.20928317886552641
-0.40046980000000004  1.444566  0.21538898836229628
-0.40046980000000004  1.524943  0.22040426307219563
-0.40046980000000004  1.605387  0.22359367180760203
-0.40046980000000004  1.684771  0.22670370090514452
-0.40046980000000004  1.765163  0.2287015568400126
-0.40046980000000004  1.845812  0.23054803669916704
-0.40046980000000004  1.926149  0.2315461060657088
-0.40046980000000004  2.006295  0.23295476184669822

-0.4807742  -0.4807742  -0.03156692
-0.4807742  -0.40046980000000004  -0.027768489330759916
-0.4807742  -0.3211986  -0.02109731722903343
-0.4807742  -0.2408694  -0.015374301021283024
-0.4807742  -0.1605592  -0.00734814561504508
-0.4807742  -0.08029887  0.00048660529273964674
-0.4807742  6.774577e-5  0.008866796395773088
-0.4807742  0.08043564  0.021734556807531693
-0.4807742  0.1607374  0.03410372123086945
-0.4807742  0.2410303  0.04579776605719434
-0.4807742  0.3213409  0.05856725889803052
-0.4807742  0.4006825  0.07151259087909005
-0.4807742  0.4810558  0.08373270601980512
-0.4807742  0.5613486000000001  0.09640106095426541
-0.4807742  0.6418588999999999  0.10839453581504188
-0.4807742  0.7221223  0.12032752584811095
-0.4807742  0.8023994  0.13194301766493077
-0.4807742  0.8827474  0.14647807011448194
-0.4807742  0.9631484  0.15790920461638405
-0.4807742  1.042558  0.1675180514581149
-0.4807742  1.122927  0.18017746189281536
-0.4807742  1.2033070000000001  0.19217915881541603
-0.4807742  1.2838  0.20032880654672158
-0.4807742  1.3641969999999999  0.20843783742701408
-0.4807742  1.444566  0.21438467789449978
-0.4807742  1.524943  0.2193576845717685
-0.4807742  1.605387  0.22311457935063253
-0.4807742  1.684771  0.22682913161921028
-0.4807742  1.765163  0.22800522359046774
-0.4807742  1.845812  0.22990910885586188
-0.4807742  1.926149  0.23154503670090343
-0.4807742  2.006295  0.23295589882671305

-0.5610666  -0.5610666  -0.04966197
-0.5610666  -0.4807742  -0.04565048099787932
-0.5610666  -0.40046980000000004  -0.03987746732785631
-0.5610666  -0.3211986  -0.034111676689342695
-0.5610666  -0.2408694  -0.028279227695657445
-0.5610666  -0.1605592  -0.019187987691492756
-0.5610666  -0.08029887  -0.01090498336875999
-0.5610666  6.774577e-5  -0.0003911448928680748
-0.5610666  0.08043564  0.01188240558016533
-0.5610666  0.1607374  0.023442537722689043
-0.5610666  0.2410303  0.0361713366345365
-0.5610666  0.3213409  0.052064269737213814
-0.5610666  0.4006825  0.0649921873737664
-0.5610666  0.4810558  0.0766865232839955
-0.5610666  0.5613486000000001  0.09002828006170237
-0.5610666  0.6418588999999999  0.10374477215426782
-0.5610666  0.7221223  0.11644685538136383
-0.5610666  0.8023994  0.1296000057120787
-0.5610666  0.8827474  0.14303041510903963
-0.5610666  0.9631484  0.1536128451905665
-0.5610666  1.042558  0.16672485527031367
-0.5610666  1.122927  0.18034344419300613
-0.5610666  1.2033070000000001  0.1906966229203152
-0.5610666  1.2838  0.19794988100045788
-0.5610666  1.3641969999999999  0.207567763958493
-0.5610666  1.444566  0.21453006535510036
-0.5610666  1.524943  0.21933761086029752
-0.5610666  1.605387  0.22282566343985646
-0.5610666  1.684771  0.22595678615490405
-0.5610666  1.765163  0.22907969023983363
-0.5610666  1.845812  0.22997299881769714
-0.5610666  1.926149  0.23114979728464183
-0.5610666  2.006295  0.23295703563682738

-0.6414738999999999  -0.6414738999999999  -0.06673706
-0.6414738999999999  -0.5610666  -0.06318821488773463
-0.6414738999999999  -0.4807742  -0.05814745187554347
-0.6414738999999999  -0.40046980000000004  -0.05203011929481151
-0.6414738999999999  -0.3211986  -0.04678821853177779
-0.6414738999999999  -0.2408694  -0.038569472897954
-0.6414738999999999  -0.1605592  -0.030750086276785472
-0.6414738999999999  -0.08029887  -0.021394309590120203
-0.6414738999999999  6.774577e-5  -0.010535967965695578
-0.6414738999999999  0.08043564  0.001055890875676939
-0.6414738999999999  0.1607374  0.014126272487916274
-0.6414738999999999  0.2410303  0.030054524558834773
-0.6414738999999999  0.3213409  0.04462381620185329
-0.6414738999999999  0.4006825  0.057045219642761956
-0.6414738999999999  0.4810558  0.07097434477809511
-0.6414738999999999  0.5613486000000001  0.08623907105003693
-0.6414738999999999  0.6418588999999999  0.0998008043437268
-0.6414738999999999  0.7221223  0.11119887802665383
-0.6414738999999999  0.8023994  0.12539166547960867
-0.6414738999999999  0.8827474  0.14086445035417663
-0.6414738999999999  0.9631484  0.15337330355891982
-0.6414738999999999  1.042558  0.16547578152525028
-0.6414738999999999  1.122927  0.17755852085375218
-0.6414738999999999  1.2033070000000001  0.18803846463147822
-0.6414738999999999  1.2838  0.19909862577466989
-0.6414738999999999  1.3641969999999999  0.20775845054331926
-0.6414738999999999  1.444566  0.21430328247655625
-0.6414738999999999  1.524943  0.2177933895072701
-0.6414738999999999  1.605387  0.22395405725566614
-0.6414738999999999  1.684771  0.2264028648015645
-0.6414738999999999  1.765163  0.22817085093113526
-0.6414738999999999  1.845812  0.2299383086054045
-0.6414738999999999  1.926149  0.23211843970406423
-0.6414738999999999  2.006295  0.23295817407373928

-0.7217646999999999  -0.7217646999999999  -0.08364835999999999
-0.7217646999999999  -0.6414738999999999  -0.08065955047391987
-0.7217646999999999  -0.5610666  -0.0753243940241479
-0.7217646999999999  -0.4807742  -0.06968930279591228
-0.7217646999999999  -0.40046980000000004  -0.06457191237141101
-0.7217646999999999  -0.3211986  -0.05684165984410284
-0.7217646999999999  -0.2408694  -0.049304995013696624
-0.7217646999999999  -0.1605592  -0.04136614109581271
-0.7217646999999999  -0.08029887  -0.0315192017821473
-0.7217646999999999  6.774577e-5  -0.021551383873342492
-0.7217646999999999  0.08043564  -0.008756553596412526
-0.7217646999999999  0.1607374  0.006963231069944406
-0.7217646999999999  0.2410303  0.02253765126258708
-0.7217646999999999  0.3213409  0.036188070164866984
-0.7217646999999999  0.4006825  0.05097776537627059
-0.7217646999999999  0.4810558  0.06674941096099729
-0.7217646999999999  0.5613486000000001  0.08122666007873056
-0.7217646999999999  0.6418588999999999  0.09361208372416659
-0.7217646999999999  0.7221223  0.10854369182042525
-0.7217646999999999  0.8023994  0.1241365038648213
-0.7217646999999999  0.8827474  0.1373289941025591
-0.7217646999999999  0.9631484  0.14976265631365573
-0.7217646999999999  1.042558  0.16343218493802422
-0.7217646999999999  1.122927  0.17802245947596046
-0.7217646999999999  1.2033070000000001  0.18766974037472803
-0.7217646999999999  1.2838  0.19783457323388828
-0.7217646999999999  1.3641969999999999  0.20656712062926655
-0.7217646999999999  1.444566  0.21424077398629815
-0.7217646999999999  1.524943  0.21964426322256186
-0.7217646999999999  1.605387  0.22205151575417972
-0.7217646999999999  1.684771  0.22592513708199782
-0.7217646999999999  1.765163  0.22929461533708667
-0.7217646999999999  1.845812  0.22976211395662302
-0.7217646999999999  1.926149  0.23041834309177914
-0.7217646999999999  2.006295  0.2329593108612002

-0.8020250999999999  -0.8020250999999999  -0.100245
-0.8020250999999999  -0.7217646999999999  -0.09758454926734561
-0.8020250999999999  -0.6414738999999999  -0.09331530120978729
-0.8020250999999999  -0.5610666  -0.0873051436711717
-0.8020250999999999  -0.4807742  -0.08147241687821809
-0.8020250999999999  -0.40046980000000004  -0.07537443777866178
-0.8020250999999999  -0.3211986  -0.06838987041991856
-0.8020250999999999  -0.2408694  -0.06058813420894027
-0.8020250999999999  -0.1605592  -0.05268107889698361
-0.8020250999999999  -0.08029887  -0.041560308869991756
-0.8020250999999999  6.774577e-5  -0.029477979042877026
-0.8020250999999999  0.08043564  -0.017604340809714944
-0.8020250999999999  0.1607374  -0.0027233380038208885
-0.8020250999999999  0.2410303  0.015777656111999522
-0.8020250999999999  0.3213409  0.031480900719882465
-0.8020250999999999  0.4006825  0.0447224161909851
-0.8020250999999999  0.4810558  0.060466591368498364
-0.8020250999999999  0.5613486000000001  0.07773243134965678
-0.8020250999999999  0.6418588999999999  0.0919169814087617
-0.8020250999999999  0.7221223  0.10434234370803107
-0.8020250999999999  0.8023994  0.12013526959608975
-0.8020250999999999  0.8827474  0.1362950871280944
-0.8020250999999999  0.9631484  0.14938500908328145
-0.8020250999999999  1.042558  0.16066124581871727
-0.8020250999999999  1.122927  0.1755912045236666
-0.8020250999999999  1.2033070000000001  0.18818498711549542
-0.8020250999999999  1.2838  0.1975381136316061
-0.8020250999999999  1.3641969999999999  0.2057952417471841
-0.8020250999999999  1.444566  0.21330260622217465
-0.8020250999999999  1.524943  0.22048243369730527
-0.8020250999999999  1.605387  0.22281564407180826
-0.8020250999999999  1.684771  0.22440593907889225
-0.8020250999999999  1.765163  0.2291186896121692
-0.8020250999999999  1.845812  0.23134173003155442
-0.8020250999999999  1.926149  0.23075177977334452
-0.8020250999999999  2.006295  0.23296044721824644

-0.8822236  -0.8822236  -0.1168723
-0.8822236  -0.8020250999999999  -0.11433352378033117
-0.8822236  -0.7217646999999999  -0.10910595943546612
-0.8822236  -0.6414738999999999  -0.10499081972244383
-0.8822236  -0.5610666  -0.0993883193630269
-0.8822236  -0.4807742  -0.09402079771199899
-0.8822236  -0.40046980000000004  -0.08757127490479158
-0.8822236  -0.3211986  -0.07912480483003391
-0.8822236  -0.2408694  -0.07073239184107752
-0.8822236  -0.1605592  -0.06291213165033142
-0.8822236  -0.08029887  -0.05295469280596026
-0.8822236  6.774577e-5  -0.03860539491563368
-0.8822236  0.08043564  -0.024388456563810914
-0.8822236  0.1607374  -0.01019901734898668
-0.8822236  0.2410303  0.006722208314687111
-0.8822236  0.3213409  0.025470461958054726
-0.8822236  0.4006825  0.04174232310118074
-0.8822236  0.4810558  0.054719246415202934
-0.8822236  0.5613486000000001  0.07179442482500473
-0.8822236  0.6418588999999999  0.08886179129160421
-0.8822236  0.7221223  0.10343780305739858
-0.8822236  0.8023994  0.11677691398922105
-0.8822236  0.8827474  0.1327867284933018
-0.8822236  0.9631484  0.14871189270713303
-0.8822236  1.042558  0.1609626536836853
-0.8822236  1.122927  0.1731767320262659
-0.8822236  1.2033070000000001  0.18662544377475662
-0.8822236  1.2838  0.19832961223715515
-0.8822236  1.3641969999999999  0.2059232623914158
-0.8822236  1.444566  0.2117002293942469
-0.8822236  1.524943  0.21953191417393816
-0.8822236  1.605387  0.22400098528636092
-0.8822236  1.684771  0.22550932405215487
-0.8822236  1.765163  0.226416343834594
-0.8822236  1.845812  0.23099269939587924
-0.8822236  1.926149  0.23205868825901088
-0.8822236  2.006295  0.23296158269888906

-0.962672  -0.962672  -0.1321368
-0.962672  -0.8822236  -0.13014813111018478
-0.962672  -0.8020250999999999  -0.1254277612199946
-0.962672  -0.7217646999999999  -0.1218678907310163
-0.962672  -0.6414738999999999  -0.11701456083700554
-0.962672  -0.5610666  -0.11128941510394477
-0.962672  -0.4807742  -0.10528160224253726
-0.962672  -0.40046980000000004  -0.0981822171989618
-0.962672  -0.3211986  -0.09010796576029267
-0.962672  -0.2408694  -0.08225401422461615
-0.962672  -0.1605592  -0.07292669877619762
-0.962672  -0.08029887  -0.05982126350885365
-0.962672  6.774577e-5  -0.046726949348600576
-0.962672  0.08043564  -0.032917633263223216
-0.962672  0.1607374  -0.01649191242187786
-0.962672  0.2410303  0.001988886101342692
-0.962672  0.3213409  0.019165561881245182
-0.962672  0.4006825  0.03634881911346934
-0.962672  0.4810558  0.05275245929134088
-0.962672  0.5613486000000001  0.06824017204295836
-0.962672  0.6418588999999999  0.08407842913565464
-0.962672  0.7221223  0.09999380070211228
-0.962672  0.8023994  0.11551391090210993
-0.962672  0.8827474  0.13038110183562704
-0.962672  0.9631484  0.14581217256005305
-0.962672  1.042558  0.16029196063307005
-0.962672  1.122927  0.1728209856728831
-0.962672  1.2033070000000001  0.1848911031727638
-0.962672  1.2838  0.19685017573922142
-0.962672  1.3641969999999999  0.20632826692053158
-0.962672  1.444566  0.2128213257026821
-0.962672  1.524943  0.2174398395021606
-0.962672  1.605387  0.2233656904292201
-0.962672  1.684771  0.22727995133497103
-0.962672  1.765163  0.2278406051719276
-0.962672  1.845812  0.22869376657657212
-0.962672  1.926149  0.23161804141740316
-0.962672  2.006295  0.23296272171771032

-1.0419990000000001  -1.0419990000000001  -0.1474183
-1.0419990000000001  -0.962672  -0.14534875085055665
-1.0419990000000001  -0.8822236  -0.14088270095944963
-1.0419990000000001  -0.8020250999999999  -0.1376989310956729
-1.0419990000000001  -0.7217646999999999  -0.1333303571715111
-1.0419990000000001  -0.6414738999999999  -0.12777101265489635
-1.0419990000000001  -0.5610666  -0.12275708531598065
-1.0419990000000001  -0.4807742  -0.11599994225815907
-1.0419990000000001  -0.40046980000000004  -0.10793688650675651
-1.0419990000000001  -0.3211986  -0.10087601946392963
-1.0419990000000001  -0.2408694  -0.09212639563384808
-1.0419990000000001  -0.1605592  -0.08041615519398689
-1.0419990000000001  -0.08029887  -0.06802953733414475
-1.0419990000000001  6.774577e-5  -0.055281634449534635
-1.0419990000000001  0.08043564  -0.0397648112740866
-1.0419990000000001  0.1607374  -0.021616793038951525
-1.0419990000000001  0.2410303  -0.0046881668561857825
-1.0419990000000001  0.3213409  0.015181185652939551
-1.0419990000000001  0.4006825  0.03237494568909329
-1.0419990000000001  0.4810558  0.04802341134818236
-1.0419990000000001  0.5613486000000001  0.0648306338355104
-1.0419990000000001  0.6418588999999999  0.08365685388429069
-1.0419990000000001  0.7221223  0.09786363118301673
-1.0419990000000001  0.8023994  0.11157797720583795
-1.0419990000000001  0.8827474  0.12856929980757523
-1.0419990000000001  0.9631484  0.1459038083422362
-1.0419990000000001  1.042558  0.15836343738997305
-1.0419990000000001  1.122927  0.17041600771632195
-1.0419990000000001  1.2033070000000001  0.18473809784810277
-1.0419990000000001  1.2838  0.19719332435558087
-1.0419990000000001  1.3641969999999999  0.20494469671524335
-1.0419990000000001  1.444566  0.21135557893277043
-1.0419990000000001  1.524943  0.2190803225716342
-1.0419990000000001  1.605387  0.22305265816335987
-1.0419990000000001  1.684771  0.2261480455863029
-1.0419990000000001  1.765163  0.22892594207041306
-1.0419990000000001  1.845812  0.22944269480732812
-1.0419990000000001  1.926149  0.2295422103491403
-1.0419990000000001  2.006295  0.23296384485932692

-1.1222539999999999  -1.1222539999999999  -0.1611847
-1.1222539999999999  -1.0419990000000001  -0.15944953586709343
-1.1222539999999999  -0.962672  -0.1567651832133906
-1.1222539999999999  -0.8822236  -0.15259719331388608
-1.1222539999999999  -0.8020250999999999  -0.14881502410693823
-1.1222539999999999  -0.7217646999999999  -0.14402626496507012
-1.1222539999999999  -0.6414738999999999  -0.1383092200230105
-1.1222539999999999  -0.5610666  -0.1334950641538365
-1.1222539999999999  -0.4807742  -0.12704347676216313
-1.1222539999999999  -0.40046980000000004  -0.11842822987474838
-1.1222539999999999  -0.3211986  -0.10962264702654963
-1.1222539999999999  -0.2408694  -0.10085695763770046
-1.1222539999999999  -0.1605592  -0.08980363280848483
-1.1222539999999999  -0.08029887  -0.07558952864792579
-1.1222539999999999  6.774577e-5  -0.06181576313359333
-1.1222539999999999  0.08043564  -0.04534436740647635
-1.1222539999999999  0.1607374  -0.026558253874649256
-1.1222539999999999  0.2410303  -0.00960492220144279
-1.1222539999999999  0.3213409  0.010002901970973423
-1.1222539999999999  0.4006825  0.030089608276922485
-1.1222539999999999  0.4810558  0.04595303802157462
-1.1222539999999999  0.5613486000000001  0.06113693264572676
-1.1222539999999999  0.6418588999999999  0.07897848125217016
-1.1222539999999999  0.7221223  0.09682297358072312
-1.1222539999999999  0.8023994  0.11221907212105474
-1.1222539999999999  0.8827474  0.12577206113838854
-1.1222539999999999  0.9631484  0.14301381426521734
-1.1222539999999999  1.042558  0.15841675077596162
-1.1222539999999999  1.122927  0.17149969807126078
-1.1222539999999999  1.2033070000000001  0.18446704996737692
-1.1222539999999999  1.2838  0.19617592382459567
-1.1222539999999999  1.3641969999999999  0.20476541118150293
-1.1222539999999999  1.444566  0.2127781576694983
-1.1222539999999999  1.524943  0.21994801810980785
-1.1222539999999999  1.605387  0.22301514863989053
-1.1222539999999999  1.684771  0.22469905950411947
-1.1222539999999999  1.765163  0.22930439539668981
-1.1222539999999999  1.845812  0.23068214072577406
-1.1222539999999999  1.926149  0.23103247645172933
-1.1222539999999999  2.006295  0.2329649811399179

-1.202567  -1.202567  -0.1743685
-1.202567  -1.1222539999999999  -0.17260503826222795
-1.202567  -1.0419990000000001  -0.17024739342784784
-1.202567  -0.962672  -0.16667527374381813
-1.202567  -0.8822236  -0.16330991600155795
-1.202567  -0.8020250999999999  -0.1592283166388017
-1.202567  -0.7217646999999999  -0.1543699764027899
-1.202567  -0.6414738999999999  -0.14944922757318688
-1.202567  -0.5610666  -0.1433219950502924
-1.202567  -0.4807742  -0.13628619432767403
-1.202567  -0.40046980000000004  -0.12819312728275034
-1.202567  -0.3211986  -0.11918617330754579
-1.202567  -0.2408694  -0.10819632364027801
-1.202567  -0.1605592  -0.09681329892770776
-1.202567  -0.08029887  -0.084037356227058
-1.202567  6.774577e-5  -0.06664109111569164
-1.202567  0.08043564  -0.04978989439510389
-1.202567  0.1607374  -0.03378517315901152
-1.202567  0.2410303  -0.01354072167756149
-1.202567  0.3213409  0.008258909096814064
-1.202567  0.4006825  0.0250367735796276
-1.202567  0.4810558  0.04334844890047328
-1.202567  0.5613486000000001  0.06078840721629388
-1.202567  0.6418588999999999  0.07716443996296807
-1.202567  0.7221223  0.09375636983768433
-1.202567  0.8023994  0.11151692275485695
-1.202567  0.8827474  0.12570328912239492
-1.202567  0.9631484  0.13986191196086917
-1.202567  1.042558  0.15683925320994097
-1.202567  1.122927  0.17171273079150629
-1.202567  1.2033070000000001  0.18347506449564538
-1.202567  1.2838  0.19441190435657682
-1.202567  1.3641969999999999  0.20562909771080276
-1.202567  1.444566  0.21266830822690935
-1.202567  1.524943  0.21825771351532233
-1.202567  1.605387  0.22378741899295013
-1.202567  1.684771  0.22533447087216513
-1.202567  1.765163  0.22738702708732253
-1.202567  1.845812  0.23072104261020687
-1.202567  1.926149  0.23142689057518828
-1.202567  2.006295  0.23296611824169483

-1.2829139999999999  -1.2829139999999999  -0.18618559999999998
-1.2829139999999999  -1.202567  -0.18439806746396795
-1.2829139999999999  -1.1222539999999999  -0.182213886098492
-1.2829139999999999  -1.0419990000000001  -0.17968801537354975
-1.2829139999999999  -0.962672  -0.1767092255310797
-1.2829139999999999  -0.8822236  -0.1726221798556493
-1.2829139999999999  -0.8020250999999999  -0.16796595966306294
-1.2829139999999999  -0.7217646999999999  -0.16455358560512537
-1.2829139999999999  -0.6414738999999999  -0.15954358394030171
-1.2829139999999999  -0.5610666  -0.15172117019295878
-1.2829139999999999  -0.4807742  -0.14482563716377583
-1.2829139999999999  -0.40046980000000004  -0.1373079916408717
-1.2829139999999999  -0.3211986  -0.12651091867094522
-1.2829139999999999  -0.2408694  -0.1153632072869708
-1.2829139999999999  -0.1605592  -0.10287132923264568
-1.2829139999999999  -0.08029887  -0.08740306882118717
-1.2829139999999999  6.774577e-5  -0.0719731910621893
-1.2829139999999999  0.08043564  -0.05621648328850332
-1.2829139999999999  0.1607374  -0.03679477940930404
-1.2829139999999999  0.2410303  -0.013943383430180072
-1.2829139999999999  0.3213409  0.004181015991760584
-1.2829139999999999  0.4006825  0.022265533284835184
-1.2829139999999999  0.4810558  0.0412882005363474
-1.2829139999999999  0.5613486000000001  0.05782530044990703
-1.2829139999999999  0.6418588999999999  0.07516369224814615
-1.2829139999999999  0.7221223  0.09283580407192481
-1.2829139999999999  0.8023994  0.10851095786133903
-1.2829139999999999  0.8827474  0.1227276963262413
-1.2829139999999999  0.9631484  0.14059931443802784
-1.2829139999999999  1.042558  0.1572050881240541
-1.2829139999999999  1.122927  0.16873610920310042
-1.2829139999999999  1.2033070000000001  0.18041917410777486
-1.2829139999999999  1.2838  0.19537175519169558
-1.2829139999999999  1.3641969999999999  0.20467746700630515
-1.2829139999999999  1.444566  0.21222548203015504
-1.2829139999999999  1.524943  0.21963641070454754
-1.2829139999999999  1.605387  0.2227490370585895
-1.2829139999999999  1.684771  0.22441793707197422
-1.2829139999999999  1.765163  0.22944692635194033
-1.2829139999999999  1.845812  0.23045314182545146
-1.2829139999999999  1.926149  0.23145349092076023
-1.2829139999999999  2.006295  0.23296725582485656

-1.3632090000000001  -1.3632090000000001  -0.19619289999999998
-1.3632090000000001  -1.2829139999999999  -0.19471407415555286
-1.3632090000000001  -1.202567  -0.19223086642672316
-1.3632090000000001  -1.1222539999999999  -0.1901494738605554
-1.3632090000000001  -1.0419990000000001  -0.18722759890358173
-1.3632090000000001  -0.962672  -0.1845484894058114
-1.3632090000000001  -0.8822236  -0.18117523884309678
-1.3632090000000001  -0.8020250999999999  -0.17681612385930992
-1.3632090000000001  -0.7217646999999999  -0.17162434872072488
-1.3632090000000001  -0.6414738999999999  -0.16721249682410275
-1.3632090000000001  -0.5610666  -0.16109418945567525
-1.3632090000000001  -0.4807742  -0.15186250287804456
-1.3632090000000001  -0.40046980000000004  -0.1423936836428812
-1.3632090000000001  -0.3211986  -0.1337160276349963
-1.3632090000000001  -0.2408694  -0.12192055174194229
-1.3632090000000001  -0.1605592  -0.10680711362028784
-1.3632090000000001  -0.08029887  -0.09264798237812195
-1.3632090000000001  6.774577e-5  -0.07700224273144318
-1.3632090000000001  0.08043564  -0.05792575421386967
-1.3632090000000001  0.1607374  -0.040000149221007676
-1.3632090000000001  0.2410303  -0.019096731104894273
-1.3632090000000001  0.3213409  0.0032966150465764516
-1.3632090000000001  0.4006825  0.020304033234650635
-1.3632090000000001  0.4810558  0.03840703209551047
-1.3632090000000001  0.5613486000000001  0.056997870100971175
-1.3632090000000001  0.6418588999999999  0.0737525015496738
-1.3632090000000001  0.7221223  0.09036235119053096
-1.3632090000000001  0.8023994  0.10788093822103496
-1.3632090000000001  0.8827474  0.12310736097413655
-1.3632090000000001  0.9631484  0.13760262076083934
-1.3632090000000001  1.042558  0.15458874118848423
-1.3632090000000001  1.122927  0.17041364535330522
-1.3632090000000001  1.2033070000000001  0.18145270669467167
-1.3632090000000001  1.2838  0.19320129996797306
-1.3632090000000001  1.3641969999999999  0.2051361164359452
-1.3632090000000001  1.444566  0.21152895635822297
-1.3632090000000001  1.524943  0.21912178929875392
-1.3632090000000001  1.605387  0.22458719286098855
-1.3632090000000001  1.684771  0.2249276255321826
-1.3632090000000001  1.765163  0.22782196545359515
-1.3632090000000001  1.845812  0.22987137973116353
-1.3632090000000001  1.926149  0.23088991732835112
-1.3632090000000001  2.006295  0.23296839267178265

-1.4434639999999999  -1.4434639999999999  -0.20424869999999998
-1.4434639999999999  -1.3632090000000001  -0.20348812449534193
-1.4434639999999999  -1.2829139999999999  -0.201435060798913
-1.4434639999999999  -1.202567  -0.1988671912859345
-1.4434639999999999  -1.1222539999999999  -0.1969146575879383
-1.4434639999999999  -1.0419990000000001  -0.19376672545923707
-1.4434639999999999  -0.962672  -0.19054101123092557
-1.4434639999999999  -0.8822236  -0.1877435629679197
-1.4434639999999999  -0.8020250999999999  -0.1842636401453042
-1.4434639999999999  -0.7217646999999999  -0.17894195287380812
-1.4434639999999999  -0.6414738999999999  -0.17365169999048663
-1.4434639999999999  -0.5610666  -0.16669346290503537
-1.4434639999999999  -0.4807742  -0.15825254720273627
-1.4434639999999999  -0.40046980000000004  -0.14938195326693612
-1.4434639999999999  -0.3211986  -0.13910793148444983
-1.4434639999999999  -0.2408694  -0.1244847994516367
-1.4434639999999999  -0.1605592  -0.110634853911642
-1.4434639999999999  -0.08029887  -0.09795088639220144
-1.4434639999999999  6.774577e-5  -0.0796204811946553
-1.4434639999999999  0.08043564  -0.060805595023088535
-1.4434639999999999  0.1607374  -0.041437565608895534
-1.4434639999999999  0.2410303  -0.019387346880455358
-1.4434639999999999  0.3213409  0.0001987173061948196
-1.4434639999999999  0.4006825  0.018157941341218092
-1.4434639999999999  0.4810558  0.03731338633358197
-1.4434639999999999  0.5613486000000001  0.056387255450465135
-1.4434639999999999  0.6418588999999999  0.07193971017622994
-1.4434639999999999  0.7221223  0.09018791787297861
-1.4434639999999999  0.8023994  0.10593758409626623
-1.4434639999999999  0.8827474  0.119977213302553
-1.4434639999999999  0.9631484  0.1383372690351583
-1.4434639999999999  1.042558  0.15416412852131653
-1.4434639999999999  1.122927  0.16709004431974014
-1.4434639999999999  1.2033070000000001  0.1811791436451876
-1.4434639999999999  1.2838  0.19332694222230093
-1.4434639999999999  1.3641969999999999  0.2025217330927105
-1.4434639999999999  1.444566  0.21261503547497296
-1.4434639999999999  1.524943  0.21919171482720218
-1.4434639999999999  1.605387  0.22185963779735232
-1.4434639999999999  1.684771  0.22616685775503542
-1.4434639999999999  1.765163  0.2270529685444681
-1.4434639999999999  1.845812  0.22927802921670534
-1.4434639999999999  1.926149  0.23329300532804914
-1.4434639999999999  2.006295  0.23296952895237363

-1.523759  -1.523759  -0.2106963
-1.523759  -1.4434639999999999  -0.20929126470085002
-1.523759  -1.3632090000000001  -0.20810944985142715
-1.523759  -1.2829139999999999  -0.20601965770506026
-1.523759  -1.202567  -0.20349036641785456
-1.523759  -1.1222539999999999  -0.2016494576154239
-1.523759  -1.0419990000000001  -0.1990156249777716
-1.523759  -0.962672  -0.19562235036445128
-1.523759  -0.8822236  -0.19189431898841305
-1.523759  -0.8020250999999999  -0.1893501505953081
-1.523759  -0.7217646999999999  -0.18455680077193415
-1.523759  -0.6414738999999999  -0.17849077192850818
-1.523759  -0.5610666  -0.17146656733177557
-1.523759  -0.4807742  -0.1628344947244601
-1.523759  -0.40046980000000004  -0.15190440088111223
-1.523759  -0.3211986  -0.14285810867440388
-1.523759  -0.2408694  -0.12941218937365276
-1.523759  -0.1605592  -0.11271805565739089
-1.523759  -0.08029887  -0.09791347628671916
-1.523759  6.774577e-5  -0.08215551030814039
-1.523759  0.08043564  -0.06266335105822073
-1.523759  0.1607374  -0.044811835418234205
-1.523759  0.2410303  -0.022859287374429025
-1.523759  0.3213409  -0.0009640017721109739
-1.523759  0.4006825  0.017386373673351965
-1.523759  0.4810558  0.03757040047204353
-1.523759  0.5613486000000001  0.05424542230992101
-1.523759  0.6418588999999999  0.07037513814930253
-1.523759  0.7221223  0.08821995878356224
-1.523759  0.8023994  0.10640954506369349
-1.523759  0.8827474  0.12022682296836859
-1.523759  0.9631484  0.1353990240578141
-1.523759  1.042558  0.1517407383751154
-1.523759  1.122927  0.16673036237011246
-1.523759  1.2033070000000001  0.18058790664346128
-1.523759  1.2838  0.19408391496192803
-1.523759  1.3641969999999999  0.20143869703224074
-1.523759  1.444566  0.21029509809892108
-1.523759  1.524943  0.2190389219270677
-1.523759  1.605387  0.22200341650866273
-1.523759  1.684771  0.22696704590019862
-1.523759  1.765163  0.22925922381164943
-1.523759  1.845812  0.22963735001595062
-1.523759  1.926149  0.2324841186617949
-1.523759  2.006295  0.23297066579929973

-1.6040969999999999  -1.6040969999999999  -0.2156709
-1.6040969999999999  -1.523759  -0.21476147818999924
-1.6040969999999999  -1.4434639999999999  -0.21325048272335298
-1.6040969999999999  -1.3632090000000001  -0.21143377379001543
-1.6040969999999999  -1.2829139999999999  -0.2097196128601171
-1.6040969999999999  -1.202567  -0.2075418017094854
-1.6040969999999999  -1.1222539999999999  -0.20572027244894786
-1.6040969999999999  -1.0419990000000001  -0.2026298414445189
-1.6040969999999999  -0.962672  -0.20008607682386287
-1.6040969999999999  -0.8822236  -0.19688555037654978
-1.6040969999999999  -0.8020250999999999  -0.19214369606698462
-1.6040969999999999  -0.7217646999999999  -0.18794401774654543
-1.6040969999999999  -0.6414738999999999  -0.18281563124102057
-1.6040969999999999  -0.5610666  -0.17441863401727326
-1.6040969999999999  -0.4807742  -0.16575476902382322
-1.6040969999999999  -0.40046980000000004  -0.15685150566945835
-1.6040969999999999  -0.3211986  -0.1442254936984994
-1.6040969999999999  -0.2408694  -0.13087382199167277
-1.6040969999999999  -0.1605592  -0.11654973175365724
-1.6040969999999999  -0.08029887  -0.09888914338146441
-1.6040969999999999  6.774577e-5  -0.08220905725365975
-1.6040969999999999  0.08043564  -0.06523416721790194
-1.6040969999999999  0.1607374  -0.04355402570641239
-1.6040969999999999  0.2410303  -0.023919050221845952
-1.6040969999999999  0.3213409  -0.0023207660138876893
-1.6040969999999999  0.4006825  0.018470572588050918
-1.6040969999999999  0.4810558  0.035396661719728516
-1.6040969999999999  0.5613486000000001  0.05202866788530637
-1.6040969999999999  0.6418588999999999  0.07108249974963203
-1.6040969999999999  0.7221223  0.08791378642758876
-1.6040969999999999  0.8023994  0.10443617142464363
-1.6040969999999999  0.8827474  0.12215009206653168
-1.6040969999999999  0.9631484  0.13577514942143815
-1.6040969999999999  1.042558  0.15014952855133723
-1.6040969999999999  1.122927  0.16639769727132528
-1.6040969999999999  1.2033070000000001  0.17924740097747227
-1.6040969999999999  1.2838  0.1919108878152621
-1.6040969999999999  1.3641969999999999  0.2019877211612725
-1.6040969999999999  1.444566  0.20840610937594967
-1.6040969999999999  1.524943  0.21762694861155776
-1.6040969999999999  1.605387  0.2226491376145274
-1.6040969999999999  1.684771  0.22546157143523476
-1.6040969999999999  1.765163  0.2298759004852801
-1.6040969999999999  1.845812  0.23005968170034974
-1.6040969999999999  1.926149  0.2315894715255172
-1.6040969999999999  2.006295  0.23297180325503608

-1.68336  -1.68336  -0.21926359999999998
-1.68336  -1.6040969999999999  -0.2183122279018926
-1.68336  -1.523759  -0.2167226329745195
-1.68336  -1.4434639999999999  -0.21530404757929386
-1.68336  -1.3632090000000001  -0.21381015627621416
-1.68336  -1.2829139999999999  -0.21206756885868808
-1.68336  -1.202567  -0.20979059464131472
-1.68336  -1.1222539999999999  -0.2080927532690796
-1.68336  -1.0419990000000001  -0.20518690706340773
-1.68336  -0.962672  -0.20241491154802552
-1.68336  -0.8822236  -0.1997023574393883
-1.68336  -0.8020250999999999  -0.19467229345383955
-1.68336  -0.7217646999999999  -0.18982016785738642
-1.68336  -0.6414738999999999  -0.18535020081989279
-1.68336  -0.5610666  -0.17728940292447729
-1.68336  -0.4807742  -0.1678849595906326
-1.68336  -0.40046980000000004  -0.1578390137527006
-1.68336  -0.3211986  -0.14501295129757794
-1.68336  -0.2408694  -0.13175551379648073
-1.68336  -0.1605592  -0.11888357079016863
-1.68336  -0.08029887  -0.10137435016664663
-1.68336  6.774577e-5  -0.08295738771343932
-1.68336  0.08043564  -0.06506372201582841
-1.68336  0.1607374  -0.043383904322192496
-1.68336  0.2410303  -0.023457507154249515
-1.68336  0.3213409  -0.003411027412757421
-1.68336  0.4006825  0.016651845765932215
-1.68336  0.4810558  0.034469779900504566
-1.68336  0.5613486000000001  0.053290428635753784
-1.68336  0.6418588999999999  0.07201805689325938
-1.68336  0.7221223  0.0864696645928333
-1.68336  0.8023994  0.10281837796693119
-1.68336  0.8827474  0.11989407251937173
-1.68336  0.9631484  0.13443945742398697
-1.68336  1.042558  0.15205655476153696
-1.68336  1.122927  0.16614293091391696
-1.68336  1.2033070000000001  0.17777900133742766
-1.68336  1.2838  0.1909684974707134
-1.68336  1.3641969999999999  0.20059399923275587
-1.68336  1.444566  0.20851192648629296
-1.68336  1.524943  0.21855730677881408
-1.68336  1.605387  0.22180465111433958
-1.68336  1.684771  0.2276910309610257
-1.68336  1.765163  0.22897146865953089
-1.68336  1.845812  0.22814845244702886
-1.68336  1.926149  0.23221154548455214
-1.68336  2.006295  0.2329729254905165

-1.763659  -1.763659  -0.2220152
-1.763659  -1.68336  -0.22120593339128009
-1.763659  -1.6040969999999999  -0.21945843467710097
-1.763659  -1.523759  -0.21834471406026063
-1.763659  -1.4434639999999999  -0.21712974760777357
-1.763659  -1.3632090000000001  -0.2151266376733514
-1.763659  -1.2829139999999999  -0.2132974003311199
-1.763659  -1.202567  -0.21130922952769077
-1.763659  -1.1222539999999999  -0.20907305185931382
-1.763659  -1.0419990000000001  -0.20674116340122523
-1.763659  -0.962672  -0.2043893908999617
-1.763659  -0.8822236  -0.2001965672768005
-1.763659  -0.8020250999999999  -0.1970946947492292
-1.763659  -0.7217646999999999  -0.19187431949622152
-1.763659  -0.6414738999999999  -0.185149412964862
-1.763659  -0.5610666  -0.17942325237267343
-1.763659  -0.4807742  -0.17029631272380585
-1.763659  -0.40046980000000004  -0.157965453681579
-1.763659  -0.3211986  -0.14672626077627834
-1.763659  -0.2408694  -0.13205842869011475
-1.763659  -0.1605592  -0.11729820393708237
-1.763659  -0.08029887  -0.10351989007860384
-1.763659  6.774577e-5  -0.08428876100644049
-1.763659  0.08043564  -0.06519144146916571
-1.763659  0.1607374  -0.04589806190758974
-1.763659  0.2410303  -0.022425057550848518
-1.763659  0.3213409  -0.0034808628785866574
-1.763659  0.4006825  0.01586126872484065
-1.763659  0.4810558  0.035361424840074464
-1.763659  0.5613486000000001  0.05166544686613996
-1.763659  0.6418588999999999  0.07132230257954167
-1.763659  0.7221223  0.08803623766767518
-1.763659  0.8023994  0.10257831298394575
-1.763659  0.8827474  0.11951027152090614
-1.763659  0.9631484  0.13539356262315438
-1.763659  1.042558  0.14859061894678424
-1.763659  1.122927  0.16599059742391653
-1.763659  1.2033070000000001  0.17781083844602033
-1.763659  1.2838  0.18981653036683613
-1.763659  1.3641969999999999  0.20081174144171055
-1.763659  1.444566  0.2078603711232959
-1.763659  1.524943  0.21541539729610268
-1.763659  1.605387  0.22103298617116882
-1.763659  1.684771  0.22394913098708052
-1.763659  1.765163  0.22940485851627643
-1.763659  1.845812  0.22897381395419847
-1.763659  1.926149  0.23227446996846507
-1.763659  2.006295  0.23297406239407617

-1.844007  -1.844007  -0.22420179999999998
-1.844007  -1.763659  -0.22315731295334182
-1.844007  -1.68336  -0.22221737994835813
-1.844007  -1.6040969999999999  -0.22047075768316712
-1.844007  -1.523759  -0.219317671218148
-1.844007  -1.4434639999999999  -0.2178268634733057
-1.844007  -1.3632090000000001  -0.21633465852209893
-1.844007  -1.2829139999999999  -0.21384797188213225
-1.844007  -1.202567  -0.21169019849508425
-1.844007  -1.1222539999999999  -0.2099649018389454
-1.844007  -1.0419990000000001  -0.20826530773277982
-1.844007  -0.962672  -0.204782122896483
-1.844007  -0.8822236  -0.20214155319159854
-1.844007  -0.8020250999999999  -0.19730479126359077
-1.844007  -0.7217646999999999  -0.19232777413888072
-1.844007  -0.6414738999999999  -0.18827059897069945
-1.844007  -0.5610666  -0.17996024778435388
-1.844007  -0.4807742  -0.16970904522500516
-1.844007  -0.40046980000000004  -0.15982961299871332
-1.844007  -0.3211986  -0.14649232514027555
-1.844007  -0.2408694  -0.1326201874434901
-1.844007  -0.1605592  -0.11972433601551488
-1.844007  -0.08029887  -0.10218602628130335
-1.844007  6.774577e-5  -0.08441418141393883
-1.844007  0.08043564  -0.06616826721124681
-1.844007  0.1607374  -0.04341864686567844
-1.844007  0.2410303  -0.023720123663011322
-1.844007  0.3213409  -0.004581963438620534
-1.844007  0.4006825  0.0165047575174284
-1.844007  0.4810558  0.03534796978758585
-1.844007  0.5613486000000001  0.05274206879028082
-1.844007  0.6418588999999999  0.07201267073802539
-1.844007  0.7221223  0.08597896807092814
-1.844007  0.8023994  0.1018285698173743
-1.844007  0.8827474  0.12036086695205006
-1.844007  0.9631484  0.1349408782165057
-1.844007  1.042558  0.15050507369451396
-1.844007  1.122927  0.16621754389419013
-1.844007  1.2033070000000001  0.17548666245738292
-1.844007  1.2838  0.18888826802572425
-1.844007  1.3641969999999999  0.20074606697805242
-1.844007  1.444566  0.20813917124240822
-1.844007  1.524943  0.21719131630764968
-1.844007  1.605387  0.22163569121207055
-1.844007  1.684771  0.22410070368933258
-1.844007  1.765163  0.22844326153288427
-1.844007  1.845812  0.2285111344271663
-1.844007  1.926149  0.23175042965332926
-1.844007  2.006295  0.23297519999139624

-1.924289  -1.924289  -0.2257196
-1.924289  -1.844007  -0.2247141676964703
-1.924289  -1.763659  -0.2235438924744409
-1.924289  -1.68336  -0.22247228592725435
-1.924289  -1.6040969999999999  -0.22109214815926712
-1.924289  -1.523759  -0.22004469431425863
-1.924289  -1.4434639999999999  -0.2188758804314671
-1.924289  -1.3632090000000001  -0.2165356023050267
-1.924289  -1.2829139999999999  -0.21434714504775018
-1.924289  -1.202567  -0.21269532030978353
-1.924289  -1.1222539999999999  -0.21107577382915504
-1.924289  -1.0419990000000001  -0.208156547409448
-1.924289  -0.962672  -0.2058706122186111
-1.924289  -0.8822236  -0.2019454695160921
-1.924289  -0.8020250999999999  -0.19794928207460913
-1.924289  -0.7217646999999999  -0.19437961178702312
-1.924289  -0.6414738999999999  -0.18789722979436316
-1.924289  -0.5610666  -0.1798566398017367
-1.924289  -0.4807742  -0.17115208295806938
-1.924289  -0.40046980000000004  -0.15942522508449333
-1.924289  -0.3211986  -0.1473315383370166
-1.924289  -0.2408694  -0.13501658526383442
-1.924289  -0.1605592  -0.11848137933539711
-1.924289  -0.08029887  -0.10278943376065415
-1.924289  6.774577e-5  -0.0853915186414434
-1.924289  0.08043564  -0.06375367644068372
-1.924289  0.1607374  -0.04534309233691847
-1.924289  0.2410303  -0.023747509487171352
-1.924289  0.3213409  -0.0033266790999999887
-1.924289  0.4006825  0.014546469979162395
-1.924289  0.4810558  0.03554611453649462
-1.924289  0.5613486000000001  0.053671179815850824
-1.924289  0.6418588999999999  0.06947963918460702
-1.924289  0.7221223  0.08861707424159057
-1.924289  0.8023994  0.10221005776980895
-1.924289  0.8827474  0.11795889758916432
-1.924289  0.9631484  0.13625904732765812
-1.924289  1.042558  0.1503802752422985
-1.924289  1.122927  0.16392688062293936
-1.924289  1.2033070000000001  0.1787538930592246
-1.924289  1.2838  0.18857732456769297
-1.924289  1.3641969999999999  0.19972622528198647
-1.924289  1.444566  0.21011753474228723
-1.924289  1.524943  0.21477006386255068
-1.924289  1.605387  0.22235590900881175
-1.924289  1.684771  0.2249562420438752
-1.924289  1.765163  0.22683001852112028
-1.924289  1.845812  0.23023562584057655
-1.924289  1.926149  0.22976225018901822
-1.924289  2.006295  0.23280470376886772

-2.004614  -2.004614  -0.22717169999999998
-2.004614  -1.924289  -0.22617276709825662
-2.004614  -1.844007  -0.22457454339800964
-2.004614  -1.763659  -0.22396002662746745
-2.004614  -1.68336  -0.22289269687888516
-2.004614  -1.6040969999999999  -0.22106817121471808
-2.004614  -1.523759  -0.21951080614936558
-2.004614  -1.4434639999999999  -0.21840429375433093
-2.004614  -1.3632090000000001  -0.21685825718580654
-2.004614  -1.2829139999999999  -0.21492539804229233
-2.004614  -1.202567  -0.2133687645587445
-2.004614  -1.1222539999999999  -0.21130041447793033
-2.004614  -1.0419990000000001  -0.20820800255710303
-2.004614  -0.962672  -0.2059025307456482
-2.004614  -0.8822236  -0.20315374528131663
-2.004614  -0.8020250999999999  -0.19847777861504443
-2.004614  -0.7217646999999999  -0.19434477682896775
-2.004614  -0.6414738999999999  -0.18767596954143861
-2.004614  -0.5610666  -0.17974693592468374
-2.004614  -0.4807742  -0.17243213755846584
-2.004614  -0.40046980000000004  -0.16005684326847128
-2.004614  -0.3211986  -0.14749912656945682
-2.004614  -0.2408694  -0.1343066990968131
-2.004614  -0.1605592  -0.11761160829535942
-2.004614  -0.08029887  -0.10192607023959913
-2.004614  6.774577e-5  -0.08556081272471135
-2.004614  0.08043564  -0.06516634403457042
-2.004614  0.1607374  -0.04535201689586945
-2.004614  0.2410303  -0.02378843499055745
-2.004614  0.3213409  -0.0020091303359600836
-2.004614  0.4006825  0.016063673127864206
-2.004614  0.4810558  0.03528354613558667
-2.004614  0.5613486000000001  0.0528778226865492
-2.004614  0.6418588999999999  0.06933480459195304
-2.004614  0.7221223  0.08660231810232188
-2.004614  0.8023994  0.10344402050451708
-2.004614  0.8827474  0.11838926238574765
-2.004614  0.9631484  0.13559379772372546
-2.004614  1.042558  0.14869524400022274
-2.004614  1.122927  0.16365320060548585
-2.004614  1.2033070000000001  0.17782256068203314
-2.004614  1.2838  0.18813059966613152
-2.004614  1.3641969999999999  0.20073479485467766
-2.004614  1.444566  0.20865746320107942
-2.004614  1.524943  0.2142151975074646
-2.004614  1.605387  0.22190641567972857
-2.004614  1.684771  0.22305887674845942
-2.004614  1.765163  0.22666017812762385
-2.004614  1.845812  0.2305306394976661
-2.004614  1.926149  0.22977698321082676
-2.004614  2.006295  0.2341818663522625
