2.005763  2.005763  0.1876805

1.925586  1.925586  0.18451958053906248
1.925586  2.005763  0.18777743978880848

1.8453089999999999  1.8453089999999999  0.1817971366867315
1.8453089999999999  1.925586  0.18540067541341676
1.8453089999999999  2.005763  0.18759297843059528

1.76473  1.76473  0.1792632312312336
1.76473  1.8453089999999999  0.18230317186454742
1.76473  1.925586  0.18505819478898616
1.76473  2.005763  0.18754227506815785

1.684395  1.684395  0.1753077817568197
1.684395  1.76473  0.17906409471022858
1.684395  1.8453089999999999  0.18235873180686468
1.684395  1.925586  0.18517989630702852
1.684395  2.005763  0.18752887994328396

1.6050499999999999  1.6050499999999999  0.17163269342709747
1.6050499999999999  1.684395  0.17497371228543962
1.6050499999999999  1.76473  0.17844356404262018
1.6050499999999999  1.8453089999999999  0.18184533832395322
1.6050499999999999  1.925586  0.18499440491786828
1.6050499999999999  2.005763  0.18773982978875797

1.524644  1.524644  0.16727022390953905
1.524644  1.6050499999999999  0.17169851109898365
1.524644  1.684395  0.17531034325915335
1.524644  1.76473  0.1785466012854755
1.524644  1.8453089999999999  0.18169249323016637
1.524644  1.925586  0.18505481558668777
1.524644  2.005763  0.18898202499950317

1.44431  1.44431  0.16335228656280965
1.44431  1.524644  0.16731853315463502
1.44431  1.6050499999999999  0.17127708441682096
1.44431  1.684395  0.17509289409839007
1.44431  1.76473  0.17878580977301403
1.44431  1.8453089999999999  0.18223749050369492
1.44431  1.925586  0.18534411145868127
1.44431  2.005763  0.18803717209433896

1.363934  1.363934  0.15858788013931407
1.363934  1.44431  0.16282928489537052
1.363934  1.524644  0.16696976999666846
1.363934  1.6050499999999999  0.17096948452435345
1.363934  1.684395  0.17473958229384015
1.363934  1.76473  0.17835284941984567
1.363934  1.8453089999999999  0.1817566161221419
1.363934  1.925586  0.1849247597400282
1.363934  2.005763  0.18787136275175212

1.2835999999999999  1.2835999999999999  0.15330646223071628
1.2835999999999999  1.363934  0.15770862392307242
1.2835999999999999  1.44431  0.16211904588225085
1.2835999999999999  1.524644  0.16646121862661822
1.2835999999999999  1.6050499999999999  0.17067667389944663
1.2835999999999999  1.684395  0.17465027533349153
1.2835999999999999  1.76473  0.17843160596847266
1.2835999999999999  1.8453089999999999  0.18193151704857238
1.2835999999999999  1.925586  0.18508324426573633
1.2835999999999999  2.005763  0.18786083871782078

1.203166  1.203166  0.14732305886859953
1.203166  1.2835999999999999  0.1523197946653093
1.203166  1.363934  0.15713086796083425
1.203166  1.44431  0.16176307566799875
1.203166  1.524644  0.16620321137917254
1.203166  1.6050499999999999  0.17044755012825755
1.203166  1.684395  0.17442790287352958
1.203166  1.76473  0.1782327682506048
1.203166  1.8453089999999999  0.18180445156250186
1.203166  1.925586  0.18510004948290648
1.203166  2.005763  0.1881045817060572

1.122794  1.122794  0.14179480809925174
1.122794  1.203166  0.1469314619350232
1.122794  1.2835999999999999  0.15183101104794236
1.122794  1.363934  0.15660909871888884
1.122794  1.44431  0.16130357005995116
1.122794  1.524644  0.16588080647700038
1.122794  1.6050499999999999  0.17028281499640274
1.122794  1.684395  0.17437732041696058
1.122794  1.76473  0.17820989153081856
1.122794  1.8453089999999999  0.18171498075908488
1.122794  1.925586  0.18491019967473854
1.122794  2.005763  0.1879343254172262

1.042449  1.042449  0.13546056355206684
1.042449  1.122794  0.14094786383385194
1.042449  1.203166  0.1460607291285567
1.042449  1.2835999999999999  0.15102795194748603
1.042449  1.363934  0.15593081686824858
1.042449  1.44431  0.1607832541538709
1.042449  1.524644  0.16552439165800667
1.042449  1.6050499999999999  0.17007286561379628
1.042449  1.684395  0.17427908785940374
1.042449  1.76473  0.17818716665373138
1.042449  1.8453089999999999  0.18174144012500393
1.042449  1.925586  0.18498969333204568
1.042449  2.005763  0.1881274928783565

0.9630974  0.9630974  0.12947164752567727
0.9630974  1.042449  0.13458331419180547
0.9630974  1.122794  0.1398493339463142
0.9630974  1.203166  0.1451306546146199
0.9630974  1.2835999999999999  0.1503689209861905
0.9630974  1.363934  0.1555021798316399
0.9630974  1.44431  0.16049534543644503
0.9630974  1.524644  0.16530325051374709
0.9630974  1.6050499999999999  0.16989394244128472
0.9630974  1.684395  0.17416747982904868
0.9630974  1.76473  0.17819039896059063
0.9630974  1.8453089999999999  0.1818661195496556
0.9630974  1.925586  0.18510701286931802
0.9630974  2.005763  0.18784992612082965

0.8826971  0.8826971  0.12265421458230198
0.8826971  0.9630974  0.12804776649621488
0.8826971  1.042449  0.1334616462466452
0.8826971  1.122794  0.13890207933489615
0.8826971  1.203166  0.14425769432607438
0.8826971  1.2835999999999999  0.14952497373043147
0.8826971  1.363934  0.15469820714453456
0.8826971  1.44431  0.1597797883589825
0.8826971  1.524644  0.1647322443598337
0.8826971  1.6050499999999999  0.16950042786505246
0.8826971  1.684395  0.17393478081829192
0.8826971  1.76473  0.1780507175101192
0.8826971  1.8453089999999999  0.18170971947485695
0.8826971  1.925586  0.18483541252433966
0.8826971  2.005763  0.1874634252521921

0.8023587  0.8023587  0.11586765877594522
0.8023587  0.8826971  0.12138764368735493
0.8023587  0.9630974  0.12690796506493807
0.8023587  1.042449  0.13235961121920836
0.8023587  1.122794  0.13788105390801628
0.8023587  1.203166  0.14339077558086477
0.8023587  1.2835999999999999  0.14886031025406737
0.8023587  1.363934  0.1542328149251562
0.8023587  1.44431  0.15945994387258036
0.8023587  1.524644  0.16447196688041238
0.8023587  1.6050499999999999  0.16921336693349942
0.8023587  1.684395  0.17357358291375438
0.8023587  1.76473  0.17764196824081485
0.8023587  1.8453089999999999  0.18139039266662196
0.8023587  1.925586  0.1848717811433796
0.8023587  2.005763  0.18825499446748745

0.7220506  0.7220506  0.1086479534424751
0.7220506  0.8023587  0.11424582768394331
0.7220506  0.8826971  0.11995701661247887
0.7220506  0.9630974  0.1256817254228473
0.7220506  1.042449  0.13130170483175718
0.7220506  1.122794  0.1369506104883721
0.7220506  1.203166  0.14255861919424523
0.7220506  1.2835999999999999  0.14812183083237815
0.7220506  1.363934  0.15360713600907133
0.7220506  1.44431  0.1589813753884724
0.7220506  1.524644  0.1641745915731837
0.7220506  1.6050499999999999  0.1691128360815352
0.7220506  1.684395  0.17364497848700286
0.7220506  1.76473  0.1778085480346929
0.7220506  1.8453089999999999  0.18150113209151225
0.7220506  1.925586  0.18469586747729483
0.7220506  2.005763  0.18748154961738414

0.6417668999999999  0.6417668999999999  0.1016129955151738
0.6417668999999999  0.7220506  0.10692430081187124
0.6417668999999999  0.8023587  0.11250222209845856
0.6417668999999999  0.8826971  0.1182510265227274
0.6417668999999999  0.9630974  0.12410978027308896
0.6417668999999999  1.042449  0.12994466830370555
0.6417668999999999  1.122794  0.13585964276957835
0.6417668999999999  1.203166  0.14173763268588963
0.6417668999999999  1.2835999999999999  0.147532240513494
0.6417668999999999  1.363934  0.15317965118911953
0.6417668999999999  1.44431  0.1586353732781575
0.6417668999999999  1.524644  0.1638392844757072
0.6417668999999999  1.6050499999999999  0.16874818278290932
0.6417668999999999  1.684395  0.17325782893146768
0.6417668999999999  1.76473  0.1774586284247201
0.6417668999999999  1.8453089999999999  0.18129701054281147
0.6417668999999999  1.925586  0.18476837256348286
0.6417668999999999  2.005763  0.1879391747662443

0.561296  0.561296  0.09389787641781701
0.561296  0.6417668999999999  0.09930374658418244
0.561296  0.7220506  0.10501229596721244
0.561296  0.8023587  0.11093648964975082
0.561296  0.8826971  0.1169946588164028
0.561296  0.9630974  0.12311927929998585
0.561296  1.042449  0.12917030436044022
0.561296  1.122794  0.1352596109962463
0.561296  1.203166  0.14127495193680187
0.561296  1.2835999999999999  0.14718019605122823
0.561296  1.363934  0.1529197756470139
0.561296  1.44431  0.1584524146364219
0.561296  1.524644  0.1637141577277174
0.561296  1.6050499999999999  0.16865401208900405
0.561296  1.684395  0.17316446952167222
0.561296  1.76473  0.1773526645842829
0.561296  1.8453089999999999  0.18122694243052395
0.561296  1.925586  0.1849262260095949
0.561296  2.005763  0.18879198817478784

0.4809894  0.4809894  0.08620201242456937
0.4809894  0.561296  0.09167290705959204
0.4809894  0.6417668999999999  0.0975690810043915
0.4809894  0.7220506  0.10362280377209432
0.4809894  0.8023587  0.10974244813905562
0.4809894  0.8826971  0.1158842290995214
0.4809894  0.9630974  0.12203721938386068
0.4809894  1.042449  0.12810976568369623
0.4809894  1.122794  0.13424337331252373
0.4809894  1.203166  0.14033415495651097
0.4809894  1.2835999999999999  0.14633900688102147
0.4809894  1.363934  0.1521886569492263
0.4809894  1.44431  0.1578316246106499
0.4809894  1.524644  0.16320344497866252
0.4809894  1.6050499999999999  0.16826389231462985
0.4809894  1.684395  0.17291666469750905
0.4809894  1.76473  0.17726859777360407
0.4809894  1.8453089999999999  0.18127009805081698
0.4809894  1.925586  0.18489474837106168
0.4809894  2.005763  0.18813621165840905

0.4006478  0.4006478  0.07734685284061915
0.4006478  0.4809894  0.08349761029177533
0.4006478  0.561296  0.08964623296970575
0.4006478  0.6417668999999999  0.09587152791168581
0.4006478  0.7220506  0.10214723504628741
0.4006478  0.8023587  0.10846678599099147
0.4006478  0.8826971  0.11480237503658465
0.4006478  0.9630974  0.12113130985245735
0.4006478  1.042449  0.12734621025939108
0.4006478  1.122794  0.13358831947462896
0.4006478  1.203166  0.13975981521424183
0.4006478  1.2835999999999999  0.14583400995044335
0.4006478  1.363934  0.1517593658359148
0.4006478  1.44431  0.15749685437809785
0.4006478  1.524644  0.16298362887773674
0.4006478  1.6050499999999999  0.1681692965814518
0.4006478  1.684395  0.17293717401523634
0.4006478  1.76473  0.1773788471477553
0.4006478  1.8453089999999999  0.18143997189656047
0.4006478  1.925586  0.18512599036525484
0.4006478  2.005763  0.18852129140221816

0.3213207  0.3213207  0.06984704953471382
0.3213207  0.4006478  0.0755237984323528
0.3213207  0.4809894  0.08161675467347003
0.3213207  0.561296  0.08789064622550834
0.3213207  0.6417668999999999  0.09427456875385304
0.3213207  0.7220506  0.10069299707571448
0.3213207  0.8023587  0.10713987234594635
0.3213207  0.8826971  0.11360401851470883
0.3213207  0.9630974  0.12007708759190716
0.3213207  1.042449  0.12645279448314195
0.3213207  1.122794  0.13286794010960215
0.3213207  1.203166  0.13920548636159252
0.3213207  1.2835999999999999  0.14541812505632068
0.3213207  1.363934  0.1514362451351723
0.3213207  1.44431  0.1572112324794697
0.3213207  1.524644  0.1626818388072635
0.3213207  1.6050499999999999  0.1678119954861217
0.3213207  1.684395  0.17251210628809358
0.3213207  1.76473  0.17690712962757935
0.3213207  1.8453089999999999  0.18098545818125272
0.3213207  1.925586  0.18479798013419488
0.3213207  2.005763  0.18847899001580043

0.2410983  0.2410983  0.061224671437588384
0.2410983  0.3213207  0.06691895742376835
0.2410983  0.4006478  0.07338746874175472
0.2410983  0.4809894  0.07997895025149926
0.2410983  0.561296  0.0864363274911547
0.2410983  0.6417668999999999  0.09283963236131196
0.2410983  0.7220506  0.09927736630867068
0.2410983  0.8023587  0.1058372331866905
0.2410983  0.8826971  0.11251508515718184
0.2410983  0.9630974  0.11924625931120189
0.2410983  1.042449  0.12584179477442453
0.2410983  1.122794  0.13238127870642646
0.2410983  1.203166  0.13872558421099127
0.2410983  1.2835999999999999  0.14486256291310168
0.2410983  1.363934  0.15080058663160317
0.2410983  1.44431  0.15658087660941397
0.2410983  1.524644  0.16220295258704406
0.2410983  1.6050499999999999  0.1676231213121245
0.2410983  1.684395  0.17265064635644256
0.2410983  1.76473  0.17725575573014068
0.2410983  1.8453089999999999  0.1812772636365635
0.2410983  1.925586  0.1848343598963516
0.2410983  2.005763  0.18866593187332545

0.1607238  0.1607238  0.052532274334311346
0.1607238  0.2410983  0.05854696263193597
0.1607238  0.3213207  0.0648920570234539
0.1607238  0.4006478  0.07134351963607408
0.1607238  0.4809894  0.0779825113854786
0.1607238  0.561296  0.0846823534428265
0.1607238  0.6417668999999999  0.09143325018889614
0.1607238  0.7220506  0.09818482125538924
0.1607238  0.8023587  0.10493570214056494
0.1607238  0.8826971  0.11166834779582538
0.1607238  0.9630974  0.11836857460149328
0.1607238  1.042449  0.1249289661657436
0.1607238  1.122794  0.13150187960061177
0.1607238  1.203166  0.13798653313404818
0.1607238  1.2835999999999999  0.14435748989821698
0.1607238  1.363934  0.1505626366485461
0.1607238  1.44431  0.15656017103332068
0.1607238  1.524644  0.16227802232708188
0.1607238  1.6050499999999999  0.16765068579443868
0.1607238  1.684395  0.17254106745845935
0.1607238  1.76473  0.17703069231239654
0.1607238  1.8453089999999999  0.18107380504695558
0.1607238  1.925586  0.1847418245966993
0.1607238  2.005763  0.1882872709842215

0.08042777  0.08042777  0.04292998130845012
0.08042777  0.1607238  0.04970261520652134
0.08042777  0.2410983  0.056243884277356805
0.08042777  0.3213207  0.06287083654822001
0.08042777  0.4006478  0.06955638378121001
0.08042777  0.4809894  0.07640067021324493
0.08042777  0.561296  0.08324395399599085
0.08042777  0.6417668999999999  0.09006147161599767
0.08042777  0.7220506  0.09681988726612545
0.08042777  0.8023587  0.10355984535121895
0.08042777  0.8826971  0.11031164016019124
0.08042777  0.9630974  0.11709626619501146
0.08042777  1.042449  0.1238133663236515
0.08042777  1.122794  0.13060045948572402
0.08042777  1.203166  0.13731431930320354
0.08042777  1.2835999999999999  0.14388071849310033
0.08042777  1.363934  0.15020909062716248
0.08042777  1.44431  0.1562479430270593
0.08042777  1.524644  0.16195335128518779
0.08042777  1.6050499999999999  0.16732259477419908
0.08042777  1.684395  0.172290282680459
0.08042777  1.76473  0.17697428268972332
0.08042777  1.8453089999999999  0.18124642528329268
0.08042777  1.925586  0.18485863392406585
0.08042777  2.005763  0.1873696841754425

7.467647e-5  7.467647e-5  0.033237030663957196
7.467647e-5  0.08042777  0.04004983743377426
7.467647e-5  0.1607238  0.04692382069350468
7.467647e-5  0.2410983  0.05382690212427341
7.467647e-5  0.3213207  0.060742963359798
7.467647e-5  0.4006478  0.06761597975085937
7.467647e-5  0.4809894  0.07461171642581314
7.467647e-5  0.561296  0.08162945706174737
7.467647e-5  0.6417668999999999  0.08867032293756112
7.467647e-5  0.7220506  0.09568623656520989
7.467647e-5  0.8023587  0.1026811554683283
7.467647e-5  0.8826971  0.1096446626072079
7.467647e-5  0.9630974  0.11657020375880288
7.467647e-5  1.042449  0.12335160855540821
7.467647e-5  1.122794  0.13014499957860992
7.467647e-5  1.203166  0.13683776166617106
7.467647e-5  1.2835999999999999  0.14339036047558235
7.467647e-5  1.363934  0.1497365490209045
7.467647e-5  1.44431  0.15582895661433288
7.467647e-5  1.524644  0.16160475443398895
7.467647e-5  1.6050499999999999  0.16702600856553196
7.467647e-5  1.684395  0.17199285853072188
7.467647e-5  1.76473  0.176613266154136
7.467647e-5  1.8453089999999999  0.18080010834940513
7.467647e-5  1.925586  0.18443124222649973
7.467647e-5  2.005763  0.18722827672908893

-0.08028738  -0.08028738  0.022787369160362794
-0.08028738  7.467647e-5  0.02896823487798912
-0.08028738  0.08042777  0.03662976155653737
-0.08028738  0.1607238  0.04436235491395206
-0.08028738  0.2410983  0.05182958590642632
-0.08028738  0.3213207  0.05903335914719143
-0.08028738  0.4006478  0.06603755069839434
-0.08028738  0.4809894  0.07311876545378641
-0.08028738  0.561296  0.0802375054410498
-0.08028738  0.6417668999999999  0.08741677591751115
-0.08028738  0.7220506  0.09460316890656222
-0.08028738  0.8023587  0.10178558379829
-0.08028738  0.8826971  0.1089372394710317
-0.08028738  0.9630974  0.11603798331568518
-0.08028738  1.042449  0.12296884123075602
-0.08028738  1.122794  0.12988105795561244
-0.08028738  1.203166  0.1366535279048472
-0.08028738  1.2835999999999999  0.14324464187308877
-0.08028738  1.363934  0.14959330715801655
-0.08028738  1.44431  0.15566588376872026
-0.08028738  1.524644  0.16141935579361683
-0.08028738  1.6050499999999999  0.16683525655633386
-0.08028738  1.684395  0.1718252357324688
-0.08028738  1.76473  0.1765052322657179
-0.08028738  1.8453089999999999  0.18082372179996264
-0.08028738  1.925586  0.18481298434718385
-0.08028738  2.005763  0.1887252144169211

-0.16058830000000002  -0.16058830000000002  0.010650092072807555
-0.16058830000000002  -0.08028738  0.016453672502341813
-0.16058830000000002  7.467647e-5  0.02452084378043943
-0.16058830000000002  0.08042777  0.03297961508333368
-0.16058830000000002  0.1607238  0.04123409576927747
-0.16058830000000002  0.2410983  0.04919110298014138
-0.16058830000000002  0.3213207  0.0568948173265462
-0.16058830000000002  0.4006478  0.06436039359686604
-0.16058830000000002  0.4809894  0.07181486145693594
-0.16058830000000002  0.561296  0.0791727889615881
-0.16058830000000002  0.6417668999999999  0.08645237684276441
-0.16058830000000002  0.7220506  0.09362765364988475
-0.16058830000000002  0.8023587  0.1007380753653539
-0.16058830000000002  0.8826971  0.10781518342626267
-0.16058830000000002  0.9630974  0.11489063997726143
-0.16058830000000002  1.042449  0.12187699397582771
-0.16058830000000002  1.122794  0.12893266048330698
-0.16058830000000002  1.203166  0.13591404596925058
-0.16058830000000002  1.2835999999999999  0.14273497317540546
-0.16058830000000002  1.363934  0.1492807355997795
-0.16058830000000002  1.44431  0.15547652677828738
-0.16058830000000002  1.524644  0.16127092124475484
-0.16058830000000002  1.6050499999999999  0.16668494502261813
-0.16058830000000002  1.684395  0.17171084452448684
-0.16058830000000002  1.76473  0.17654142247715454
-0.16058830000000002  1.8453089999999999  0.18108297829512668
-0.16058830000000002  1.925586  0.1849903603549395
-0.16058830000000002  2.005763  0.1873372423896417

-0.240861  -0.240861  -0.0023828502827413925
-0.240861  -0.16058830000000002  0.0037788642603427485
-0.240861  -0.08028738  0.01070591303515096
-0.240861  7.467647e-5  0.018976720713659093
-0.240861  0.08042777  0.02812286835554631
-0.240861  0.1607238  0.03747061498436781
-0.240861  0.2410983  0.0465224031718839
-0.240861  0.3213207  0.05500526161694547
-0.240861  0.4006478  0.06284275640553287
-0.240861  0.4809894  0.07036320103294716
-0.240861  0.561296  0.07765732198790996
-0.240861  0.6417668999999999  0.08491885899185339
-0.240861  0.7220506  0.09222404212395782
-0.240861  0.8023587  0.09961912833713618
-0.240861  0.8826971  0.10706400688748764
-0.240861  0.9630974  0.11448105788121578
-0.240861  1.042449  0.12168240796290647
-0.240861  1.122794  0.12878508304411498
-0.240861  1.203166  0.13566365829661706
-0.240861  1.2835999999999999  0.14231535883288193
-0.240861  1.363934  0.14873743082144408
-0.240861  1.44431  0.15494450970835372
-0.240861  1.524644  0.16090327092379209
-0.240861  1.6050499999999999  0.16655365874351366
-0.240861  1.684395  0.17172374077666364
-0.240861  1.76473  0.17645141784775686
-0.240861  1.8453089999999999  0.1806457888133542
-0.240861  1.925586  0.18437722655433778
-0.240861  2.005763  0.18793843647471387

-0.321188  -0.321188  -0.013733421070059777
-0.321188  -0.240861  -0.007148648244138021
-0.321188  -0.16058830000000002  -0.0009114420873662471
-0.321188  -0.08028738  0.0062702459039948154
-0.321188  7.467647e-5  0.014727389068500662
-0.321188  0.08042777  0.024158658143701186
-0.321188  0.1607238  0.0339847237354691
-0.321188  0.2410983  0.04366565274261548
-0.321188  0.3213207  0.052808085377672495
-0.321188  0.4006478  0.06121220923399245
-0.321188  0.4809894  0.06915034054481431
-0.321188  0.561296  0.0766939138226594
-0.321188  0.6417668999999999  0.08406935156843603
-0.321188  0.7220506  0.09140301805254222
-0.321188  0.8023587  0.09878821911567065
-0.321188  0.8826971  0.10621765175700953
-0.321188  0.9630974  0.11363433595779918
-0.321188  1.042449  0.1208655328125967
-0.321188  1.122794  0.1280457582433636
-0.321188  1.203166  0.13506568573087196
-0.321188  1.2835999999999999  0.14192666768169446
-0.321188  1.363934  0.14860194722620976
-0.321188  1.44431  0.15504785875178478
-0.321188  1.524644  0.1611511017308465
-0.321188  1.6050499999999999  0.16679672584460037
-0.321188  1.684395  0.17185083439871715
-0.321188  1.76473  0.17651294589450173
-0.321188  1.8453089999999999  0.1808970837096614
-0.321188  1.925586  0.18488989458669475
-0.321188  2.005763  0.1869153165751659

-0.40050240000000004  -0.40050240000000004  -0.023455905030885033
-0.40050240000000004  -0.321188  -0.01844922802054143
-0.40050240000000004  -0.240861  -0.011397661613687826
-0.40050240000000004  -0.16058830000000002  -0.004526834784517195
-0.40050240000000004  -0.08028738  0.002812798803587799
-0.40050240000000004  7.467647e-5  0.011287586888834576
-0.40050240000000004  0.08042777  0.020906058022738632
-0.40050240000000004  0.1607238  0.031148094857278708
-0.40050240000000004  0.2410983  0.04135039035518173
-0.40050240000000004  0.3213207  0.050953219293186705
-0.40050240000000004  0.4006478  0.059657923535362194
-0.40050240000000004  0.4809894  0.0677449294128616
-0.40050240000000004  0.561296  0.07535706133338807
-0.40050240000000004  0.6417668999999999  0.08281813708292299
-0.40050240000000004  0.7220506  0.09031802558906546
-0.40050240000000004  0.8023587  0.0979515562273833
-0.40050240000000004  0.8826971  0.1056535299449412
-0.40050240000000004  0.9630974  0.1132804449747283
-0.40050240000000004  1.042449  0.12058891701048978
-0.40050240000000004  1.122794  0.12769950799998336
-0.40050240000000004  1.203166  0.13455317298827318
-0.40050240000000004  1.2835999999999999  0.14125514422926955
-0.40050240000000004  1.363934  0.1478867094443977
-0.40050240000000004  1.44431  0.15445520638317958
-0.40050240000000004  1.524644  0.160799648649538
-0.40050240000000004  1.6050499999999999  0.16666463771128023
-0.40050240000000004  1.684395  0.17176206304470162
-0.40050240000000004  1.76473  0.17626658238729306
-0.40050240000000004  1.8453089999999999  0.1805156378483845
-0.40050240000000004  1.925586  0.1847756580951942
-0.40050240000000004  2.005763  0.1876078662157461

-0.48081029999999997  -0.48081029999999997  -0.033092589516189
-0.48081029999999997  -0.40050240000000004  -0.028002449233080946
-0.48081029999999997  -0.321188  -0.021144855175856285
-0.48081029999999997  -0.240861  -0.01466509597559815
-0.48081029999999997  -0.16058830000000002  -0.008076660447554482
-0.48081029999999997  -0.08028738  -0.00051435379765798
-0.48081029999999997  7.467647e-5  0.008369565544583983
-0.48081029999999997  0.08042777  0.01833655176957086
-0.48081029999999997  0.1607238  0.02881529916866954
-0.48081029999999997  0.2410983  0.03921603204288581
-0.48081029999999997  0.3213207  0.04906491590347224
-0.48081029999999997  0.4006478  0.058086282479650767
-0.48081029999999997  0.4809894  0.06652447538962457
-0.48081029999999997  0.561296  0.07443326070193523
-0.48081029999999997  0.6417668999999999  0.08205890557632867
-0.48081029999999997  0.7220506  0.08956224116643499
-0.48081029999999997  0.8023587  0.09707673433338053
-0.48081029999999997  0.8826971  0.10462878546430522
-0.48081029999999997  0.9630974  0.1121843104060897
-0.48081029999999997  1.042449  0.11957823069944139
-0.48081029999999997  1.122794  0.1269471272856867
-0.48081029999999997  1.203166  0.13416692393936175
-0.48081029999999997  1.2835999999999999  0.14121719534962365
-0.48081029999999997  1.363934  0.14804373247200991
-0.48081029999999997  1.44431  0.15457862283196683
-0.48081029999999997  1.524644  0.16070015977884855
-0.48081029999999997  1.6050499999999999  0.16631982099644121
-0.48081029999999997  1.684395  0.17137986238856615
-0.48081029999999997  1.76473  0.17619578494351137
-0.48081029999999997  1.8453089999999999  0.180965311213963
-0.48081029999999997  1.925586  0.1854012197183247
-0.48081029999999997  2.005763  0.1869636226291324

-0.5611113  -0.5611113  -0.04219596902181254
-0.5611113  -0.48081029999999997  -0.03715854346869267
-0.5611113  -0.40050240000000004  -0.030877807293964086
-0.5611113  -0.321188  -0.024405056954017727
-0.5611113  -0.240861  -0.017776777216048468
-0.5611113  -0.16058830000000002  -0.01074763910618325
-0.5611113  -0.08028738  -0.0028631602036047472
-0.5611113  7.467647e-5  0.0061092425128272294
-0.5611113  0.08042777  0.016044561950413882
-0.5611113  0.1607238  0.026534842345902816
-0.5611113  0.2410983  0.03707704954370203
-0.5611113  0.3213207  0.04717901438203683
-0.5611113  0.4006478  0.056482835513639446
-0.5611113  0.4809894  0.06516045100442197
-0.5611113  0.561296  0.07322698379929195
-0.5611113  0.6417668999999999  0.08095084372111058
-0.5611113  0.7220506  0.08854894389860005
-0.5611113  0.8023587  0.09620737378011146
-0.5611113  0.8826971  0.10396667415631711
-0.5611113  0.9630974  0.11175477970654776
-0.5611113  1.042449  0.11933063902135829
-0.5611113  1.122794  0.12676465513744922
-0.5611113  1.203166  0.1339047079403809
-0.5611113  1.2835999999999999  0.14077991087572173
-0.5611113  1.363934  0.1474515472095143
-0.5611113  1.44431  0.15397802368635014
-0.5611113  1.524644  0.16029235615508652
-0.5611113  1.6050499999999999  0.16621407589074225
-0.5611113  1.684395  0.17144306281978536
-0.5611113  1.76473  0.1760464828571421
-0.5611113  1.8453089999999999  0.18024007351379617
-0.5611113  1.925586  0.18441262535080033
-0.5611113  2.005763  0.1878349758814574

-0.6415433  -0.6415433  -0.052001701850634435
-0.6415433  -0.5611113  -0.046434353062722825
-0.6415433  -0.48081029999999997  -0.04058752958548484
-0.6415433  -0.40050240000000004  -0.03399293626881106
-0.6415433  -0.321188  -0.02726835162046009
-0.6415433  -0.240861  -0.020395310119257992
-0.6415433  -0.16058830000000002  -0.013174673248850605
-0.6415433  -0.08028738  -0.0051790541255322085
-0.6415433  7.467647e-5  0.0038467018515497453
-0.6415433  0.08042777  0.013837272190690138
-0.6415433  0.1607238  0.024443607905657146
-0.6415433  0.2410983  0.03519228625112402
-0.6415433  0.3213207  0.04557735535064737
-0.6415433  0.4006478  0.05518807054390461
-0.6415433  0.4809894  0.06413900408214834
-0.6415433  0.561296  0.07238583934898113
-0.6415433  0.6417668999999999  0.0801723580378845
-0.6415433  0.7220506  0.0877314484975319
-0.6415433  0.8023587  0.09530088445757517
-0.6415433  0.8826971  0.10298894526504092
-0.6415433  0.9630974  0.11078335318168363
-0.6415433  1.042449  0.11846811965501894
-0.6415433  1.122794  0.12609961895141125
-0.6415433  1.203166  0.1334694594764865
-0.6415433  1.2835999999999999  0.1405344747936229
-0.6415433  1.363934  0.14730215083996817
-0.6415433  1.44431  0.1538274862997283
-0.6415433  1.524644  0.16009772518509607
-0.6415433  1.6050499999999999  0.16601562662422437
-0.6415433  1.684395  0.17131984614807372
-0.6415433  1.76473  0.1759995161953125
-0.6415433  1.8453089999999999  0.18008339539107782
-0.6415433  1.925586  0.18398333746345563
-0.6415433  2.005763  0.18811435599876006

-0.7218568000000001  -0.7218568000000001  -0.06106775208741902
-0.7218568000000001  -0.6415433  -0.05583866193678804
-0.7218568000000001  -0.5611113  -0.05033721716340079
-0.7218568000000001  -0.48081029999999997  -0.04369878331514383
-0.7218568000000001  -0.40050240000000004  -0.03670406528473614
-0.7218568000000001  -0.321188  -0.029912910100025586
-0.7218568000000001  -0.240861  -0.023029093196027126
-0.7218568000000001  -0.16058830000000002  -0.015692020137418695
-0.7218568000000001  -0.08028738  -0.007467323616147145
-0.7218568000000001  7.467647e-5  0.0018200375535041926
-0.7218568000000001  0.08042777  0.012016564225268306
-0.7218568000000001  0.1607238  0.02273258800679499
-0.7218568000000001  0.2410983  0.033512940276496275
-0.7218568000000001  0.3213207  0.04391010747549785
-0.7218568000000001  0.4006478  0.05357958706820028
-0.7218568000000001  0.4809894  0.06268250271565942
-0.7218568000000001  0.561296  0.07117935165728036
-0.7218568000000001  0.6417668999999999  0.07927875179279177
-0.7218568000000001  0.7220506  0.08714859870477559
-0.7218568000000001  0.8023587  0.09496011605050012
-0.7218568000000001  0.8826971  0.10277519048478206
-0.7218568000000001  0.9630974  0.11057207710080859
-0.7218568000000001  1.042449  0.11816852581062581
-0.7218568000000001  1.122794  0.12567935886155213
-0.7218568000000001  1.203166  0.13296339506210886
-0.7218568000000001  1.2835999999999999  0.14002232939144568
-0.7218568000000001  1.363934  0.14686496452464326
-0.7218568000000001  1.44431  0.15350256524712266
-0.7218568000000001  1.524644  0.15985802604293015
-0.7218568000000001  1.6050499999999999  0.16579575037985123
-0.7218568000000001  1.684395  0.1710927771877705
-0.7218568000000001  1.76473  0.17585977943846176
-0.7218568000000001  1.8453089999999999  0.18021463087736972
-0.7218568000000001  1.925586  0.18423782134711708
-0.7218568000000001  2.005763  0.18683642924839347

-0.8020895  -0.8020895  -0.07029024180589369
-0.8020895  -0.7218568000000001  -0.06495675140513575
-0.8020895  -0.6415433  -0.05929965074896076
-0.8020895  -0.5611113  -0.053091080841121546
-0.8020895  -0.48081029999999997  -0.04642235438973003
-0.8020895  -0.40050240000000004  -0.039552391591470414
-0.8020895  -0.321188  -0.03271432389851764
-0.8020895  -0.240861  -0.025619192274029617
-0.8020895  -0.16058830000000002  -0.018044949013135136
-0.8020895  -0.08028738  -0.009652989742389921
-0.8020895  7.467647e-5  -0.00026814399730670335
-0.8020895  0.08042777  0.010018714345407725
-0.8020895  0.1607238  0.020877183569675346
-0.8020895  0.2410983  0.031865657262861724
-0.8020895  0.3213207  0.04249937611500384
-0.8020895  0.4006478  0.052372676950047534
-0.8020895  0.4809894  0.06160735303451994
-0.8020895  0.561296  0.07015838063915916
-0.8020895  0.6417668999999999  0.07827605229305676
-0.8020895  0.7220506  0.0861927189554075
-0.8020895  0.8023587  0.09413164456707815
-0.8020895  0.8826971  0.10216319707470269
-0.8020895  0.9630974  0.11022177558971452
-0.8020895  1.042449  0.11804320552667004
-0.8020895  1.122794  0.125675501810819
-0.8020895  1.203166  0.13295106498207337
-0.8020895  1.2835999999999999  0.13992057028710678
-0.8020895  1.363934  0.14669575095988893
-0.8020895  1.44431  0.15337937932874673
-0.8020895  1.524644  0.15989205963921577
-0.8020895  1.6050499999999999  0.16596559273664357
-0.8020895  1.684395  0.17119133558865027
-0.8020895  1.76473  0.17564782330079917
-0.8020895  1.8453089999999999  0.17981472367273046
-0.8020895  1.925586  0.18432783540970865
-0.8020895  2.005763  0.18673201018756805

-0.8822523999999999  -0.8822523999999999  -0.07924717039781515
-0.8822523999999999  -0.8020895  -0.07414358816650507
-0.8822523999999999  -0.7218568000000001  -0.06835788162399961
-0.8822523999999999  -0.6415433  -0.062407161348830405
-0.8822523999999999  -0.5611113  -0.05601360124077436
-0.8822523999999999  -0.48081029999999997  -0.049218189433893465
-0.8822523999999999  -0.40050240000000004  -0.04221423304111401
-0.8822523999999999  -0.321188  -0.03520218955248794
-0.8822523999999999  -0.240861  -0.02789660284348134
-0.8822523999999999  -0.16058830000000002  -0.02011461754079802
-0.8822523999999999  -0.08028738  -0.011554485023436319
-0.8822523999999999  7.467647e-5  -0.0020541914926168066
-0.8822523999999999  0.08042777  0.008311134878366036
-0.8822523999999999  0.1607238  0.019247812213840983
-0.8822523999999999  0.2410983  0.030352676000313834
-0.8822523999999999  0.3213207  0.04116106292130665
-0.8822523999999999  0.4006478  0.05125744274754277
-0.8822523999999999  0.4809894  0.06073567342646766
-0.8822523999999999  0.561296  0.06950016835021254
-0.8822523999999999  0.6417668999999999  0.07775950143651333
-0.8822523999999999  0.7220506  0.08572599826307561
-0.8822523999999999  0.8023587  0.09363590824204385
-0.8822523999999999  0.8826971  0.10160075054459375
-0.8822523999999999  0.9630974  0.10960711868661693
-0.8822523999999999  1.042449  0.11743181483661824
-0.8822523999999999  1.122794  0.12513251423288424
-0.8822523999999999  1.203166  0.1325132140934619
-0.8822523999999999  1.2835999999999999  0.13957189120990593
-0.8822523999999999  1.363934  0.14637513142193073
-0.8822523999999999  1.44431  0.1530273478233564
-0.8822523999999999  1.524644  0.15951723774290738
-0.8822523999999999  1.6050499999999999  0.16567888002521086
-0.8822523999999999  1.684395  0.17114463277500383
-0.8822523999999999  1.76473  0.17587484389722485
-0.8822523999999999  1.8453089999999999  0.1800495051482287
-0.8822523999999999  1.925586  0.1842979486284192
-0.8822523999999999  2.005763  0.1883850041141743

-0.9627643  -0.9627643  -0.08833626832383842
-0.9627643  -0.8822523999999999  -0.08338593661924354
-0.9627643  -0.8020895  -0.07742388981168741
-0.9627643  -0.7218568000000001  -0.07168366913419005
-0.9627643  -0.6415433  -0.06567300191464238
-0.9627643  -0.5611113  -0.059122673552284365
-0.9627643  -0.48081029999999997  -0.05217026446948654
-0.9627643  -0.40050240000000004  -0.0450216237587244
-0.9627643  -0.321188  -0.037840886005617025
-0.9627643  -0.240861  -0.030310985156151243
-0.9627643  -0.16058830000000002  -0.022263057563324796
-0.9627643  -0.08028738  -0.013440064327295316
-0.9627643  7.467647e-5  -0.0037325562003518485
-0.9627643  0.08042777  0.006751382413730295
-0.9627643  0.1607238  0.017718564593727684
-0.9627643  0.2410983  0.028796811563821585
-0.9627643  0.3213207  0.03956867143736294
-0.9627643  0.4006478  0.049661912112221845
-0.9627643  0.4809894  0.059195019247483646
-0.9627643  0.561296  0.06807333258019906
-0.9627643  0.6417668999999999  0.0764850281073614
-0.9627643  0.7220506  0.08461283659559007
-0.9627643  0.8023587  0.09267041760411329
-0.9627643  0.8826971  0.10076211934811205
-0.9627643  0.9630974  0.10888583872081092
-0.9627643  1.042449  0.11683603818016602
-0.9627643  1.122794  0.12468627380783359
-0.9627643  1.203166  0.13222942700171575
-0.9627643  1.2835999999999999  0.13942400704811692
-0.9627643  1.363934  0.14627928147598038
-0.9627643  1.44431  0.15285574128082763
-0.9627643  1.524644  0.15915322569540719
-0.9627643  1.6050499999999999  0.1651060117041757
-0.9627643  1.684395  0.1705239811248845
-0.9627643  1.76473  0.17552799130922506
-0.9627643  1.8453089999999999  0.18026241404737606
-0.9627643  1.925586  0.18484975021119116
-0.9627643  2.005763  0.18773664380271798

-1.0421179999999999  -1.0421179999999999  -0.09692814747166487
-1.0421179999999999  -0.9627643  -0.09255972069395038
-1.0421179999999999  -0.8822523999999999  -0.08697674810206776
-1.0421179999999999  -0.8020895  -0.08130725502836442
-1.0421179999999999  -0.7218568000000001  -0.0752751960756072
-1.0421179999999999  -0.6415433  -0.06873575012149975
-1.0421179999999999  -0.5611113  -0.06180903440459901
-1.0421179999999999  -0.48081029999999997  -0.054730016714936436
-1.0421179999999999  -0.40050240000000004  -0.04759412794929658
-1.0421179999999999  -0.321188  -0.0404131010324571
-1.0421179999999999  -0.240861  -0.03277656772897567
-1.0421179999999999  -0.16058830000000002  -0.024507245206198014
-1.0421179999999999  -0.08028738  -0.015401186513923849
-1.0421179999999999  7.467647e-5  -0.0054193760536364105
-1.0421179999999999  0.08042777  0.005277151424332071
-1.0421179999999999  0.1607238  0.01637737695198317
-1.0421179999999999  0.2410983  0.027524538112536006
-1.0421179999999999  0.3213207  0.038334265203202704
-1.0421179999999999  0.4006478  0.048467956784572996
-1.0421179999999999  0.4809894  0.05806743405084779
-1.0421179999999999  0.561296  0.06704234381993875
-1.0421179999999999  0.6417668999999999  0.07557204997516725
-1.0421179999999999  0.7220506  0.08382194031624399
-1.0421179999999999  0.8023587  0.09198990307495258
-1.0421179999999999  0.8826971  0.10017091470113676
-1.0421179999999999  0.9630974  0.10836063927247588
-1.0421179999999999  1.042449  0.11635777264109323
-1.0421179999999999  1.122794  0.12424594865682112
-1.0421179999999999  1.203166  0.13183008985592162
-1.0421179999999999  1.2835999999999999  0.13908728587425878
-1.0421179999999999  1.363934  0.1460501548484434
-1.0421179999999999  1.44431  0.15280052498316934
-1.0421179999999999  1.524644  0.1593350248939656
-1.0421179999999999  1.6050499999999999  0.16552263253590227
-1.0421179999999999  1.684395  0.17101235561698958
-1.0421179999999999  1.76473  0.17569594897795632
-1.0421179999999999  1.8453089999999999  0.17959118677194771
-1.0421179999999999  1.925586  0.183373942660237
-1.0421179999999999  2.005763  0.18806139283401557

-1.12242  -1.12242  -0.10631492369805857
-1.12242  -1.0421179999999999  -0.10200565895893193
-1.12242  -0.9627643  -0.09631493167243747
-1.12242  -0.8822523999999999  -0.09078043808190717
-1.12242  -0.8020895  -0.08515715157267634
-1.12242  -0.7218568000000001  -0.07894689775641396
-1.12242  -0.6415433  -0.07206648695993814
-1.12242  -0.5611113  -0.06475433599627445
-1.12242  -0.48081029999999997  -0.057345631399782784
-1.12242  -0.40050240000000004  -0.04998983221268541
-1.12242  -0.321188  -0.04270489201048627
-1.12242  -0.240861  -0.03504539102219373
-1.12242  -0.16058830000000002  -0.02678308845520543
-1.12242  -0.08028738  -0.017662379454471116
-1.12242  7.467647e-5  -0.0076127839429213275
-1.12242  0.08042777  0.0032074215241912206
-1.12242  0.1607238  0.01446501279546621
-1.12242  0.2410983  0.025769189616182353
-1.12242  0.3213207  0.03670639823982764
-1.12242  0.4006478  0.046928011632499995
-1.12242  0.4809894  0.05659117390503954
-1.12242  0.561296  0.06563556119523255
-1.12242  0.6417668999999999  0.0742733906237736
-1.12242  0.7220506  0.082686410849977
-1.12242  0.8023587  0.09106124352573691
-1.12242  0.8826971  0.09945230685512743
-1.12242  0.9630974  0.10780199382507447
-1.12242  1.042449  0.1158671855966145
-1.12242  1.122794  0.12373045473828553
-1.12242  1.203166  0.13124229383443942
-1.12242  1.2835999999999999  0.13846081532049886
-1.12242  1.363934  0.1454895643115719
-1.12242  1.44431  0.15241303148525
-1.12242  1.524644  0.15912860074626206
-1.12242  1.6050499999999999  0.16535036649975984
-1.12242  1.684395  0.1706724824226112
-1.12242  1.76473  0.17522380077511052
-1.12242  1.8453089999999999  0.17957183732302914
-1.12242  1.925586  0.18432188781237313
-1.12242  2.005763  0.18633397071431215

-1.20272  -1.20272  -0.11576598986140949
-1.20272  -1.12242  -0.11139751496910301
-1.20272  -1.0421179999999999  -0.10634932344314654
-1.20272  -0.9627643  -0.1007263384810817
-1.20272  -0.8822523999999999  -0.09481677618714472
-1.20272  -0.8020895  -0.08875252727102693
-1.20272  -0.7218568000000001  -0.08233124192967979
-1.20272  -0.6415433  -0.0754624206718032
-1.20272  -0.5611113  -0.06821924570557991
-1.20272  -0.48081029999999997  -0.06078529384785364
-1.20272  -0.40050240000000004  -0.05325728087320436
-1.20272  -0.321188  -0.04569894211218079
-1.20272  -0.240861  -0.03774216963641493
-1.20272  -0.16058830000000002  -0.029236061747912857
-1.20272  -0.08028738  -0.019955773492877422
-1.20272  7.467647e-5  -0.00981470928860428
-1.20272  0.08042777  0.0010740323074570337
-1.20272  0.1607238  0.012423799454272418
-1.20272  0.2410983  0.023870271596846047
-1.20272  0.3213207  0.03499496390840263
-1.20272  0.4006478  0.04541711239321619
-1.20272  0.4809894  0.05525992999761985
-1.20272  0.561296  0.06442919266212001
-1.20272  0.6417668999999999  0.07313007028548707
-1.20272  0.7220506  0.08156316789202563
-1.20272  0.8023587  0.08995251724373055
-1.20272  0.8826971  0.09839181454383372
-1.20272  0.9630974  0.10684473041555213
-1.20272  1.042449  0.11505880570378871
-1.20272  1.122794  0.12308634313961105
-1.20272  1.203166  0.1307305394730343
-1.20272  1.2835999999999999  0.1380194605737266
-1.20272  1.363934  0.14506489816952223
-1.20272  1.44431  0.15200362257479094
-1.20272  1.524644  0.15880484091935365
-1.20272  1.6050499999999999  0.1652164136027272
-1.20272  1.684395  0.1707617510417691
-1.20272  1.76473  0.17539545654216632
-1.20272  1.8453089999999999  0.17949973021268406
-1.20272  1.925586  0.18385944927345432
-1.20272  2.005763  0.18685658983498293

-1.283048  -1.283048  -0.12487312873208728
-1.283048  -1.20272  -0.12102270185106931
-1.283048  -1.12242  -0.11624221099866124
-1.283048  -1.0421179999999999  -0.11065620499902638
-1.283048  -0.9627643  -0.1048931175669477
-1.283048  -0.8822523999999999  -0.09896105739743515
-1.283048  -0.8020895  -0.09281995695543527
-1.283048  -0.7218568000000001  -0.08625218484758991
-1.283048  -0.6415433  -0.07920868464597916
-1.283048  -0.5611113  -0.07179273786060861
-1.283048  -0.48081029999999997  -0.06419668401664438
-1.283048  -0.40050240000000004  -0.05651765249503516
-1.283048  -0.321188  -0.048825405350650546
-1.283048  -0.240861  -0.040756791139863205
-1.283048  -0.16058830000000002  -0.032166455227203114
-1.283048  -0.08028738  -0.02281986026060924
-1.283048  7.467647e-5  -0.012607132209939646
-1.283048  0.08042777  -0.0016133243809404406
-1.283048  0.1607238  0.009895484352679508
-1.283048  0.2410983  0.021555846115301838
-1.283048  0.3213207  0.032926649360263155
-1.283048  0.4006478  0.043587609773924924
-1.283048  0.4809894  0.05362882899445401
-1.283048  0.561296  0.06293132782217095
-1.283048  0.6417668999999999  0.07170613100356488
-1.283048  0.7220506  0.08018899436213517
-1.283048  0.8023587  0.0886563689083445
-1.283048  0.8826971  0.09724810812842723
-1.283048  0.9630974  0.10594712097679773
-1.283048  1.042449  0.11447259251311268
-1.283048  1.122794  0.1228235604076374
-1.283048  1.203166  0.13072228473189137
-1.283048  1.2835999999999999  0.13813575627810562
-1.283048  1.363934  0.14516215661848955
-1.283048  1.44431  0.1519801532565649
-1.283048  1.524644  0.15863325796128105
-1.283048  1.6050499999999999  0.16493714361489475
-1.283048  1.684395  0.1704529007581871
-1.283048  1.76473  0.17517244936378168
-1.283048  1.8453089999999999  0.17959390971328443
-1.283048  1.925586  0.18455901780078182
-1.283048  2.005763  0.18711973141438135

-1.363291  -1.363291  -0.13466710110962765
-1.363291  -1.283048  -0.1302801825885717
-1.363291  -1.20272  -0.12596313646562202
-1.363291  -1.12242  -0.12053212174917277
-1.363291  -1.0421179999999999  -0.1147693966343976
-1.363291  -0.9627643  -0.10909006780500932
-1.363291  -0.8822523999999999  -0.10317864093033834
-1.363291  -0.8020895  -0.09686139170737113
-1.363291  -0.7218568000000001  -0.08999078886547103
-1.363291  -0.6415433  -0.08266707671247658
-1.363291  -0.5611113  -0.07510312965210636
-1.363291  -0.48081029999999997  -0.06750453142781072
-1.363291  -0.40050240000000004  -0.05989773276424084
-1.363291  -0.321188  -0.05225384374014131
-1.363291  -0.240861  -0.04414049010217859
-1.363291  -0.16058830000000002  -0.03539900379828941
-1.363291  -0.08028738  -0.025839242305216076
-1.363291  7.467647e-5  -0.015423607211660374
-1.363291  0.08042777  -0.004297921067157359
-1.363291  0.1607238  0.0072520391771119545
-1.363291  0.2410983  0.01889415486309297
-1.363291  0.3213207  0.030253378919096567
-1.363291  0.4006478  0.040976758746026395
-1.363291  0.4809894  0.05119508052871804
-1.363291  0.561296  0.060775768847744646
-1.363291  0.6417668999999999  0.06986872372826103
-1.363291  0.7220506  0.07862183774731508
-1.363291  0.8023587  0.08724231832460172
-1.363291  0.8826971  0.09585412880162873
-1.363291  0.9630974  0.10449221349295013
-1.363291  1.042449  0.11297968166470229
-1.363291  1.122794  0.12141866442860881
-1.363291  1.203166  0.12957916595862878
-1.363291  1.2835999999999999  0.137379353080942
-1.363291  1.363934  0.14478709106089757
-1.363291  1.44431  0.15185492400100714
-1.363291  1.524644  0.15861372267005727
-1.363291  1.6050499999999999  0.16502708030033877
-1.363291  1.684395  0.17082162798774783
-1.363291  1.76473  0.1758376585293929
-1.363291  1.8453089999999999  0.17980575028289014
-1.363291  1.925586  0.18319427761110724
-1.363291  2.005763  0.18830016878186842

-1.443581  -1.443581  -0.14369982621038424
-1.443581  -1.363291  -0.13979334694599677
-1.443581  -1.283048  -0.13555737720127028
-1.443581  -1.20272  -0.13059753119460482
-1.443581  -1.12242  -0.12515339477807275
-1.443581  -1.0421179999999999  -0.11944475357356393
-1.443581  -0.9627643  -0.11358280654447189
-1.443581  -0.8822523999999999  -0.10732844671176245
-1.443581  -0.8020895  -0.10071018475001697
-1.443581  -0.7218568000000001  -0.09369245307385722
-1.443581  -0.6415433  -0.08636088624883315
-1.443581  -0.5611113  -0.07883823156193272
-1.443581  -0.48081029999999997  -0.07123978896158657
-1.443581  -0.40050240000000004  -0.0635511435452403
-1.443581  -0.321188  -0.055759819975209846
-1.443581  -0.240861  -0.04747627856235208
-1.443581  -0.16058830000000002  -0.03859205419022015
-1.443581  -0.08028738  -0.02894343665712738
-1.443581  7.467647e-5  -0.018490570174451583
-1.443581  0.08042777  -0.007357590065169411
-1.443581  0.1607238  0.004196081771417838
-1.443581  0.2410983  0.0158538821310261
-1.443581  0.3213207  0.027240795630828613
-1.443581  0.4006478  0.037993792374091985
-1.443581  0.4809894  0.04823548702787516
-1.443581  0.561296  0.057838843926502764
-1.443581  0.6417668999999999  0.06697787083271148
-1.443581  0.7220506  0.07583801944216224
-1.443581  0.8023587  0.0846619695609647
-1.443581  0.8826971  0.09358707605475361
-1.443581  0.9630974  0.10262809506921672
-1.443581  1.042449  0.1115472534278368
-1.443581  1.122794  0.12038817876939051
-1.443581  1.203166  0.1288578939531058
-1.443581  1.2835999999999999  0.13685375925032978
-1.443581  1.363934  0.14436483558126578
-1.443581  1.44431  0.1514821145142535
-1.443581  1.524644  0.15824939417253597
-1.443581  1.6050499999999999  0.1646017147651963
-1.443581  1.684395  0.17026048998023982
-1.443581  1.76473  0.1752265324133914
-1.443581  1.8453089999999999  0.17963515432902913
-1.443581  1.925586  0.18387353822707467
-1.443581  2.005763  0.18650513366836285

-1.523856  -1.523856  -0.15195940741458758
-1.523856  -1.443581  -0.14874945614857646
-1.523856  -1.363291  -0.14386346031031477
-1.523856  -1.283048  -0.13930940913879275
-1.523856  -1.20272  -0.13442562088122234
-1.523856  -1.12242  -0.12897135043611493
-1.523856  -1.0421179999999999  -0.12311761633063587
-1.523856  -0.9627643  -0.1171263037591761
-1.523856  -0.8822523999999999  -0.11085317554469583
-1.523856  -0.8020895  -0.10430163750410781
-1.523856  -0.7218568000000001  -0.09733517341648332
-1.523856  -0.6415433  -0.08995004682484802
-1.523856  -0.5611113  -0.08224705231089964
-1.523856  -0.48081029999999997  -0.07439316384608154
-1.523856  -0.40050240000000004  -0.0664626867650925
-1.523856  -0.321188  -0.058525004498264636
-1.523856  -0.240861  -0.050224472785402666
-1.523856  -0.16058830000000002  -0.041439057212370185
-1.523856  -0.08028738  -0.03194793284852941
-1.523856  7.467647e-5  -0.02164063704142847
-1.523856  0.08042777  -0.010584876126328238
-1.523856  0.1607238  0.0009815271885034228
-1.523856  0.2410983  0.012727531089349868
-1.523856  0.3213207  0.024238216214592326
-1.523856  0.4006478  0.035105052595418504
-1.523856  0.4809894  0.04542472523363588
-1.523856  0.561296  0.055064261366840984
-1.523856  0.6417668999999999  0.06421941444028928
-1.523856  0.7220506  0.07310984090555109
-1.523856  0.8023587  0.08200921023202686
-1.523856  0.8826971  0.09107095236355695
-1.523856  0.9630974  0.10030743095861844
-1.523856  1.042449  0.1094680624175364
-1.523856  1.122794  0.11860164779512994
-1.523856  1.203166  0.12743035482355058
-1.523856  1.2835999999999999  0.13588073181454854
-1.523856  1.363934  0.1439467435527778
-1.523856  1.44431  0.15165628358945554
-1.523856  1.524644  0.15889240776777755
-1.523856  1.6050499999999999  0.16537883158412772
-1.523856  1.684395  0.17073925011768626
-1.523856  1.76473  0.1752088852401927
-1.523856  1.8453089999999999  0.17960477940696917
-1.523856  1.925586  0.18473733111284346
-1.523856  2.005763  0.18670102985132764

-1.604182  -1.604182  -0.1594612656653797
-1.604182  -1.523856  -0.155917095304047
-1.604182  -1.443581  -0.15181390314829843
-1.604182  -1.363291  -0.14765407008905745
-1.604182  -1.283048  -0.14286796248421088
-1.604182  -1.20272  -0.13744974161686066
-1.604182  -1.12242  -0.1317151822392369
-1.604182  -1.0421179999999999  -0.12587286039138862
-1.604182  -0.9627643  -0.1199723431378242
-1.604182  -0.8822523999999999  -0.1136939637280911
-1.604182  -0.8020895  -0.10700534969464749
-1.604182  -0.7218568000000001  -0.0998506611296003
-1.604182  -0.6415433  -0.09233733152900689
-1.604182  -0.5611113  -0.08463395654786607
-1.604182  -0.48081029999999997  -0.07690098925655425
-1.604182  -0.40050240000000004  -0.06914685086066075
-1.604182  -0.321188  -0.06135376259438444
-1.604182  -0.240861  -0.05310511247286174
-1.604182  -0.16058830000000002  -0.04425771171773845
-1.604182  -0.08028738  -0.03462047231699964
-1.604182  7.467647e-5  -0.024143531024430398
-1.604182  0.08042777  -0.012959958231473721
-1.604182  0.1607238  -0.0013494441606167272
-1.604182  0.2410983  0.010351882947460098
-1.604182  0.3213207  0.02176103487937448
-1.604182  0.4006478  0.03252450194381054
-1.604182  0.4809894  0.04278907967450989
-1.604182  0.561296  0.052456945720212526
-1.604182  0.6417668999999999  0.06172443663122844
-1.604182  0.7220506  0.07078106046425081
-1.604182  0.8023587  0.07985569256768837
-1.604182  0.8826971  0.08906183842348682
-1.604182  0.9630974  0.09839770892217456
-1.604182  1.042449  0.10762986184142274
-1.604182  1.122794  0.11685177719890524
-1.604182  1.203166  0.125831673586994
-1.604182  1.2835999999999999  0.1345209669492547
-1.604182  1.363934  0.14289997475759528
-1.604182  1.44431  0.1509517442120843
-1.604182  1.524644  0.1585069362937831
-1.604182  1.6050499999999999  0.1652587333454969
-1.604182  1.684395  0.1708138015642576
-1.604182  1.76473  0.17535495227019499
-1.604182  1.8453089999999999  0.17955500080911177
-1.604182  1.925586  0.18429741308953487
-1.604182  2.005763  0.1872645185269477

-1.683423  -1.683423  -0.1658409697290476
-1.683423  -1.604182  -0.16273771428916853
-1.683423  -1.523856  -0.15832829109556426
-1.683423  -1.443581  -0.15446313279672322
-1.683423  -1.363291  -0.1501964184083796
-1.683423  -1.283048  -0.14513867194790184
-1.683423  -1.20272  -0.1395099621652019
-1.683423  -1.12242  -0.1336685077738951
-1.683423  -1.0421179999999999  -0.12776534587143606
-1.683423  -0.9627643  -0.12179751600556604
-1.683423  -0.8822523999999999  -0.11543373180854201
-1.683423  -0.8020895  -0.1086668961138579
-1.683423  -0.7218568000000001  -0.10147046933790758
-1.683423  -0.6415433  -0.09396409934780817
-1.683423  -0.5611113  -0.08630447170774672
-1.683423  -0.48081029999999997  -0.07862436013331298
-1.683423  -0.40050240000000004  -0.07090418872582716
-1.683423  -0.321188  -0.06311094738683827
-1.683423  -0.240861  -0.05483148775056475
-1.683423  -0.16058830000000002  -0.04594142671062457
-1.683423  -0.08028738  -0.03627499947407761
-1.683423  7.467647e-5  -0.025803560202612884
-1.683423  0.08042777  -0.014667018411004977
-1.683423  0.1607238  -0.003136219564991702
-1.683423  0.2410983  0.00847484950441943
-1.683423  0.3213207  0.019810106014453193
-1.683423  0.4006478  0.030536429943965812
-1.683423  0.4809894  0.040807874722023074
-1.683423  0.561296  0.050518326200252255
-1.683423  0.6417668999999999  0.05984382980681884
-1.683423  0.7220506  0.06894985802799782
-1.683423  0.8023587  0.07805012875028078
-1.683423  0.8826971  0.0872617911107729
-1.683423  0.9630974  0.0966080548279876
-1.683423  1.042449  0.10589644571410317
-1.683423  1.122794  0.11526614313535166
-1.683423  1.203166  0.12451320355055374
-1.683423  1.2835999999999999  0.1335825101962945
-1.683423  1.363934  0.14240267052150923
-1.683423  1.44431  0.15087026044737434
-1.683423  1.524644  0.15872223413500314
-1.683423  1.6050499999999999  0.16560085350235965
-1.683423  1.684395  0.17115342453804705
-1.683423  1.76473  0.17570903737001242
-1.683423  1.8453089999999999  0.18010021096501644
-1.683423  1.925586  0.185035206628307
-1.683423  2.005763  0.18694089267181882

-1.763714  -1.763714  -0.17137788170450532
-1.763714  -1.683423  -0.16772114604047655
-1.763714  -1.604182  -0.16455409089628426
-1.763714  -1.523856  -0.1602565377307022
-1.763714  -1.443581  -0.1558920923561875
-1.763714  -1.363291  -0.15147064410940386
-1.763714  -1.283048  -0.14661679679049147
-1.763714  -1.20272  -0.1411783613427476
-1.763714  -1.12242  -0.13530810097161305
-1.763714  -1.0421179999999999  -0.12921065148124644
-1.763714  -0.9627643  -0.12303982115732404
-1.763714  -0.8822523999999999  -0.11655917252400658
-1.763714  -0.8020895  -0.10976100694770781
-1.763714  -0.7218568000000001  -0.10254973585977906
-1.763714  -0.6415433  -0.09498315341202185
-1.763714  -0.5611113  -0.08720869903028253
-1.763714  -0.48081029999999997  -0.07940344882502987
-1.763714  -0.40050240000000004  -0.0716102254232605
-1.763714  -0.321188  -0.06383448623635621
-1.763714  -0.240861  -0.055654181565700164
-1.763714  -0.16058830000000002  -0.0468915586596797
-1.763714  -0.08028738  -0.037310591954304397
-1.763714  7.467647e-5  -0.026830736442282836
-1.763714  0.08042777  -0.015586599496031348
-1.763714  0.1607238  -0.0038922087398535494
-1.763714  0.2410983  0.007865320694613194
-1.763714  0.3213207  0.019259983971733598
-1.763714  0.4006478  0.02992628037027381
-1.763714  0.4809894  0.04002968683184448
-1.763714  0.561296  0.04951817821100454
-1.763714  0.6417668999999999  0.05863237957630563
-1.763714  0.7220506  0.06758356468996285
-1.763714  0.8023587  0.07659070122458048
-1.763714  0.8826971  0.08574359274725499
-1.763714  0.9630974  0.09503636689915768
-1.763714  1.042449  0.10428255872843033
-1.763714  1.122794  0.11367668049136515
-1.763714  1.203166  0.1230986848008187
-1.763714  1.2835999999999999  0.1325374618937658
-1.763714  1.363934  0.14185431688091316
-1.763714  1.44431  0.1507614465884268
-1.763714  1.524644  0.15879812859265308
-1.763714  1.6050499999999999  0.16559254266535325
-1.763714  1.684395  0.17107523004531716
-1.763714  1.76473  0.1759008460527315
-1.763714  1.8453089999999999  0.18057879431826207
-1.763714  1.925586  0.1847670496456324
-1.763714  2.005763  0.18808034749735286

-1.844049  -1.844049  -0.17543869160030973
-1.844049  -1.763714  -0.1724036530391423
-1.844049  -1.683423  -0.16951877677586194
-1.844049  -1.604182  -0.1655703965022421
-1.844049  -1.523856  -0.16135782420842235
-1.844049  -1.443581  -0.15709828905912074
-1.844049  -1.363291  -0.1525172807662063
-1.844049  -1.283048  -0.14743318798350846
-1.844049  -1.20272  -0.14188113494575577
-1.844049  -1.12242  -0.1360232352840175
-1.844049  -1.0421179999999999  -0.12996679249513868
-1.844049  -0.9627643  -0.1237839811276871
-1.844049  -0.8822523999999999  -0.11722806754907616
-1.844049  -0.8020895  -0.11033824108625966
-1.844049  -0.7218568000000001  -0.10307107689733791
-1.844049  -0.6415433  -0.09550155474668158
-1.844049  -0.5611113  -0.08774982828165313
-1.844049  -0.48081029999999997  -0.07994302896502496
-1.844049  -0.40050240000000004  -0.07208570544893304
-1.844049  -0.321188  -0.06418314219911979
-1.844049  -0.240861  -0.055848536589032494
-1.844049  -0.16058830000000002  -0.046966554254813615
-1.844049  -0.08028738  -0.037355195833870036
-1.844049  7.467647e-5  -0.026955614135825288
-1.844049  0.08042777  -0.015878057716450636
-1.844049  0.1607238  -0.004377380689360857
-1.844049  0.2410983  0.007229521077768401
-1.844049  0.3213207  0.018568209101545025
-1.844049  0.4006478  0.0292817385179486
-1.844049  0.4809894  0.039504766854851825
-1.844049  0.561296  0.04912421488296019
-1.844049  0.6417668999999999  0.058322280513206176
-1.844049  0.7220506  0.0672808971086965
-1.844049  0.8023587  0.07623267052818289
-1.844049  0.8826971  0.08531314994691738
-1.844049  0.9630974  0.09456333630104327
-1.844049  1.042449  0.10381063570421181
-1.844049  1.122794  0.11321533506836894
-1.844049  1.203166  0.12259435291335605
-1.844049  1.2835999999999999  0.1318985291446162
-1.844049  1.363934  0.14103714887776608
-1.844049  1.44431  0.14986778708342652
-1.844049  1.524644  0.1580909858175425
-1.844049  1.6050499999999999  0.165344854932368
-1.844049  1.684395  0.17127655017434762
-1.844049  1.76473  0.17611494093685476
-1.844049  1.8453089999999999  0.18032899931289975
-1.844049  1.925586  0.18457414679032969
-1.844049  2.005763  0.1888912204010291

-1.9243109999999999  -1.9243109999999999  -0.179747794739666
-1.9243109999999999  -1.844049  -0.1763003242973667
-1.9243109999999999  -1.763714  -0.17372618907949286
-1.9243109999999999  -1.683423  -0.16993018403820176
-1.9243109999999999  -1.604182  -0.1660776256590466
-1.9243109999999999  -1.523856  -0.16225360796837132
-1.9243109999999999  -1.443581  -0.15810991808850833
-1.9243109999999999  -1.363291  -0.15334022454430996
-1.9243109999999999  -1.283048  -0.14798203519537428
-1.9243109999999999  -1.20272  -0.14225969194315546
-1.9243109999999999  -1.12242  -0.13638835671716734
-1.9243109999999999  -1.0421179999999999  -0.13041665886853349
-1.9243109999999999  -0.9627643  -0.12432099513507813
-1.9243109999999999  -0.8822523999999999  -0.1177890767853494
-1.9243109999999999  -0.8020895  -0.11084341569454395
-1.9243109999999999  -0.7218568000000001  -0.10346969129013352
-1.9243109999999999  -0.6415433  -0.09578996169730447
-1.9243109999999999  -0.5611113  -0.0879642155976226
-1.9243109999999999  -0.48081029999999997  -0.08013672856748624
-1.9243109999999999  -0.40050240000000004  -0.07230440665044457
-1.9243109999999999  -0.321188  -0.06444991937157446
-1.9243109999999999  -0.240861  -0.056162726730857294
-1.9243109999999999  -0.16058830000000002  -0.04730927398379883
-1.9243109999999999  -0.08028738  -0.037701536912599455
-1.9243109999999999  7.467647e-5  -0.02728331340928487
-1.9243109999999999  0.08042777  -0.01617331668287682
-1.9243109999999999  0.1607238  -0.004633419681450261
-1.9243109999999999  0.2410983  0.0070142929947536545
-1.9243109999999999  0.3213207  0.018391320544487753
-1.9243109999999999  0.4006478  0.02913535027813435
-1.9243109999999999  0.4809894  0.03937141696986163
-1.9243109999999999  0.561296  0.04897339886144587
-1.9243109999999999  0.6417668999999999  0.05811186544490045
-1.9243109999999999  0.7220506  0.06696745726044981
-1.9243109999999999  0.8023587  0.07578731255481594
-1.9243109999999999  0.8826971  0.08473808808414687
-1.9243109999999999  0.9630974  0.09390082868520633
-1.9243109999999999  1.042449  0.1031346932226456
-1.9243109999999999  1.122794  0.11260516082807566
-1.9243109999999999  1.203166  0.12209882020318574
-1.9243109999999999  1.2835999999999999  0.13150683295613602
-1.9243109999999999  1.363934  0.14068227605104028
-1.9243109999999999  1.44431  0.14947870761890075
-1.9243109999999999  1.524644  0.15768144581781599
-1.9243109999999999  1.6050499999999999  0.16508443588157676
-1.9243109999999999  1.684395  0.1714418988949925
-1.9243109999999999  1.76473  0.17686752020453242
-1.9243109999999999  1.8453089999999999  0.18128523812588407
-1.9243109999999999  1.925586  0.18461494573119416
-1.9243109999999999  2.005763  0.1873251147791615

-2.004614  -2.004614  -0.18269233003956256
-2.004614  -1.9243109999999999  -0.18019673610137432
-2.004614  -1.844049  -0.17715572767114657
-2.004614  -1.763714  -0.17428292651514743
-2.004614  -1.683423  -0.17074001460845942
-2.004614  -1.604182  -0.16673441983243645
-2.004614  -1.523856  -0.16250920776377306
-2.004614  -1.443581  -0.15817748888411456
-2.004614  -1.363291  -0.1535583458333845
-2.004614  -1.283048  -0.1484882706798871
-2.004614  -1.20272  -0.14294072944771957
-2.004614  -1.12242  -0.13702941389569773
-2.004614  -1.0421179999999999  -0.13087444869744982
-2.004614  -0.9627643  -0.12460002542800135
-2.004614  -0.8822523999999999  -0.1179956406631571
-2.004614  -0.8020895  -0.11109697505501512
-2.004614  -0.7218568000000001  -0.10381760363480794
-2.004614  -0.6415433  -0.0961851102605104
-2.004614  -0.5611113  -0.08830215234495198
-2.004614  -0.48081029999999997  -0.08032399329668949
-2.004614  -0.40050240000000004  -0.07231459931034184
-2.004614  -0.321188  -0.06433937258431065
-2.004614  -0.240861  -0.05603761061427498
-2.004614  -0.16058830000000002  -0.04727562323895712
-2.004614  -0.08028738  -0.03781187498140428
-2.004614  7.467647e-5  -0.027516483182172393
-2.004614  0.08042777  -0.016451530094956653
-2.004614  0.1607238  -0.00487183558132357
-2.004614  0.2410983  0.006857259212204746
-2.004614  0.3213207  0.01828656165676579
-2.004614  0.4006478  0.02899693955988651
-2.004614  0.4809894  0.039104175473383074
-2.004614  0.561296  0.048532201709438325
-2.004614  0.6417668999999999  0.057540404472419135
-2.004614  0.7220506  0.06638896681781475
-2.004614  0.8023587  0.07534326007821247
-2.004614  0.8826971  0.08450671491516634
-2.004614  0.9630974  0.09384008517265091
-2.004614  1.042449  0.10309630131121696
-2.004614  1.122794  0.11242739157467418
-2.004614  1.203166  0.12173119898891456
-2.004614  1.2835999999999999  0.131084989331462
-2.004614  1.363934  0.14046115466917367
-2.004614  1.44431  0.14962205021631558
-2.004614  1.524644  0.15804301763355358
-2.004614  1.6050499999999999  0.16522617138081827
-2.004614  1.684395  0.17104064745931347
-2.004614  1.76473  0.17618086521641724
-2.004614  1.8453089999999999  0.18093862872379876
-2.004614  1.925586  0.18428171537336047
-2.004614  2.005763  0.1896103361340577

