1.925586  1.925586  0.1844221
1.925586  1.9655630000000002  0.1863384
1.925586  2.005763  0.1876805
1.8453089999999999  1.8453089999999999  0.1817743
1.8453089999999999  1.899857  0.184455
1.8453089999999999  1.953748  0.1862461
1.8453089999999999  2.005701  0.18761750000000002
1.76473  1.76473  0.17913790000000002
1.76473  1.819346  0.1813849
1.76473  1.873425  0.1837609
1.76473  1.9272660000000001  0.1848609
1.76473  1.9821389999999999  0.18610410000000002
1.76473  2.005802  0.1881594
1.684395  1.684395  0.1753499
1.684395  1.73904  0.1779019
1.684395  1.792872  0.1800331
1.684395  1.846986  0.1825637
1.684395  1.901878  0.1848483
1.684395  1.955689  0.185497
1.684395  2.005667  0.18775160000000002
1.6050499999999999  1.6050499999999999  0.1716203
1.6050499999999999  1.658666  0.1739481
1.6050499999999999  1.7125899999999998  0.1762972
1.6050499999999999  1.767381  0.1780881
1.6050499999999999  1.8212929999999998  0.1806807
1.6050499999999999  1.875361  0.1843689
1.6050499999999999  1.9301810000000001  0.1841554
1.6050499999999999  1.984041  0.18690589999999999
1.6050499999999999  2.0057460000000003  0.1880502
1.524644  1.524644  0.1674119
1.524644  1.578344  0.1701437
1.524644  1.6322139999999998  0.1728147
1.524644  1.687054  0.1756933
1.524644  1.7409590000000001  0.17773840000000002
1.524644  1.794799  0.1789223
1.524644  1.8498320000000001  0.1831361
1.524644  1.903711  0.1836639
1.524644  1.957573  0.18598089999999998
1.524644  2.0056089999999998  0.1893322
1.44431  1.44431  0.1633455
1.44431  1.497925  0.1660263
1.44431  1.551866  0.16838129999999998
1.44431  1.6067159999999998  0.1716939
1.44431  1.660599  0.1745958
1.44431  1.7145299999999999  0.1752434
1.44431  1.7693240000000001  0.17956149999999999
1.44431  1.823195  0.1815912
1.44431  1.877224  0.1825284
1.44431  1.932049  0.1867598
1.44431  1.985942  0.1867541
1.44431  2.005692  0.1882115
1.363934  1.363934  0.158715
1.363934  1.417584  0.1612016
1.363934  1.4724469999999998  0.1641839
1.363934  1.526335  0.16727530000000002
1.363934  1.5802829999999999  0.1700575
1.363934  1.635117  0.1717805
1.363934  1.688973  0.1756525
1.363934  1.742865  0.1769384
1.363934  1.797684  0.1795568
1.363934  1.851754  0.18273019999999998
1.363934  1.905596  0.1832897
1.363934  1.960473  0.1869231
1.363934  2.00556  0.1876273
1.2835999999999999  1.2835999999999999  0.1532847
1.2835999999999999  1.337241  0.1564507
1.2835999999999999  1.392114  0.15910739999999998
1.2835999999999999  1.445989  0.1616829
1.2835999999999999  1.499858  0.1655783
1.2835999999999999  1.554767  0.1685477
1.2835999999999999  1.60863  0.1700364
1.2835999999999999  1.6625029999999998  0.17453799999999997
1.2835999999999999  1.717382  0.17555739999999997
1.2835999999999999  1.7712070000000002  0.1785093
1.2835999999999999  1.825047  0.1817941
1.2835999999999999  1.880134  0.1822938
1.2835999999999999  1.9339570000000001  0.186352
1.2835999999999999  1.987838  0.1870018
1.2835999999999999  2.005631  0.18781979999999998
1.203166  1.203166  0.14747760000000001
1.203166  1.25788  0.1502551
1.203166  1.311753  0.15430549999999998
1.203166  1.365618  0.1576072
1.203166  1.419509  0.1600431
1.203166  1.474382  0.163101
1.203166  1.52824  0.1673028
1.203166  1.5821669999999999  0.1683785
1.203166  1.63702  0.1725601
1.203166  1.6909269999999998  0.1741076
1.203166  1.74476  0.17782489999999998
1.203166  1.799587  0.1798661
1.203166  1.853741  0.1819105
1.203166  1.907484  0.1850692
1.203166  1.962336  0.18554420000000002
1.203166  2.005494  0.1885272
1.122794  1.122794  0.1418006
1.122794  1.177411  0.1451256
1.122794  1.231466  0.1490623
1.122794  1.2852629999999998  0.1520617
1.122794  1.3401569999999998  0.1544148
1.122794  1.394048  0.1590317
1.122794  1.447894  0.1612177
1.122794  1.502731  0.1643498
1.122794  1.5566820000000001  0.1685063
1.122794  1.610529  0.1697034
1.122794  1.6653710000000002  0.17454450000000002
1.122794  1.7193209999999999  0.17509439999999998
1.122794  1.773117  0.1789917
1.122794  1.827974  0.18060649999999998
1.122794  1.8821430000000001  0.18340420000000002
1.122794  1.935849  0.18559699999999998
1.122794  1.990707  0.1868897
1.122794  2.0055709999999998  0.1881939
1.042449  1.042449  0.13558959999999998
1.042449  1.097086  0.1391702
1.042449  1.150985  0.14234370000000002
1.042449  1.204857  0.1462524
1.042449  1.2598179999999999  0.1503656
1.042449  1.313685  0.152149
1.042449  1.36753  0.15653689999999998
1.042449  1.422399  0.1598278
1.042449  1.476269  0.161563
1.042449  1.530157  0.1667416
1.042449  1.585076  0.1679786
1.042449  1.638923  0.17301099999999997
1.042449  1.692846  0.1739148
1.042449  1.747641  0.17798879999999997
1.042449  1.801491  0.1796439
1.042449  1.855521  0.1819972
1.042449  1.910354  0.18489529999999998
1.042449  1.964259  0.18582949999999998
1.042449  2.00542  0.1884292
0.9630974  0.9630974  0.12947
0.9630974  1.016761  0.1326779
0.9630974  1.070628  0.1369752
0.9630974  1.125469  0.13976919999999998
0.9630974  1.179346  0.1433582
0.9630974  1.233393  0.1477067
0.9630974  1.288182  0.14980169999999998
0.9630974  1.3420519999999998  0.15471659999999998
0.9630974  1.395937  0.15693000000000001
0.9630974  1.449804  0.1609002
0.9630974  1.504638  0.1648917
0.9630974  1.558586  0.1665762
0.9630974  1.612459  0.1712575
0.9630974  1.667273  0.1721859
0.9630974  1.721175  0.1770518
0.9630974  1.775009  0.17744179999999998
0.9630974  1.8298530000000002  0.18205780000000002
0.9630974  1.8839059999999999  0.18264999999999998
0.9630974  1.937744  0.1866186
0.9630974  1.9925599999999999  0.1866372
0.9630974  2.005478  0.1881754
0.8826971  0.8826971  0.12261140000000001
0.8826971  0.9363642999999999  0.12630139999999998
0.8826971  0.990263  0.13009489999999999
0.8826971  1.0451279999999998  0.1331213
0.8826971  1.099018  0.1377871
0.8826971  1.1528779999999998  0.1406313
0.8826971  1.207744  0.14446409999999998
0.8826971  1.261714  0.1486614
0.8826971  1.315567  0.1508223
0.8826971  1.370411  0.15611049999999999
0.8826971  1.42431  0.1576643
0.8826971  1.4781739999999999  0.1626973
0.8826971  1.5330270000000001  0.16378289999999998
0.8826971  1.5869449999999998  0.1697302
0.8826971  1.640817  0.1708616
0.8826971  1.695706  0.1751481
0.8826971  1.749541  0.1770366
0.8826971  1.80337  0.17997259999999998
0.8826971  1.858449  0.18225739999999999
0.8826971  1.912231  0.1837138
0.8826971  1.966102  0.1870572
0.8826971  2.005354  0.1871321
0.8023587  0.8023587  0.1158539
0.8023587  0.8560007000000001  0.11949889999999999
0.8023587  0.9098651  0.123371
0.8023587  0.9647776  0.1272467
0.8023587  1.018734  0.1301444
0.8023587  1.072577  0.1349841
0.8023587  1.127406  0.137805
0.8023587  1.181271  0.14190909999999998
0.8023587  1.235297  0.14578839999999998
0.8023587  1.29008  0.14893379999999998
0.8023587  1.3439649999999999  0.1537041
0.8023587  1.397867  0.1553944
0.8023587  1.452693  0.1614099
0.8023587  1.506549  0.1619477
0.8023587  1.560461  0.1679387
0.8023587  1.6153199999999999  0.1682503
0.8023587  1.669159  0.1738248
0.8023587  1.723074  0.17485189999999998
0.8023587  1.777879  0.1790976
0.8023587  1.83175  0.180227
0.8023587  1.885772  0.183749
0.8023587  1.9406020000000002  0.18491749999999998
0.8023587  1.9944439999999999  0.1879199
0.8023587  2.005407  0.1883071
0.7220506  0.7220506  0.1085965
0.7220506  0.7756713  0.1123461
0.7220506  0.8305162  0.1165114
0.7220506  0.8844312  0.1201689
0.7220506  0.9383144999999999  0.12326129999999999
0.7220506  0.9931625000000001  0.1282961
0.7220506  1.047085  0.1311686
0.7220506  1.100943  0.1359322
0.7220506  1.1558030000000001  0.1392178
0.7220506  1.209681  0.14273319999999998
0.7220506  1.26364  0.1471558
0.7220506  1.3175050000000001  0.1498566
0.7220506  1.372318  0.1552919
0.7220506  1.4262059999999999  0.15622699999999998
0.7220506  1.480095  0.162726
0.7220506  1.534941  0.1636265
0.7220506  1.588851  0.1691467
0.7220506  1.642715  0.170185
0.7220506  1.697597  0.17573219999999998
0.7220506  1.7514269999999998  0.17608580000000001
0.7220506  1.805262  0.1805496
0.7220506  1.860266  0.1811411
0.7220506  1.91411  0.18531050000000002
0.7220506  1.967983  0.18545669999999997
0.7220506  2.005287  0.18774929999999998
0.6417668999999999  0.6417668999999999  0.1017642
0.6417668999999999  0.695384  0.104759
0.6417668999999999  0.7502342  0.1087635
0.6417668999999999  0.8040461  0.11339300000000001
0.6417668999999999  0.8579396  0.1159351
0.6417668999999999  0.9128175  0.1208495
0.6417668999999999  0.9667142  0.1239249
0.6417668999999999  1.0206359999999999  0.1282264
0.6417668999999999  1.0754949999999999  0.1325519
0.6417668999999999  1.129334  0.13615170000000001
0.6417668999999999  1.183181  0.1403621
0.6417668999999999  1.2381849999999999  0.14463369999999998
0.6417668999999999  1.29205  0.14830639999999998
0.6417668999999999  1.345886  0.1516741
0.6417668999999999  1.400734  0.1558148
0.6417668999999999  1.454608  0.1585604
0.6417668999999999  1.50847  0.16350420000000002
0.6417668999999999  1.563355  0.165326
0.6417668999999999  1.617237  0.1708596
0.6417668999999999  1.671078  0.1715643
0.6417668999999999  1.725943  0.1763758
0.6417668999999999  1.779781  0.1771037
0.6417668999999999  1.833648  0.1818651
0.6417668999999999  1.8876659999999998  0.1819828
0.6417668999999999  1.942518  0.1863275
0.6417668999999999  1.996357  0.1870962
0.6417668999999999  2.005354  0.1881582
0.561296  0.561296  0.09379809
0.561296  0.6149494  0.09758733
0.561296  0.6698777  0.1014235
0.561296  0.7237672  0.10530880000000001
0.561296  0.7776152  0.1082774
0.561296  0.8324758000000001  0.11363759999999999
0.561296  0.886345  0.117214
0.561296  0.9402462  0.1213073
0.561296  0.9950938  0.1260013
0.561296  1.049017  0.1291672
0.561296  1.1028889999999998  0.1344694
0.561296  1.157731  0.1369136
0.561296  1.211617  0.14303570000000002
0.561296  1.265565  0.14500639999999998
0.561296  1.320383  0.1503408
0.561296  1.374263  0.1524922
0.561296  1.428108  0.1585566
0.561296  1.4829670000000001  0.1598741
0.561296  1.53708  0.16627379999999997
0.561296  1.5907550000000001  0.1663134
0.561296  1.645582  0.1721633
0.561296  1.6994960000000001  0.1727725
0.561296  1.753338  0.1779694
0.561296  1.808146  0.1781082
0.561296  1.8621679999999998  0.1834732
0.561296  1.916062  0.18303899999999998
0.561296  1.9708409999999998  0.1882749
0.561296  2.005238  0.1882972
0.4809894  0.4809894  0.08629128
0.4809894  0.5355884  0.08947485999999999
0.4809894  0.5894855  0.09442389
0.4809894  0.6434597  0.09711059
0.4809894  0.6983102999999999  0.1018043
0.4809894  0.7521405999999999  0.1061938
0.4809894  0.8060202000000001  0.1097394
0.4809894  0.8608472  0.11497020000000001
0.4809894  0.9147189  0.1173819
0.4809894  0.9686473  0.12359019999999998
0.4809894  1.023554  0.1252291
0.4809894  1.0774590000000002  0.1316581
0.4809894  1.131279  0.1339137
0.4809894  1.185113  0.14019969999999998
0.4809894  1.240104  0.14234929999999998
0.4809894  1.293906  0.148404
0.4809894  1.347783  0.1496602
0.4809894  1.402677  0.1558095
0.4809894  1.456529  0.157324
0.4809894  1.510393  0.16371
0.4809894  1.565251  0.1647993
0.4809894  1.619127  0.17002099999999998
0.4809894  1.672982  0.1707838
0.4809894  1.727842  0.17728839999999998
0.4809894  1.781696  0.17668419999999999
0.4809894  1.835557  0.1818785
0.4809894  1.890521  0.182212
0.4809894  1.944375  0.1864722
0.4809894  1.998281  0.1872896
0.4809894  2.005298  0.188474
0.4006478  0.4006478  0.07731874
0.4006478  0.4552539  0.08161378000000001
0.4006478  0.5091412000000001  0.08561165999999999
0.4006478  0.5630245  0.08955551
0.4006478  0.6180018  0.09464331
0.4006478  0.6718377000000001  0.09754151
0.4006478  0.7257448000000001  0.1028463
0.4006478  0.7805335999999999  0.1061035
0.4006478  0.8343973  0.11199899999999999
0.4006478  0.8882772  0.1142698
0.4006478  0.943182  0.12053069999999999
0.4006478  0.9970315000000001  0.1228438
0.4006478  1.050946  0.1291881
0.4006478  1.105802  0.1310824
0.4006478  1.1596279999999999  0.1374808
0.4006478  1.213536  0.13905889999999999
0.4006478  1.268475  0.1458958
0.4006478  1.3223150000000001  0.14766390000000001
0.4006478  1.376175  0.1541448
0.4006478  1.431003  0.1555656
0.4006478  1.484873  0.1614016
0.4006478  1.538816  0.1626595
0.4006478  1.593641  0.1679631
0.4006478  1.647511  0.1700544
0.4006478  1.701403  0.174772
0.4006478  1.75617  0.17647069999999998
0.4006478  1.810035  0.18050750000000002
0.4006478  1.8640809999999999  0.1813207
0.4006478  1.9179110000000001  0.1853445
0.4006478  1.972754  0.1869524
0.4006478  2.005191  0.1885822
0.3213207  0.3213207  0.06995714
0.3213207  0.37493909999999997  0.07333982
0.3213207  0.4287978  0.07799413
0.3213207  0.482702  0.08116261
0.3213207  0.5375435  0.08670415
0.3213207  0.5914191  0.08998186
0.3213207  0.6454174  0.09482424
0.3213207  0.700251  0.09897499
0.3213207  0.7540648999999999  0.1028799
0.3213207  0.8079521999999999  0.1075677
0.3213207  0.8627847000000001  0.11179689999999999
0.3213207  0.9166518  0.1164181
0.3213207  0.9706262  0.1211219
0.3213207  1.025472  0.12474520000000001
0.3213207  1.079382  0.13018649999999998
0.3213207  1.1332149999999999  0.13272779999999998
0.3213207  1.188018  0.1389033
0.3213207  1.242032  0.14172680000000001
0.3213207  1.295843  0.1466471
0.3213207  1.350678  0.1490931
0.3213207  1.404568  0.1558784
0.3213207  1.458433  0.157276
0.3213207  1.513269  0.1628667
0.3213207  1.567182  0.164396
0.3213207  1.621045  0.1700369
0.3213207  1.6758689999999998  0.1708962
0.3213207  1.7297719999999999  0.17638399999999999
0.3213207  1.7835809999999999  0.17623049999999998
0.3213207  1.838438  0.1818127
0.3213207  1.892444  0.1824799
0.3213207  1.946308  0.1862992
0.3213207  2.001147  0.1880927
0.3213207  2.005255  0.1884866
0.2410983  0.2410983  0.06118257
0.2410983  0.2946002  0.06512055
0.2410983  0.3485011  0.06857355999999999
0.2410983  0.4033363  0.07415505
0.2410983  0.4572194  0.07780889
0.2410983  0.5111015  0.08240915
0.2410983  0.5659659  0.08694675
0.2410983  0.6199894  0.09090838
0.2410983  0.6737877999999999  0.09537036
0.2410983  0.7286313  0.09992615
0.2410983  0.7824743999999999  0.1043487
0.2410983  0.8363762  0.10863779999999999
0.2410983  0.8912064000000001  0.1128874
0.2410983  0.9451217000000001  0.118007
0.2410983  0.9990002  0.1216342
0.2410983  1.053854  0.1278754
0.2410983  1.107754  0.1303741
0.2410983  1.1615730000000002  0.1366431
0.2410983  1.2154449999999999  0.13800469999999998
0.2410983  1.2704090000000001  0.1449229
0.2410983  1.324234  0.1466329
0.2410983  1.378096  0.1534029
0.2410983  1.432932  0.1547346
0.2410983  1.486802  0.1608097
0.2410983  1.5407380000000002  0.1622553
0.2410983  1.595587  0.16747959999999998
0.2410983  1.649422  0.1695384
0.2410983  1.703328  0.1745169
0.2410983  1.758125  0.1771999
0.2410983  1.811957  0.17908079999999998
0.2410983  1.866  0.1829606
0.2410983  1.921073  0.1836877
0.2410983  1.9746489999999999  0.1878258
0.2410983  2.005156  0.1883815
0.1607238  0.1607238  0.05259239
0.1607238  0.2143719  0.05646436
0.1607238  0.2681724  0.06032934
0.1607238  0.3230867  0.06543333
0.1607238  0.3768976  0.06935376
0.1607238  0.4307366  0.07415572999999999
0.1607238  0.4856422  0.07796241
0.1607238  0.5395270000000001  0.08279525
0.1607238  0.593384  0.08721514
0.1607238  0.6483312  0.09229195999999999
0.1607238  0.7022195  0.09628605
0.1607238  0.7560076  0.10125440000000001
0.1607238  0.8108787  0.1053697
0.1607238  0.8647855  0.1110899
0.1607238  0.9185983  0.11345699999999999
0.1607238  0.9734989000000001  0.1204794
0.1607238  1.027426  0.1224633
0.1607238  1.0813240000000002  0.129184
0.1607238  1.136155  0.1312598
0.1607238  1.1899860000000002  0.1381552
0.1607238  1.244012  0.1402937
0.1607238  1.298758  0.14655169999999998
0.1607238  1.3526310000000001  0.1489679
0.1607238  1.406497  0.153667
0.1607238  1.461365  0.15818959999999999
0.1607238  1.5152260000000002  0.16164689999999998
0.1607238  1.569129  0.1656076
0.1607238  1.623953  0.16821429999999998
0.1607238  1.6778030000000002  0.1731926
0.1607238  1.731691  0.1733243
0.1607238  1.785517  0.1795322
0.1607238  1.840387  0.1798701
0.1607238  1.894396  0.1850441
0.1607238  1.948218  0.1843377
0.1607238  2.003081  0.1886115
0.1607238  2.005237  0.1882137
0.08042777  0.08042777  0.043017599999999996
0.08042777  0.1340338  0.04722382
0.08042777  0.18888310000000003  0.05231511
0.08042777  0.2427336  0.05596599
0.08042777  0.29657819999999996  0.0615841
0.08042777  0.35149430000000004  0.06460431
0.08042777  0.4053204  0.07031054999999999
0.08042777  0.4591848  0.07427497
0.08042777  0.5130552  0.08006468
0.08042777  0.5679268  0.08263920999999999
0.08042777  0.6218934  0.08882793
0.08042777  0.6757358  0.09227031000000001
0.08042777  0.7307028  0.09874736
0.08042777  0.784437  0.1010839
0.08042777  0.8382904999999999  0.1076448
0.08042777  0.8931262000000001  0.11033710000000001
0.08042777  0.9470777  0.1164334
0.08042777  1.000918  0.1196145
0.08042777  1.055801  0.1253144
0.08042777  1.109729  0.12906279999999998
0.08042777  1.163545  0.13379829999999998
0.08042777  1.218372  0.13912239999999998
0.08042777  1.272324  0.1427994
0.08042777  1.3262049999999999  0.1479704
0.08042777  1.381021  0.1506166
0.08042777  1.4348830000000001  0.15662130000000002
0.08042777  1.4887560000000002  0.157708
0.08042777  1.543635  0.1650717
0.08042777  1.59752  0.1652896
0.08042777  1.651376  0.17146389999999997
0.08042777  1.706239  0.1727164
0.08042777  1.760071  0.1773764
0.08042777  1.813892  0.1792983
0.08042777  1.8688900000000002  0.1822647
0.08042777  1.922747  0.1852946
0.08042777  1.976594  0.18597629999999998
0.08042777  2.005137  0.18766719999999998
7.467647e-5  7.467647e-5  0.03333332
7.467647e-5  0.05374543  0.03741207
7.467647e-5  0.1085487  0.042791119999999995
7.467647e-5  0.16243709999999997  0.047258669999999996
7.467647e-5  0.2163092  0.051328040000000005
7.467647e-5  0.27112790000000003  0.05685024
7.467647e-5  0.3250593  0.060268379999999996
7.467647e-5  0.378908  0.06630641
7.467647e-5  0.4336962  0.06995533
7.467647e-5  0.4875845  0.07589144
7.467647e-5  0.5414694  0.0797082
7.467647e-5  0.5962372  0.08462889
7.467647e-5  0.6502863  0.08978915999999999
7.467647e-5  0.7041772999999999  0.09356777999999999
7.467647e-5  0.7589554000000001  0.09926093
7.467647e-5  0.8128174  0.10275000000000001
7.467647e-5  0.8666895  0.1092101
7.467647e-5  0.9215316  0.1119536
7.467647e-5  0.9754556  0.1190962
7.467647e-5  1.0293800000000002  0.1210257
7.467647e-5  1.0832950000000001  0.1277427
7.467647e-5  1.138098  0.13070299999999999
7.467647e-5  1.1919549999999999  0.1367216
7.467647e-5  1.2459090000000002  0.13964159999999998
7.467647e-5  1.300695  0.1448858
7.467647e-5  1.354608  0.148987
7.467647e-5  1.408468  0.152853
7.467647e-5  1.4633019999999999  0.1579843
7.467647e-5  1.517153  0.1601097
7.467647e-5  1.5710840000000001  0.1661513
7.467647e-5  1.625889  0.16681580000000001
7.467647e-5  1.67975  0.1731172
7.467647e-5  1.733665  0.173868
7.467647e-5  1.788435  0.1784691
7.467647e-5  1.8423209999999999  0.180261
7.467647e-5  1.8962999999999999  0.1833759
7.467647e-5  1.9511479999999999  0.18542140000000001
7.467647e-5  2.005028  0.1872082
-0.08028738  -0.08028738  0.022841419999999998
-0.08028738  -0.026631830000000002  0.026429110000000002
-0.08028738  0.0282443  0.0318755
-0.08028738  0.08212859  0.03691052
-0.08028738  0.1359945  0.04161481
-0.08028738  0.1908518  0.047724859999999994
-0.08028738  0.2447057  0.051125409999999996
-0.08028738  0.2985712  0.05806115
-0.08028738  0.3534215  0.06122218
-0.08028738  0.40726979999999996  0.06722705
-0.08028738  0.4611481  0.07112798
-0.08028738  0.5159914999999999  0.07600577
-0.08028738  0.5698714  0.08151556
-0.08028738  0.6238488  0.08497789
-0.08028738  0.6786617  0.09155153
-0.08028738  0.7325412  0.09439792
-0.08028738  0.7863789  0.1017263
-0.08028738  0.8412386000000001  0.1041388
-0.08028738  0.8950961  0.1110882
-0.08028738  0.9490252  0.1139109
-0.08028738  1.003913  0.1200031
-0.08028738  1.057763  0.12428170000000001
-0.08028738  1.1116469999999998  0.12923489999999999
-0.08028738  1.166469  0.13355499999999998
-0.08028738  1.220273  0.1369615
-0.08028738  1.274268  0.1440539
-0.08028738  1.3291030000000001  0.1451772
-0.08028738  1.383214  0.1523518
-0.08028738  1.436818  0.1542167
-0.08028738  1.491663  0.16048310000000002
-0.08028738  1.5455889999999999  0.1617069
-0.08028738  1.59946  0.167581
-0.08028738  1.653328  0.1687349
-0.08028738  1.708167  0.1731238
-0.08028738  1.7619939999999998  0.1772312
-0.08028738  1.815856  0.1784236
-0.08028738  1.870826  0.1834942
-0.08028738  1.924684  0.18336449999999999
-0.08028738  1.9786089999999998  0.1881749
-0.08028738  2.005124  0.1884679
-0.16058830000000002  -0.16058830000000002  0.0105555
-0.16058830000000002  -0.1059606  0.01465413
-0.16058830000000002  -0.052078189999999996  0.018623169999999998
-0.16058830000000002  0.001834589  0.02490233
-0.16058830000000002  0.05664607  0.03065184
-0.16058830000000002  0.11050660000000001  0.03580269
-0.16058830000000002  0.16441650000000002  0.04206746
-0.16058830000000002  0.21925989999999998  0.04654511
-0.16058830000000002  0.27307909999999996  0.052679290000000004
-0.16058830000000002  0.32702159999999997  0.05740112
-0.16058830000000002  0.3808625  0.06204053
-0.16058830000000002  0.4356582  0.06846192000000001
-0.16058830000000002  0.48953070000000004  0.07161888999999999
-0.16058830000000002  0.543414  0.07864362
-0.16058830000000002  0.5982746  0.0811951
-0.16058830000000002  0.6522359  0.08828414
-0.16058830000000002  0.706102  0.09144205
-0.16058830000000002  0.760894  0.09831753
-0.16058830000000002  0.8147799  0.10148149999999999
-0.16058830000000002  0.8686406  0.1063094
-0.16058830000000002  0.9235576999999999  0.1115533
-0.16058830000000002  0.9773833  0.1160716
-0.16058830000000002  1.03132  0.1202432
-0.16058830000000002  1.0862049999999999  0.1258351
-0.16058830000000002  1.140037  0.1309961
-0.16058830000000002  1.193884  0.1349246
-0.16058830000000002  1.248938  0.1408471
-0.16058830000000002  1.3026389999999999  0.1425765
-0.16058830000000002  1.3564949999999998  0.15045429999999999
-0.16058830000000002  1.411347  0.15118710000000002
-0.16058830000000002  1.465233  0.15833509999999998
-0.16058830000000002  1.519099  0.1597922
-0.16058830000000002  1.574008  0.165676
-0.16058830000000002  1.627827  0.1677306
-0.16058830000000002  1.681689  0.1710989
-0.16058830000000002  1.736543  0.17571430000000002
-0.16058830000000002  1.790361  0.1771787
-0.16058830000000002  1.844368  0.1824361
-0.16058830000000002  1.899254  0.1820145
-0.16058830000000002  1.953072  0.1870962
-0.16058830000000002  2.005013  0.1871003
-0.240861  -0.240861  -0.002357353
-0.240861  -0.1862654  0.001597689
-0.240861  -0.1323956  0.006457533
-0.240861  -0.0785544  0.01042041
-0.240861  -0.02369963  0.01723653
-0.240861  0.03023735  0.021198859999999996
-0.240861  0.0840778  0.029313099999999998
-0.240861  0.1389269  0.03368862
-0.240861  0.1930104  0.04287604
-0.240861  0.2466488  0.04629049
-0.240861  0.3014709  0.05389274
-0.240861  0.3553915  0.05752236
-0.240861  0.4092492  0.06378481
-0.240861  0.4641157  0.06878492
-0.240861  0.5179554000000001  0.07340763
-0.240861  0.5718274  0.0791444
-0.240861  0.626761  0.08274479
-0.240861  0.680626  0.08930795
-0.240861  0.7344755000000001  0.09273278
-0.240861  0.7893261  0.0996721
-0.240861  0.8431946  0.10234109999999999
-0.240861  0.8970250999999999  0.1093048
-0.240861  0.9509638  0.11213519999999999
-0.240861  1.0058529999999999  0.11946269999999999
-0.240861  1.059698  0.1220704
-0.240861  1.1135920000000001  0.128361
-0.240861  1.168432  0.13304169999999998
-0.240861  1.2222680000000001  0.13685119999999998
-0.240861  1.276207  0.14281349999999998
-0.240861  1.33106  0.14450079999999998
-0.240861  1.3849369999999999  0.1518899
-0.240861  1.4387590000000001  0.15307839999999998
-0.240861  1.493632  0.1605558
-0.240861  1.547528  0.16104110000000002
-0.240861  1.601378  0.1665113
-0.240861  1.6562249999999998  0.1703345
-0.240861  1.710129  0.17260769999999998
-0.240861  1.763921  0.1774208
-0.240861  1.818766  0.1778127
-0.240861  1.87285  0.1838949
-0.240861  1.9266079999999999  0.18308460000000001
-0.240861  1.981453  0.1872986
-0.240861  2.005104  0.1878566
-0.321188  -0.321188  -0.013627130000000001
-0.321188  -0.2665154  -0.009460642
-0.321188  -0.2126805  -0.004653529
-0.321188  -0.1588166  -0.001387276
-0.321188  -0.1039958  0.004887987
-0.321188  -0.05012244  0.009076584
-0.321188  0.0037913359999999998  0.015896789999999997
-0.321188  0.05865117  0.01961239
-0.321188  0.1124858  0.02915809
-0.321188  0.16636240000000002  0.03328743
-0.321188  0.2211875  0.0430924
-0.321188  0.2750442  0.047437349999999996
-0.321188  0.32896210000000004  0.053523329999999994
-0.321188  0.3837936  0.0604192
-0.321188  0.4376871  0.06329818
-0.321188  0.49150459999999996  0.07113809
-0.321188  0.5463443  0.07384939
-0.321188  0.6002296  0.08125159
-0.321188  0.6542132  0.08446748999999999
-0.321188  0.7090352  0.09127743
-0.321188  0.7628716  0.09466381
-0.321188  0.8167648000000001  0.1007018
-0.321188  0.8715455  0.10541489999999999
-0.321188  0.9254886999999999  0.1088566
-0.321188  0.9793246  0.1164525
-0.321188  1.034225  0.11880740000000001
-0.321188  1.0881569999999998  0.1264224
-0.321188  1.142002  0.12796
-0.321188  1.196825  0.13597220000000002
-0.321188  1.2507750000000002  0.1386379
-0.321188  1.30459  0.143445
-0.321188  1.359434  0.148469
-0.321188  1.413319  0.15202069999999998
-0.321188  1.4671880000000002  0.158476
-0.321188  1.5220019999999999  0.15937659999999998
-0.321188  1.57595  0.16620069999999998
-0.321188  1.6297570000000001  0.16714320000000002
-0.321188  1.6836220000000002  0.1723738
-0.321188  1.738518  0.1745233
-0.321188  1.792299  0.1777964
-0.321188  1.846373  0.182669
-0.321188  1.901146  0.1822146
-0.321188  1.955019  0.18644239999999998
-0.321188  2.005001  0.1868929
-0.40050240000000004  -0.40050240000000004  -0.02350364
-0.40050240000000004  -0.346868  -0.02025692
-0.40050240000000004  -0.2929387  -0.0162607
-0.40050240000000004  -0.2381547  -0.01086912
-0.40050240000000004  -0.1842875  -0.007231237
-0.40050240000000004  -0.13040880000000002  -0.001113053
-0.40050240000000004  -0.07569678  0.003094983
-0.40050240000000004  -0.02174081  0.009484626999999999
-0.40050240000000004  0.03217972  0.01405733
-0.40050240000000004  0.08702081  0.0221352
-0.40050240000000004  0.14086859999999998  0.02727058
-0.40050240000000004  0.1947732  0.03653076
-0.40050240000000004  0.24862469999999998  0.04267442
-0.40050240000000004  0.3034347  0.0492832
-0.40050240000000004  0.3573516  0.05522596
-0.40050240000000004  0.4112158  0.05940599
-0.40050240000000004  0.4660765  0.06708916000000001
-0.40050240000000004  0.5199281  0.07029172
-0.40050240000000004  0.5737897000000001  0.07739851
-0.40050240000000004  0.6287273999999999  0.0815786
-0.40050240000000004  0.6826171000000001  0.08673333
-0.40050240000000004  0.7364469  0.09169953
-0.40050240000000004  0.7912449  0.09647271
-0.40050240000000004  0.8451368  0.10312339999999999
-0.40050240000000004  0.8989906  0.10582369999999999
-0.40050240000000004  0.9538959  0.1137769
-0.40050240000000004  1.0077960000000001  0.1161933
-0.40050240000000004  1.061683  0.12296599999999999
-0.40050240000000004  1.11652  0.12715179999999998
-0.40050240000000004  1.170375  0.13133409999999998
-0.40050240000000004  1.224222  0.1369967
-0.40050240000000004  1.279133  0.1396072
-0.40050240000000004  1.3330009999999999  0.1472552
-0.40050240000000004  1.386891  0.1480245
-0.40050240000000004  1.4417039999999999  0.1554157
-0.40050240000000004  1.495554  0.157833
-0.40050240000000004  1.5494809999999999  0.1632723
-0.40050240000000004  1.6043150000000002  0.1668535
-0.40050240000000004  1.658166  0.16857640000000002
-0.40050240000000004  1.712083  0.17503899999999997
-0.40050240000000004  1.7668510000000002  0.17497500000000002
-0.40050240000000004  1.820724  0.1807219
-0.40050240000000004  1.874709  0.1811052
-0.40050240000000004  1.929535  0.1852229
-0.40050240000000004  1.983422  0.187219
-0.40050240000000004  2.005097  0.1875995
-0.48081029999999997  -0.48081029999999997  -0.03331623
-0.48081029999999997  -0.4271739  -0.02952506
-0.48081029999999997  -0.3732746  -0.02561437
-0.48081029999999997  -0.3184889  -0.02172254
-0.48081029999999997  -0.264562  -0.016103259999999998
-0.48081029999999997  -0.2107423  -0.01295279
-0.48081029999999997  -0.15588839999999998  -0.006709964
-0.48081029999999997  -0.1020042  -0.0029898539999999997
-0.48081029999999997  -0.048156239999999996  0.00380558
-0.48081029999999997  0.006731733  0.008585240999999999
-0.48081029999999997  0.060565959999999995  0.01591803
-0.48081029999999997  0.1144263  0.02182547
-0.48081029999999997  0.1692837  0.02927812
-0.48081029999999997  0.2231628  0.03819252
-0.48081029999999997  0.277001  0.04278155
-0.48081029999999997  0.33191149999999997  0.05227755
-0.48081029999999997  0.3857729  0.05526687
-0.48081029999999997  0.4396116  0.06273643999999999
-0.48081029999999997  0.4944398  0.06781296999999999
-0.48081029999999997  0.5482695  0.07246075
-0.48081029999999997  0.6021873000000001  0.07912394
-0.48081029999999997  0.6571263  0.08204683
-0.48081029999999997  0.7109960999999999  0.09008956
-0.48081029999999997  0.76481  0.0921512
-0.48081029999999997  0.8196625000000001  0.1002373
-0.48081029999999997  0.8735143000000001  0.1028645
-0.48081029999999997  0.9274641  0.1095496
-0.48081029999999997  0.9813126  0.1132248
-0.48081029999999997  1.036184  0.1186627
-0.48081029999999997  1.090085  0.12484829999999998
-0.48081029999999997  1.143946  0.12784140000000002
-0.48081029999999997  1.198753  0.1356111
-0.48081029999999997  1.252736  0.1365347
-0.48081029999999997  1.3067  0.14458769999999999
-0.48081029999999997  1.361368  0.1468824
-0.48081029999999997  1.4152449999999999  0.1527651
-0.48081029999999997  1.469122  0.15685929999999998
-0.48081029999999997  1.523955  0.1592363
-0.48081029999999997  1.5778979999999998  0.1661331
-0.48081029999999997  1.6317329999999999  0.1663113
-0.48081029999999997  1.68655  0.17321679999999998
-0.48081029999999997  1.7404300000000001  0.1742534
-0.48081029999999997  1.794252  0.1777589
-0.48081029999999997  1.849252  0.1815464
-0.48081029999999997  1.903119  0.18327339999999998
-0.48081029999999997  1.956985  0.18750329999999998
-0.48081029999999997  2.004997  0.1866806
-0.5611113  -0.5611113  -0.04225016
-0.5611113  -0.5075043  -0.03887878
-0.5611113  -0.4536255  -0.03519166
-0.5611113  -0.3987673  -0.03050346
-0.5611113  -0.3448091  -0.02695007
-0.5611113  -0.2909816  -0.02142908
-0.5611113  -0.2361817  -0.01792778
-0.5611113  -0.182326  -0.011876629999999999
-0.5611113  -0.1284358  -0.008389941
-0.5611113  -0.0735847  -0.001218851
-0.5611113  -0.01977588  0.003180302
-0.5611113  0.03412666  0.010184529999999999
-0.5611113  0.08898013  0.01739253
-0.5611113  0.1428322  0.022487709999999998
-0.5611113  0.1967279  0.03281612
-0.5611113  0.2515234  0.03764049
-0.5611113  0.3053763  0.046517819999999994
-0.5611113  0.359299  0.051958700000000003
-0.5611113  0.414148  0.05712699
-0.5611113  0.4680384  0.06472598
-0.5611113  0.5218615999999999  0.06762433999999999
-0.5611113  0.5767224  0.07561311
-0.5611113  0.6306704999999999  0.07893003
-0.5611113  0.6845220000000001  0.08566256
-0.5611113  0.7393605999999999  0.09061334
-0.5611113  0.7932157  0.09441412
-0.5611113  0.847088  0.102075
-0.5611113  0.9019031  0.1045393
-0.5611113  0.9558317  0.1127702
-0.5611113  1.00976  0.1145687
-0.5611113  1.064583  0.1216057
-0.5611113  1.118467  0.126548
-0.5611113  1.1723160000000001  0.1310691
-0.5611113  1.227153  0.136419
-0.5611113  1.28107  0.1389791
-0.5611113  1.33495  0.1471715
-0.5611113  1.389807  0.1481148
-0.5611113  1.443655  0.1554393
-0.5611113  1.4975019999999999  0.1569573
-0.5611113  1.551432  0.162914
-0.5611113  1.606244  0.1663867
-0.5611113  1.660114  0.1687146
-0.5611113  1.7140060000000001  0.1747005
-0.5611113  1.7688130000000002  0.1748142
-0.5611113  1.8226600000000002  0.1804706
-0.5611113  1.876659  0.1814391
-0.5611113  1.9314639999999998  0.18426689999999998
-0.5611113  1.985329  0.1877843
-0.5611113  2.0050909999999997  0.18756109999999998
-0.6415433  -0.6415433  -0.051999500000000004
-0.6415433  -0.5878065  -0.04838118
-0.6415433  -0.5329587  -0.04412858
-0.6415433  -0.47903019999999996  -0.0405395
-0.6415433  -0.4251895  -0.036111729999999995
-0.6415433  -0.3703759  -0.03198675
-0.6415433  -0.3165131  -0.02656806
-0.6415433  -0.2625883  -0.02250715
-0.6415433  -0.20779419999999998  -0.0165207
-0.6415433  -0.1539058  -0.013191119999999999
-0.6415433  -0.10002240000000001  -0.006250246
-0.6415433  -0.04519197  -0.002792078
-0.6415433  0.008687482  0.006422003
-0.6415433  0.0625233  0.009679989
-0.6415433  0.1173736  0.01902622
-0.6415433  0.171276  0.025358029999999997
-0.6415433  0.2251129  0.03293803
-0.6415433  0.2789475  0.04241486999999999
-0.6415433  0.333856  0.04632727
-0.6415433  0.38771249999999996  0.05471602
-0.6415433  0.44158010000000003  0.05920919
-0.6415433  0.4964383  0.0644445
-0.6415433  0.5502579  0.07198528
-0.6415433  0.6041282  0.07536408
-0.6415433  0.6590765000000001  0.08322053
-0.6415433  0.7129352999999999  0.08493703000000001
-0.6415433  0.7667695999999999  0.09378014
-0.6415433  0.8216642000000001  0.09648519
-0.6415433  0.8754683999999999  0.1036819
-0.6415433  0.9293828999999999  0.10747949999999999
-0.6415433  0.9842226000000001  0.1116088
-0.6415433  1.038155  0.11934600000000001
-0.6415433  1.092036  0.1214754
-0.6415433  1.146891  0.1297662
-0.6415433  1.2007439999999998  0.1313572
-0.6415433  1.2546359999999999  0.1390167
-0.6415433  1.309472  0.1427861
-0.6415433  1.363316  0.14700029999999997
-0.6415433  1.417211  0.1529564
-0.6415433  1.4720689999999998  0.1543426
-0.6415433  1.5259090000000002  0.16240459999999998
-0.6415433  1.579828  0.16252589999999997
-0.6415433  1.634665  0.16839780000000001
-0.6415433  1.688504  0.1713106
-0.6415433  1.742382  0.17410879999999998
-0.6415433  1.797194  0.17940609999999999
-0.6415433  1.851241  0.1790274
-0.6415433  1.9050340000000001  0.1839729
-0.6415433  1.959897  0.18497650000000002
-0.6415433  2.004991  0.1883579
-0.7218568000000001  -0.7218568000000001  -0.06098711
-0.7218568000000001  -0.6682108  -0.05767756
-0.7218568000000001  -0.6134089  -0.05409274
-0.7218568000000001  -0.5593809  -0.05009654
-0.7218568000000001  -0.5055128  -0.04548359
-0.7218568000000001  -0.45068169999999996  -0.04114588
-0.7218568000000001  -0.39681459999999996  -0.03659357
-0.7218568000000001  -0.342942  -0.03199886
-0.7218568000000001  -0.28804090000000004  -0.02764961
-0.7218568000000001  -0.2342023  -0.02149441
-0.7218568000000001  -0.1803406  -0.018250560000000002
-0.7218568000000001  -0.1255144  -0.010687509999999999
-0.7218568000000001  -0.07163425  -0.007613425
-0.7218568000000001  -0.01776744  0.0005362201
-0.7218568000000001  0.03706756  0.005538273
-0.7218568000000001  0.09094405  0.01267096
-0.7218568000000001  0.144843  0.021481049999999998
-0.7218568000000001  0.19964959999999998  0.02660431
-0.7218568000000001  0.25349299999999997  0.03692955999999999
-0.7218568000000001  0.30734  0.04191656
-0.7218568000000001  0.36222879999999996  0.04877132
-0.7218568000000001  0.4161193  0.0563407
-0.7218568000000001  0.4700028  0.059630380000000004
-0.7218568000000001  0.5248141000000001  0.06871575999999999
-0.7218568000000001  0.5786962999999999  0.07193814999999999
-0.7218568000000001  0.632652  0.07894449
-0.7218568000000001  0.6874783  0.08389917
-0.7218568000000001  0.7413359  0.08848213
-0.7218568000000001  0.7951649  0.09547003
-0.7218568000000001  0.8490271  0.09782535
-0.7218568000000001  0.9038859  0.1059422
-0.7218568000000001  0.9577881  0.1087983
-0.7218568000000001  1.0116939999999999  0.1165727
-0.7218568000000001  1.066573  0.120803
-0.7218568000000001  1.120426  0.12450370000000001
-0.7218568000000001  1.1742819999999998  0.1314548
-0.7218568000000001  1.229114  0.13355039999999999
-0.7218568000000001  1.283034  0.1413343
-0.7218568000000001  1.336886  0.1441183
-0.7218568000000001  1.3917519999999999  0.1484951
-0.7218568000000001  1.445633  0.1543314
-0.7218568000000001  1.499455  0.15699059999999998
-0.7218568000000001  1.554339  0.1647087
-0.7218568000000001  1.6082  0.1638363
-0.7218568000000001  1.6620519999999999  0.17026439999999998
-0.7218568000000001  1.716928  0.17287539999999998
-0.7218568000000001  1.7707380000000001  0.17534699999999998
-0.7218568000000001  1.824605  0.1811064
-0.7218568000000001  1.879564  0.18023419999999998
-0.7218568000000001  1.9334149999999999  0.1856785
-0.7218568000000001  1.9872539999999999  0.1857019
-0.7218568000000001  2.0050719999999997  0.1872686
-0.8020895  -0.8020895  -0.07022415
-0.8020895  -0.7475253000000001  -0.06684384
-0.8020895  -0.6937075  -0.0630917
-0.8020895  -0.6398283  -0.05895406
-0.8020895  -0.5858277000000001  -0.0548143
-0.8020895  -0.5309944000000001  -0.05081908
-0.8020895  -0.4771252  -0.046367679999999994
-0.8020895  -0.4232423  -0.04137572
-0.8020895  -0.3684024  -0.03722476
-0.8020895  -0.3145383  -0.03156137
-0.8020895  -0.26061840000000003  -0.02816196
-0.8020895  -0.2058364  -0.02087808
-0.8020895  -0.1519181  -0.01817471
-0.8020895  -0.0980818  -0.010922379999999999
-0.8020895  -0.04322596  -0.0059329429999999996
-0.8020895  0.010709199999999999  0.001041927
-0.8020895  0.06451176  0.00805314
-0.8020895  0.11932670000000001  0.013340149999999999
-0.8020895  0.1732008  0.02437473
-0.8020895  0.22707919999999998  0.029421219999999998
-0.8020895  0.2818722  0.03821494
-0.8020895  0.3358167  0.04488619
-0.8020895  0.389718  0.049832879999999996
-0.8020895  0.44451850000000004  0.05910478
-0.8020895  0.4983849  0.06191914
-0.8020895  0.5522215  0.06894847
-0.8020895  0.6070674  0.07460497999999999
-0.8020895  0.6610343000000001  0.08039967999999999
-0.8020895  0.7149099999999999  0.08659938
-0.8020895  0.7697301999999999  0.08955636
-0.8020895  0.8235625999999999  0.09798174999999999
-0.8020895  0.8774177  0.10015389999999999
-0.8020895  0.9323401  0.1084512
-0.8020895  0.9861731  0.11147359999999999
-0.8020895  1.04012  0.1181092
-0.8020895  1.094965  0.1233843
-0.8020895  1.1488260000000001  0.12657639999999998
-0.8020895  1.20269  0.1347885
-0.8020895  1.257567  0.13606069999999998
-0.8020895  1.3114400000000002  0.1439753
-0.8020895  1.365296  0.14594559999999998
-0.8020895  1.4191449999999999  0.15075789999999997
-0.8020895  1.473974  0.15694929999999999
-0.8020895  1.527866  0.15903369999999997
-0.8020895  1.58177  0.1656781
-0.8020895  1.636598  0.1666476
-0.8020895  1.690546  0.1724311
-0.8020895  1.744316  0.17487239999999998
-0.8020895  1.799119  0.1757054
-0.8020895  1.853132  0.18225439999999998
-0.8020895  1.906986  0.18226089999999998
-0.8020895  1.961835  0.1861608
-0.8020895  2.004979  0.1867594
-0.8822523999999999  -0.8822523999999999  -0.079233
-0.8822523999999999  -0.8278141000000001  -0.07584321
-0.8822523999999999  -0.7739405  -0.07245485
-0.8822523999999999  -0.7201069  -0.06791472999999999
-0.8822523999999999  -0.6652781  -0.06458475
-0.8822523999999999  -0.6112482  -0.05893316
-0.8822523999999999  -0.5574175  -0.05661199
-0.8822523999999999  -0.502581  -0.05069477
-0.8822523999999999  -0.44871300000000003  -0.04725017
-0.8822523999999999  -0.3948448  -0.04183509
-0.8822523999999999  -0.3399736  -0.036051299999999994
-0.8822523999999999  -0.2860623  -0.03250929
-0.8822523999999999  -0.2322563  -0.02619798
-0.8822523999999999  -0.1774095  -0.02290076
-0.8822523999999999  -0.1235265  -0.014760609999999999
-0.8822523999999999  -0.06967912  -0.01123575
-0.8822523999999999  -0.01482007  -0.003379685
-0.8822523999999999  0.03921228  0.0023758959999999997
-0.8822523999999999  0.09290073  0.008392053
-0.8822523999999999  0.146758  0.01832044
-0.8822523999999999  0.2016158  0.02375533
-0.8822523999999999  0.2554597  0.034534669999999996
-0.8822523999999999  0.3093777  0.03983199
-0.8822523999999999  0.3641852  0.04604941
-0.8822523999999999  0.4180482  0.05484328
-0.8822523999999999  0.47195519999999996  0.05794356
-0.8822523999999999  0.5267809999999999  0.06652063
-0.8822523999999999  0.5806303  0.0702473
-0.8822523999999999  0.6346681999999999  0.07658453
-0.8822523999999999  0.6894115000000001  0.08371656999999999
-0.8822523999999999  0.7432659  0.08647803
-0.8822523999999999  0.7971125  0.09498064999999999
-0.8822523999999999  0.8519524  0.09710959
-0.8822523999999999  0.9058252999999999  0.1055561
-0.8822523999999999  0.9597491  0.10928769999999999
-0.8822523999999999  1.0146140000000001  0.1137161
-0.8822523999999999  1.068499  0.1213596
-0.8822523999999999  1.122358  0.12324410000000001
-0.8822523999999999  1.1772  0.1311367
-0.8822523999999999  1.2311880000000002  0.13350779999999998
-0.8822523999999999  1.284972  0.14007409999999998
-0.8822523999999999  1.339802  0.14572939999999998
-0.8822523999999999  1.3936959999999998  0.1471798
-0.8822523999999999  1.4475419999999999  0.1551818
-0.8822523999999999  1.50237  0.15703
-0.8822523999999999  1.556316  0.162509
-0.8822523999999999  1.610145  0.166106
-0.8822523999999999  1.664957  0.16764669999999998
-0.8822523999999999  1.7188599999999998  0.1751573
-0.8822523999999999  1.772692  0.17526609999999998
-0.8822523999999999  1.827517  0.18034
-0.8822523999999999  1.881527  0.18190109999999998
-0.8822523999999999  1.935393  0.18374839999999998
-0.8822523999999999  1.9901739999999999  0.18900519999999998
-0.8822523999999999  2.005071  0.187709
-0.9627643  -0.9627643  -0.088329
-0.9627643  -0.9080958  -0.08521618
-0.9627643  -0.8542371000000001  -0.08139189
-0.9627643  -0.8003543  -0.07685515000000001
-0.9627643  -0.7455092  -0.07411543999999999
-0.9627643  -0.6916848999999999  -0.06890447999999999
-0.9627643  -0.637853  -0.06578534
-0.9627643  -0.5828875  -0.06022971
-0.9627643  -0.5290181  -0.056778199999999994
-0.9627643  -0.47515809999999997  -0.05155102
-0.9627643  -0.4202674  -0.04719167
-0.9627643  -0.3664244  -0.04253295
-0.9627643  -0.3125694  -0.03603617
-0.9627643  -0.2576805  -0.03316777
-0.9627643  -0.2038809  -0.024861449999999997
-0.9627643  -0.1499577  -0.0215502
-0.9627643  -0.09509875  -0.014673039999999998
-0.9627643  -0.04124765  -0.008965821
-0.9627643  0.01263534  -0.00356449
-0.9627643  0.06744356  0.006206916
-0.9627643  0.12128459999999999  0.009874883
-0.9627643  0.1751732  0.02024368
-0.9627643  0.2300266  0.029126819999999998
-0.9627643  0.28382850000000004  0.033887429999999996
-0.9627643  0.3377709  0.043870559999999996
-0.9627643  0.392599  0.04721449
-0.9627643  0.44646159999999996  0.05531789
-0.9627643  0.5003943  0.06130348
-0.9627643  0.5551735999999999  0.06589509
-0.9627643  0.6090271  0.07422752
-0.9627643  0.6629710999999999  0.07722963000000001
-0.9627643  0.7168357999999999  0.08521576
-0.9627643  0.7716644  0.08957119
-0.9627643  0.825528  0.09487571
-0.9627643  0.8793941999999999  0.101762
-0.9627643  0.9342505999999999  0.1044858
-0.9627643  0.9881111  0.1130996
-0.9627643  1.0420239999999998  0.116202
-0.9627643  1.096897  0.121191
-0.9627643  1.15077  0.128291
-0.9627643  1.2046320000000001  0.130113
-0.9627643  1.259512  0.13951999999999998
-0.9627643  1.313346  0.1403562
-0.9627643  1.367201  0.1480816
-0.9627643  1.4220730000000001  0.15128999999999998
-0.9627643  1.4759190000000002  0.1544332
-0.9627643  1.529799  0.1611194
-0.9627643  1.584682  0.1612128
-0.9627643  1.638529  0.1690407
-0.9627643  1.692418  0.1703676
-0.9627643  1.747222  0.1741711
-0.9627643  1.801048  0.1791083
-0.9627643  1.855084  0.17925929999999998
-0.9627643  1.90988  0.1851001
-0.9627643  1.963756  0.1860149
-0.9627643  2.004971  0.1879255
-1.0421179999999999  -1.0421179999999999  -0.09705268
-1.0421179999999999  -0.9884425  -0.09376088
-1.0421179999999999  -0.9345602000000001  -0.09102763999999999
-1.0421179999999999  -0.8796790999999999  -0.08654742
-1.0421179999999999  -0.8258351  -0.08367735
-1.0421179999999999  -0.7719326999999999  -0.07838496
-1.0421179999999999  -0.7171514  -0.07548339999999999
-1.0421179999999999  -0.6632639  -0.06949605
-1.0421179999999999  -0.6092777  -0.06658419
-1.0421179999999999  -0.5554265  -0.061182110000000005
-1.0421179999999999  -0.5006126  -0.05626308
-1.0421179999999999  -0.4467326  -0.0527787
-1.0421179999999999  -0.3928619  -0.04618501
-1.0421179999999999  -0.3380487  -0.04320009
-1.0421179999999999  -0.28409910000000005  -0.03564917
-1.0421179999999999  -0.230296  -0.032030779999999995
-1.0421179999999999  -0.1754445  -0.025728670000000002
-1.0421179999999999  -0.1215516  -0.0192159
-1.0421179999999999  -0.06772101999999999  -0.01487731
-1.0421179999999999  -0.01285936  -0.005740505
-1.0421179999999999  0.04102465  -0.0020346649999999997
-1.0421179999999999  0.0948437  0.006562037000000001
-1.0421179999999999  0.1497259  0.0152079
-1.0421179999999999  0.2035822  0.02121164
-1.0421179999999999  0.2573958  0.03221361
-1.0421179999999999  0.31230470000000005  0.03715833
-1.0421179999999999  0.3661648  0.04416168
-1.0421179999999999  0.4200031  0.05172204
-1.0421179999999999  0.474891  0.055742139999999996
-1.0421179999999999  0.5287524  0.06433846
-1.0421179999999999  0.582589  0.06806222
-1.0421179999999999  0.6375244999999999  0.07501361999999999
-1.0421179999999999  0.6913855  0.08134219
-1.0421179999999999  0.7452234  0.08519792
-1.0421179999999999  0.8000553  0.09337035999999999
-1.0421179999999999  0.8538858  0.09586315999999999
-1.0421179999999999  0.9077649999999999  0.1041308
-1.0421179999999999  0.9626787  0.1080807
-1.0421179999999999  1.0165739999999999  0.1130176
-1.0421179999999999  1.070443  0.1204485
-1.0421179999999999  1.1253009999999999  0.12290780000000001
-1.0421179999999999  1.1791489999999998  0.1312312
-1.0421179999999999  1.233133  0.1331088
-1.0421179999999999  1.287906  0.13916659999999997
-1.0421179999999999  1.341755  0.1453554
-1.0421179999999999  1.395629  0.1470361
-1.0421179999999999  1.4494829999999999  0.1553249
-1.0421179999999999  1.5043  0.15706199999999998
-1.0421179999999999  1.558221  0.1614485
-1.0421179999999999  1.612078  0.16729449999999998
-1.0421179999999999  1.666903  0.1680757
-1.0421179999999999  1.7207970000000001  0.1746903
-1.0421179999999999  1.7746140000000001  0.1756133
-1.0421179999999999  1.829461  0.1776874
-1.0421179999999999  1.883464  0.1837211
-1.0421179999999999  1.937279  0.1824813
-1.0421179999999999  1.992107  0.187483
-1.0421179999999999  2.005056  0.18807359999999998
-1.12242  -1.12242  -0.1064232
-1.12242  -1.0687929999999999  -0.103398
-1.12242  -1.014937  -0.1003134
-1.12242  -0.9600485999999999  -0.0960645
-1.12242  -0.9060959000000001  -0.09265792
-1.12242  -0.8522493  -0.08860032999999999
-1.12242  -0.797413  -0.08489685
-1.12242  -0.7435662  -0.08003675
-1.12242  -0.6896802  -0.07692973
-1.12242  -0.6348760999999999  -0.07072545
-1.12242  -0.5808850999999999  -0.06699485999999999
-1.12242  -0.5269937  -0.06179893
-1.12242  -0.4722131  -0.05640434
-1.12242  -0.41831670000000004  -0.0527527
-1.12242  -0.3644701  -0.04561879
-1.12242  -0.3096241  -0.04228599
-1.12242  -0.2557141  -0.03591233
-1.12242  -0.20189500000000002  -0.030296049999999998
-1.12242  -0.14703159999999998  -0.02599369
-1.12242  -0.09317939  -0.01751757
-1.12242  -0.03929415  -0.014340219999999999
-1.12242  0.014603719999999999  -0.005481242
-1.12242  0.06941994  0.0009388172000000001
-1.12242  0.1232658  0.007385488999999999
-1.12242  0.17711459999999998  0.018321079999999997
-1.12242  0.231981  0.02432933
-1.12242  0.2857826  0.03273416
-1.12242  0.3397194  0.04135369999999999
-1.12242  0.39459140000000004  0.04447359
-1.12242  0.4484343  0.0535639
-1.12242  0.5022964  0.05820699
-1.12242  0.5571238  0.06448211000000001
-1.12242  0.6109777000000001  0.07129971
-1.12242  0.6649123  0.07463362
-1.12242  0.7197682999999999  0.08446050999999999
-1.12242  0.7736632  0.08712162999999999
-1.12242  0.8274682  0.09443199000000001
-1.12242  0.882302  0.10100579999999999
-1.12242  0.936195  0.1034786
-1.12242  0.9900666  0.11180309999999999
-1.12242  1.044959  0.11532869999999999
-1.12242  1.098857  0.12081120000000001
-1.12242  1.1527129999999999  0.1277874
-1.12242  1.207547  0.1296067
-1.12242  1.2614580000000002  0.1378952
-1.12242  1.315288  0.14072919999999997
-1.12242  1.370133  0.14516590000000001
-1.12242  1.42402  0.152414
-1.12242  1.477843  0.1543869
-1.12242  1.532706  0.1610894
-1.12242  1.5866120000000001  0.1639994
-1.12242  1.64046  0.1658008
-1.12242  1.695358  0.1725904
-1.12242  1.749172  0.1730314
-1.12242  1.8029629999999999  0.178393
-1.12242  1.8579510000000001  0.1815279
-1.12242  1.91181  0.1814083
-1.12242  1.965658  0.18716229999999998
-1.12242  2.004933  0.18613949999999999
-1.20272  -1.20272  -0.1157187
-1.20272  -1.1490809999999998  -0.11310300000000001
-1.20272  -1.095253  -0.1095517
-1.20272  -1.040373  -0.1061274
-1.20272  -0.9864574  -0.1024471
-1.20272  -0.9325919  -0.09892949999999999
-1.20272  -0.8777173  -0.09443185999999999
-1.20272  -0.8238443999999999  -0.09040481
-1.20272  -0.7699855999999999  -0.08639813
-1.20272  -0.7151740999999999  -0.08083275
-1.20272  -0.6612918  -0.07770791
-1.20272  -0.6072729  -0.07167553
-1.20272  -0.5524592  -0.06837916
-1.20272  -0.4985697  -0.06294470999999999
-1.20272  -0.444772  -0.056640069999999994
-1.20272  -0.38993459999999996  -0.05361328
-1.20272  -0.3360768  -0.04565026999999999
-1.20272  -0.2821365  -0.04274768
-1.20272  -0.22734970000000002  -0.03580365
-1.20272  -0.1734771  -0.029206
-1.20272  -0.119601  -0.02576358
-1.20272  -0.06477184  -0.01704573
-1.20272  -0.0109077  -0.01222179
-1.20272  0.04298885  -0.005358244
-1.20272  0.09779232  0.004230248999999999
-1.20272  0.1516492  0.009255518
-1.20272  0.2055359  0.02023367
-1.20272  0.2603431  0.02776031
-1.20272  0.3142637  0.03336522
-1.20272  0.3681238  0.0433176
-1.20272  0.4229354  0.047341150000000005
-1.20272  0.47682749999999996  0.0540509
-1.20272  0.5307047  0.061111099999999995
-1.20272  0.5855244000000001  0.06566603
-1.20272  0.6394922000000001  0.07406760999999999
-1.20272  0.6933497  0.07680545
-1.20272  0.7471724000000001  0.08544125
-1.20272  0.8019706  0.09077284
-1.20272  0.855856  0.09439832999999999
-1.20272  0.9096864  0.1027051
-1.20272  0.9645988  0.1063809
-1.20272  1.0185549999999999  0.1127951
-1.20272  1.072391  0.1188046
-1.20272  1.127219  0.120888
-1.20272  1.181085  0.13088729999999998
-1.20272  1.235067  0.1329403
-1.20272  1.2898230000000002  0.1381461
-1.20272  1.3436949999999999  0.1441879
-1.20272  1.397579  0.1463406
-1.20272  1.4523840000000001  0.1539267
-1.20272  1.5062419999999999  0.1583959
-1.20272  1.560132  0.1600355
-1.20272  1.6149870000000002  0.1673668
-1.20272  1.668828  0.16854470000000002
-1.20272  1.722709  0.17296499999999998
-1.20272  1.777516  0.1769793
-1.20272  1.831382  0.1775279
-1.20272  1.8853710000000001  0.1829664
-1.20272  1.940259  0.1842155
-1.20272  1.99404  0.1860072
-1.20272  2.005003  0.1875459
-1.283048  -1.283048  -0.12485550000000001
-1.283048  -1.229466  -0.12237540000000001
-1.283048  -1.17452  -0.1196588
-1.283048  -1.1206800000000001  -0.1158586
-1.283048  -1.066792  -0.11246529999999999
-1.283048  -1.011927  -0.1083376
-1.283048  -0.9580318999999999  -0.10470929999999999
-1.283048  -0.904131  -0.1009934
-1.283048  -0.8492903  -0.09594523999999999
-1.283048  -0.7954059  -0.09283665999999999
-1.283048  -0.7415796  -0.08735936
-1.283048  -0.6876998  -0.08359429
-1.283048  -0.6328807000000001  -0.07788334
-1.283048  -0.5788994000000001  -0.07306634000000001
-1.283048  -0.5250447  -0.06962365
-1.283048  -0.4702499  -0.06252658
-1.283048  -0.4163386  -0.05924016
-1.283048  -0.3624826  -0.052144739999999995
-1.283048  -0.3076347  -0.04704713
-1.283048  -0.2537565  -0.04313976
-1.283048  -0.1999328  -0.03478837
-1.283048  -0.14506899999999998  -0.031042579999999997
-1.283048  -0.09121259000000001  -0.02361846
-1.283048  -0.03731884  -0.01696073
-1.283048  0.0175468  -0.01227955
-1.283048  0.07139557  -0.002084179
-1.283048  0.1251892  0.003894575
-1.283048  0.18003819999999998  0.01168979
-1.283048  0.2339366  0.02323355
-1.283048  0.2877494  0.02755065
-1.283048  0.3426421  0.03575141
-1.283048  0.3965007  0.04458889
-1.283048  0.4503663  0.04791239
-1.283048  0.5052251999999999  0.057437789999999996
-1.283048  0.5590883999999999  0.06203684
-1.283048  0.6129315000000001  0.06755311
-1.283048  0.6678273  0.07636166
-1.283048  0.7217023  0.07876298
-1.283048  0.7755363999999999  0.08597023
-1.283048  0.83037  0.09251558
-1.283048  0.8843120999999999  0.09641457
-1.283048  0.9381434000000001  0.105263
-1.283048  0.9929648  0.1074979
-1.283048  1.046878  0.11546440000000001
-1.283048  1.1007660000000001  0.1207494
-1.283048  1.155616  0.1246684
-1.283048  1.209485  0.13292790000000002
-1.283048  1.263409  0.1355057
-1.283048  1.317243  0.140668
-1.283048  1.37203  0.14755559999999998
-1.283048  1.42591  0.1483696
-1.283048  1.479789  0.15670699999999999
-1.283048  1.534619  0.1591771
-1.283048  1.5885319999999998  0.16258989999999998
-1.283048  1.642395  0.16908569999999998
-1.283048  1.6972349999999998  0.1695011
-1.283048  1.751077  0.17513779999999998
-1.283048  1.804883  0.17866980000000002
-1.283048  1.859878  0.17872849999999998
-1.283048  1.913741  0.1845189
-1.283048  1.967566  0.1866457
-1.283048  2.0048779999999997  0.1871211
-1.363291  -1.363291  -0.134514
-1.363291  -1.30969  -0.13210629999999998
-1.363291  -1.254874  -0.1284041
-1.363291  -1.2009480000000001  -0.12603589999999998
-1.363291  -1.1471010000000001  -0.1219491
-1.363291  -1.0922560000000001  -0.1182818
-1.363291  -1.038356  -0.1152513
-1.363291  -0.984459  -0.1102254
-1.363291  -0.9296052  -0.1074001
-1.363291  -0.8757127  -0.10207970000000001
-1.363291  -0.8218647  -0.09863216999999999
-1.363291  -0.7669664  -0.09363165
-1.363291  -0.7131692000000001  -0.08814695
-1.363291  -0.6592975  -0.08524071999999999
-1.363291  -0.6043224  -0.07887724
-1.363291  -0.5504661999999999  -0.07441603
-1.363291  -0.49661079999999996  -0.0702183
-1.363291  -0.44181549999999997  -0.06296634
-1.363291  -0.38792000000000004  -0.05971221
-1.363291  -0.33409930000000004  -0.05295101
-1.363291  -0.27920530000000005  -0.04735436
-1.363291  -0.2253665  -0.043034739999999995
-1.363291  -0.1715061  -0.034237460000000004
-1.363291  -0.11764619999999999  -0.03089109
-1.363291  -0.0627947  -0.02448985
-1.363291  -0.008934464  -0.01620535
-1.363291  0.04494273  -0.011723550000000001
-1.363291  0.09977229  -0.0014890029999999998
-1.363291  0.1536112  0.006767671
-1.363291  0.2074886  0.01239568
-1.363291  0.26227690000000004  0.02455029
-1.363291  0.31621350000000004  0.03037359
-1.363291  0.3700451  0.036262949999999995
-1.363291  0.4248821  0.04594861
-1.363291  0.4787668  0.049489559999999995
-1.363291  0.5326287  0.05718749
-1.363291  0.587486  0.06358116999999999
-1.363291  0.6414067  0.06765709
-1.363291  0.695272  0.07727595000000001
-1.363291  0.7500924999999999  0.08085951
-1.363291  0.8039116000000001  0.08739606
-1.363291  0.8577859  0.09541316
-1.363291  0.9125991999999999  0.09760147
-1.363291  0.9665334  0.1057023
-1.363291  1.0204360000000001  0.1111752
-1.363291  1.075285  0.1149719
-1.363291  1.129152  0.1234812
-1.363291  1.183005  0.1264492
-1.363291  1.23797  0.13266640000000002
-1.363291  1.291736  0.13874150000000002
-1.363291  1.34561  0.14197259999999998
-1.363291  1.400441  0.1488406
-1.363291  1.454302  0.1531294
-1.363291  1.508178  0.15673330000000002
-1.363291  1.56301  0.1635401
-1.363291  1.616886  0.1644118
-1.363291  1.6707260000000002  0.1696035
-1.363291  1.7255809999999998  0.1742482
-1.363291  1.7794100000000002  0.17497669999999999
-1.363291  1.8332819999999999  0.1806799
-1.363291  1.887327  0.1822713
-1.363291  1.94207  0.18257879999999999
-1.363291  1.995929  0.1885997
-1.363291  2.004944  0.18765949999999998
-1.443581  -1.443581  -0.14370029999999998
-1.443581  -1.389961  -0.141019
-1.443581  -1.335137  -0.1386061
-1.443581  -1.281268  -0.1352156
-1.443581  -1.2273830000000001  -0.1324583
-1.443581  -1.1725150000000002  -0.1281885
-1.443581  -1.118659  -0.12495130000000002
-1.443581  -1.06472  -0.12108459999999999
-1.443581  -1.009986  -0.1173635
-1.443581  -0.9560569  -0.1134556
-1.443581  -0.9021229  -0.10837699999999999
-1.443581  -0.8472974000000001  -0.1049739
-1.443581  -0.7934197000000001  -0.09922692999999999
-1.443581  -0.7395822  -0.09503116
-1.443581  -0.6847424999999999  -0.09094717999999999
-1.443581  -0.630889  -0.0845423
-1.443581  -0.5769047  -0.08118956999999999
-1.443581  -0.5220475  -0.07501363
-1.443581  -0.4682115  -0.07014677
-1.443581  -0.4143466  -0.06641247
-1.443581  -0.3595506  -0.058086769999999996
-1.443581  -0.3055927  -0.05428164
-1.443581  -0.2517717  -0.048519549999999995
-1.443581  -0.1969888  -0.04116627
-1.443581  -0.14305199999999998  -0.03794054
-1.443581  -0.08924401  -0.028984819999999998
-1.443581  -0.03438503  -0.0230959
-1.443581  0.01950036  -0.017626649999999997
-1.443581  0.07336263999999999  -0.007651419
-1.443581  0.1281943  -0.002704235
-1.443581  0.18201900000000001  0.00755755
-1.443581  0.2358769  0.017352410000000002
-1.443581  0.2906821  0.02262591
-1.443581  0.3445968  0.03148499
-1.443581  0.3984517  0.038648049999999996
-1.443581  0.4533166  0.042388220000000004
-1.443581  0.5071788  0.05303205
-1.443581  0.561019  0.05627151
-1.443581  0.6149083000000001  0.06313947
-1.443581  0.6697664999999999  0.07108791
-1.443581  0.7236353  0.07481762
-1.443581  0.7774774  0.08313266999999999
-1.443581  0.8323077  0.08912992
-1.443581  0.8861697000000001  0.09183129
-1.443581  0.9400739  0.1021656
-1.443581  0.9948934  0.1058153
-1.443581  1.0488089999999999  0.1111712
-1.443581  1.1026980000000002  0.119524
-1.443581  1.157556  0.12286470000000001
-1.443581  1.2114200000000002  0.1298746
-1.443581  1.2653050000000001  0.1357985
-1.443581  1.320111  0.13838589999999998
-1.443581  1.37398  0.1467782
-1.443581  1.427819  0.150715
-1.443581  1.482653  0.15317419999999998
-1.443581  1.53672  0.1611129
-1.443581  1.590426  0.1624593
-1.443581  1.6452550000000001  0.1669672
-1.443581  1.6991559999999999  0.17276419999999998
-1.443581  1.752993  0.17298190000000002
-1.443581  1.807772  0.17732340000000002
-1.443581  1.861773  0.18270619999999999
-1.443581  1.915601  0.1815772
-1.443581  1.970437  0.1864063
-1.443581  2.00483  0.1864207
-1.523856  -1.523856  -0.1519691
-1.523856  -1.469287  -0.1502066
-1.523856  -1.415405  -0.1467241
-1.523856  -1.36152  -0.1439484
-1.523856  -1.306689  -0.1410991
-1.523856  -1.252885  -0.13697310000000001
-1.523856  -1.198886  -0.1342823
-1.523856  -1.14413  -0.1301552
-1.523856  -1.090264  -0.12705170000000002
-1.523856  -1.03638  -0.12262150000000001
-1.523856  -0.9815027  -0.1187464
-1.523856  -0.9276223  -0.1147303
-1.523856  -0.8737263000000001  -0.10944309999999999
-1.523856  -0.8198494  -0.1066753
-1.523856  -0.7650009999999999  -0.1002719
-1.523856  -0.7111976  -0.09581912
-1.523856  -0.6573203999999999  -0.09263669999999999
-1.523856  -0.6023587  -0.08505553
-1.523856  -0.5484868  -0.08204945
-1.523856  -0.4946309  -0.07585165999999999
-1.523856  -0.43979559999999995  -0.06939202
-1.523856  -0.38597719999999996  -0.06679033
-1.523856  -0.3321242  -0.05894046
-1.523856  -0.2772186  -0.05329476
-1.523856  -0.223409  -0.049126579999999996
-1.523856  -0.1695189  -0.04095144
-1.523856  -0.11468829999999999  -0.036480729999999996
-1.523856  -0.060825899999999995  -0.03002629
-1.523856  -0.006968613  -0.02093217
-1.523856  0.04787541  -0.01784726
-1.523856  0.1017838  -0.007912694
-1.523856  0.1556447  0.0008990039
-1.523856  0.2104195  0.007263473
-1.523856  0.2642501  0.01773238
-1.523856  0.3181842  0.025842889999999997
-1.523856  0.37298180000000003  0.029734840000000002
-1.523856  0.42684679999999997  0.03875686
-1.523856  0.4807305  0.045586459999999995
-1.523856  0.5355593  0.05014411
-1.523856  0.5894503999999999  0.059303669999999996
-1.523856  0.6433884000000001  0.06370395999999999
-1.523856  0.6981882  0.07062481
-1.523856  0.7520032999999999  0.07809058999999999
-1.523856  0.8058544000000001  0.08049222
-1.523856  0.8607011  0.08967441999999999
-1.523856  0.914547  0.09537555
-1.523856  0.9684614  0.09952964
-1.523856  1.023377  0.1089309
-1.523856  1.07728  0.1121248
-1.523856  1.131086  0.11867180000000001
-1.523856  1.184936  0.1273338
-1.523856  1.239913  0.1298001
-1.523856  1.293654  0.1370992
-1.523856  1.3475229999999998  0.14369249999999997
-1.523856  1.4024320000000001  0.1465117
-1.523856  1.456229  0.15319739999999998
-1.523856  1.510077  0.15830419999999998
-1.523856  1.564952  0.1603451
-1.523856  1.618819  0.1683784
-1.523856  1.672656  0.1692988
-1.523856  1.7275070000000001  0.1714164
-1.523856  1.7813320000000001  0.179114
-1.523856  1.835202  0.1778855
-1.523856  1.890148  0.18141359999999998
-1.523856  1.944  0.1870494
-1.523856  1.997944  0.18571559999999998
-1.523856  2.004876  0.1875895
-1.604182  -1.604182  -0.1595087
-1.604182  -1.549547  -0.1570563
-1.604182  -1.4956610000000001  -0.15447719999999998
-1.604182  -1.441841  -0.1518662
-1.604182  -1.3870019999999998  -0.1490689
-1.604182  -1.333118  -0.1456149
-1.604182  -1.27926  -0.1426907
-1.604182  -1.2243089999999999  -0.1388797
-1.604182  -1.170385  -0.1352131
-1.604182  -1.1166800000000001  -0.13131810000000002
-1.604182  -1.061817  -0.1271621
-1.604182  -1.0079829999999999  -0.1239341
-1.604182  -0.9540697  -0.1188069
-1.604182  -0.8991515000000001  -0.1155534
-1.604182  -0.8453253  -0.11067809999999999
-1.604182  -0.7914570999999999  -0.1051827
-1.604182  -0.7366407  -0.1019577
-1.604182  -0.6827584000000001  -0.09540847999999999
-1.604182  -0.6289132  -0.09096879
-1.604182  -0.5739282  -0.08712900999999999
-1.604182  -0.5201082  -0.07951817
-1.604182  -0.4662479  -0.07649984
-1.604182  -0.4113737  -0.07108633
-1.604182  -0.357568  -0.06346257999999999
-1.604182  -0.3036269  -0.06044645
-1.604182  -0.2488614  -0.05347534
-1.604182  -0.1950239  -0.04735639
-1.604182  -0.14113589999999998  -0.04303472
-1.604182  -0.08727511  -0.03383747
-1.604182  -0.03243082  -0.02796145
-1.604182  0.02147615  -0.02390672
-1.604182  0.07535143  -0.01287897
-1.604182  0.1301387  -0.006186071
-1.604182  0.1839778  0.00044378369999999997
-1.604182  0.2378378  0.011692729999999998
-1.604182  0.2926308  0.01876876
-1.604182  0.34665589999999996  0.02423141
-1.604182  0.40041160000000003  0.0333589
-1.604182  0.4552483  0.03991861
-1.604182  0.5091204  0.04533255
-1.604182  0.5629918  0.05352437
-1.604182  0.6179632  0.05756024
-1.604182  0.6717712  0.06466893
-1.604182  0.7256122  0.07286248
-1.604182  0.7803928  0.07554575999999999
-1.604182  0.8342613999999999  0.08402472
-1.604182  0.8881069  0.09093485999999999
-1.604182  0.9430161  0.09511666999999999
-1.604182  0.9968637  0.10316460000000001
-1.604182  1.050743  0.1087235
-1.604182  1.105613  0.1134645
-1.604182  1.159469  0.12279970000000001
-1.604182  1.213354  0.1256653
-1.604182  1.2683330000000002  0.1317469
-1.604182  1.322076  0.1408309
-1.604182  1.375896  0.1433584
-1.604182  1.430728  0.1484621
-1.604182  1.484596  0.1565829
-1.604182  1.5385170000000001  0.1586431
-1.604182  1.593345  0.1649601
-1.604182  1.64721  0.1693991
-1.604182  1.7010699999999999  0.1690463
-1.604182  1.755841  0.1760901
-1.604182  1.809685  0.1790422
-1.604182  1.863705  0.1787782
-1.604182  1.917538  0.1848034
-1.604182  1.972367  0.1862846
-1.604182  2.0047729999999997  0.1874032
-1.683423  -1.683423  -0.1658883
-1.683423  -1.629857  -0.1640006
-1.683423  -1.5759960000000002  -0.16089230000000002
-1.683423  -1.5221110000000002  -0.15868379999999999
-1.683423  -1.467271  -0.1555874
-1.683423  -1.413408  -0.15268289999999998
-1.683423  -1.359534  -0.1500274
-1.683423  -1.304645  -0.14647
-1.683423  -1.250871  -0.14303659999999999
-1.683423  -1.196923  -0.1389382
-1.683423  -1.142099  -0.1350077
-1.683423  -1.088281  -0.1316936
-1.683423  -1.034403  -0.1268234
-1.683423  -0.9795087  -0.1238488
-1.683423  -0.9256224  -0.118639
-1.683423  -0.8717410999999999  -0.1138268
-1.683423  -0.8169181999999999  -0.11076879999999999
-1.683423  -0.7630224  -0.10430609999999998
-1.683423  -0.7092558  -0.09953474
-1.683423  -0.6543626  -0.0965463
-1.683423  -0.6003524  -0.08908005
-1.683423  -0.5464736  -0.08589806999999999
-1.683423  -0.4916972  -0.08083952999999999
-1.683423  -0.43781240000000005  -0.07336643000000001
-1.683423  -0.3839778  -0.07014859
-1.683423  -0.3291808  -0.06324981
-1.683423  -0.2752555  -0.05710452
-1.683423  -0.221445  -0.05382956
-1.683423  -0.1665938  -0.04585919
-1.683423  -0.1127208  -0.03932292
-1.683423  -0.05887674  -0.03509991
-1.683423  -0.004031964999999999  -0.02587816
-1.683423  0.049832230000000005  -0.018812629999999997
-1.683423  0.103688  -0.01397855
-1.683423  0.1585446  -0.0030352210000000003
-1.683423  0.2123761  0.005672723
-1.683423  0.26618630000000004  0.01121435
-1.683423  0.3210829  0.02144815
-1.683423  0.3749404  0.02816361
-1.683423  0.4287854  0.03282293
-1.683423  0.482676  0.041792619999999996
-1.683423  0.5375082999999999  0.04664817
-1.683423  0.591392  0.05308981
-1.683423  0.6453531  0.06166349
-1.683423  0.7001566  0.06534817
-1.683423  0.7539302  0.07233571
-1.683423  0.8078141000000001  0.08049020999999999
-1.683423  0.862625  0.08356307
-1.683423  0.9164899000000001  0.09101901
-1.683423  0.9704503  0.09879890999999999
-1.683423  1.025284  0.1023294
-1.683423  1.079187  0.11070540000000001
-1.683423  1.133026  0.11861569999999999
-1.683423  1.1878499999999999  0.12094429999999999
-1.683423  1.241858  0.1286242
-1.683423  1.295617  0.1361797
-1.683423  1.3504269999999998  0.1380188
-1.683423  1.404307  0.148174
-1.683423  1.458156  0.1531185
-1.683423  1.51299  0.1563071
-1.683423  1.566904  0.1647489
-1.683423  1.620734  0.16676549999999998
-1.683423  1.675551  0.1678604
-1.683423  1.72946  0.1750631
-1.683423  1.78324  0.1773556
-1.683423  1.8380969999999999  0.1784537
-1.683423  1.892156  0.1842064
-1.683423  1.9459179999999998  0.1856862
-1.683423  2.000751  0.1859249
-1.683423  2.004835  0.1881242
-1.763714  -1.763714  -0.17131439999999998
-1.763714  -1.710153  -0.1688736
-1.763714  -1.656276  -0.1666811
-1.763714  -1.60145  -0.16420559999999998
-1.763714  -1.5476020000000001  -0.1616724
-1.763714  -1.493681  -0.1587037
-1.763714  -1.438835  -0.1559147
-1.763714  -1.385001  -0.1526725
-1.763714  -1.3311140000000001  -0.14931689999999997
-1.763714  -1.2762950000000002  -0.1460016
-1.763714  -1.222365  -0.1423646
-1.763714  -1.168491  -0.13918599999999998
-1.763714  -1.11368  -0.1341396
-1.763714  -1.0598040000000002  -0.13131230000000002
-1.763714  -1.0059829999999998  -0.12671939999999998
-1.763714  -0.9511198000000001  -0.1212035
-1.763714  -0.8971935999999999  -0.11847519999999999
-1.763714  -0.8433134  -0.11298119999999999
-1.763714  -0.7894778  -0.1082454
-1.763714  -0.7346553  -0.1043823
-1.763714  -0.6807658  -0.09807858
-1.763714  -0.6269471  -0.09298783
-1.763714  -0.5720048000000001  -0.0895289
-1.763714  -0.5181292999999999  -0.08223693
-1.763714  -0.4642795  -0.07837406
-1.763714  -0.40940230000000005  -0.07374393
-1.763714  -0.35556560000000004  -0.06577200999999999
-1.763714  -0.3016665  -0.06202646
-1.763714  -0.2469015  -0.057265029999999995
-1.763714  -0.1930575  -0.048274859999999996
-1.763714  -0.13917859999999999  -0.04492214
-1.763714  -0.08433073  -0.03867469
-1.763714  -0.030478380000000003  -0.02931806
-1.763714  0.02340541  -0.02460233
-1.763714  0.07827542  -0.01813217
-1.763714  0.1320848  -0.006630259
-1.763714  0.18595150000000002  0.00016033929999999998
-1.763714  0.2407853  0.00650025
-1.763714  0.29457310000000003  0.01697881
-1.763714  0.3484969  0.02375061
-1.763714  0.4033183  0.029015449999999998
-1.763714  0.457198  0.03839365
-1.763714  0.5110723  0.04372847
-1.763714  0.5659111  0.04809831
-1.763714  0.6198967  0.05724485
-1.763714  0.6737104  0.061578759999999996
-1.763714  0.7284961  0.06771137
-1.763714  0.7823418000000001  0.07619122
-1.763714  0.8362209  0.07940806
-1.763714  0.8910137  0.08616889999999999
-1.763714  0.9449465  0.09497144
-1.763714  0.9987753  0.09777211000000001
-1.763714  1.053648  0.1053471
-1.763714  1.107547  0.11341
-1.763714  1.161404  0.1167573
-1.763714  1.215306  0.12383000000000001
-1.763714  1.2701790000000002  0.1321833
-1.763714  1.323982  0.1363937
-1.763714  1.3778409999999999  0.14422849999999998
-1.763714  1.432671  0.15079279999999998
-1.763714  1.48654  0.15313459999999998
-1.763714  1.54046  0.1602141
-1.763714  1.5952760000000001  0.1660289
-1.763714  1.649115  0.1673429
-1.763714  1.703012  0.1728264
-1.763714  1.75779  0.1769514
-1.763714  1.81163  0.1770622
-1.763714  1.865665  0.1812315
-1.763714  1.920609  0.18609409999999998
-1.763714  1.974286  0.18564619999999998
-1.763714  2.004738  0.18844439999999998
-1.844049  -1.844049  -0.1753961
-1.844049  -1.790384  -0.1733317
-1.844049  -1.7365329999999999  -0.1715559
-1.844049  -1.681714  -0.16936769999999998
-1.844049  -1.6278810000000001  -0.1666193
-1.844049  -1.574041  -0.1642608
-1.844049  -1.519155  -0.1611081
-1.844049  -1.465294  -0.1584968
-1.844049  -1.411416  -0.15524390000000002
-1.844049  -1.3565699999999998  -0.1518722
-1.844049  -1.3026929999999999  -0.14862499999999998
-1.844049  -1.24889  -0.1446772
-1.844049  -1.193965  -0.1416511
-1.844049  -1.140104  -0.13797549999999997
-1.844049  -1.08626  -0.13284859999999998
-1.844049  -1.0314480000000001  -0.1296521
-1.844049  -0.9775151  -0.1242945
-1.844049  -0.9236625  -0.1207568
-1.844049  -0.8687940999999999  -0.1167053
-1.844049  -0.8149327  -0.1107035
-1.844049  -0.7610425000000001  -0.10686319999999999
-1.844049  -0.7062644  -0.1016769
-1.844049  -0.6523935000000001  -0.09526425000000001
-1.844049  -0.598407  -0.09216023
-1.844049  -0.5435702  -0.08689426
-1.844049  -0.4897208  -0.07992890999999999
-1.844049  -0.4357925  -0.07706136
-1.844049  -0.381016  -0.07040750999999999
-1.844049  -0.32721429999999996  -0.06371748999999999
-1.844049  -0.27329539999999997  -0.059990659999999994
-1.844049  -0.2194834  -0.05237073
-1.844049  -0.1646406  -0.04543043
-1.844049  -0.1107501  -0.04217618
-1.844049  -0.05689904  -0.03518806
-1.844049  -0.002070662  -0.02617224
-1.844049  0.05179118  -0.02255636
-1.844049  0.1056406  -0.01393865
-1.844049  0.160521  -0.002088173
-1.844049  0.2143387  0.003431904
-1.844049  0.26814819999999995  0.010757000000000001
-1.844049  0.3230602  0.02179683
-1.844049  0.37688170000000004  0.02550794
-1.844049  0.43072109999999997  0.03156559
-1.844049  0.485614  0.04091076
-1.844049  0.5394761  0.04554415
-1.844049  0.5933291  0.05190337
-1.844049  0.6482619999999999  0.06077627
-1.844049  0.7021149  0.06387915
-1.844049  0.7558705  0.07045124
-1.844049  0.8107029  0.07912177000000001
-1.844049  0.8645697999999999  0.08289706999999999
-1.844049  0.9184213999999999  0.08842696
-1.844049  0.9733035999999999  0.09750423
-1.844049  1.027219  0.10166689999999999
-1.844049  1.081121  0.1064963
-1.844049  1.135932  0.1161079
-1.844049  1.18979  0.1214055
-1.844049  1.243774  0.1256144
-1.844049  1.298527  0.1344558
-1.844049  1.35236  0.14022500000000002
-1.844049  1.406236  0.1443809
-1.844049  1.461076  0.1538548
-1.844049  1.514913  0.1568851
-1.844049  1.568824  0.16033050000000001
-1.844049  1.6236469999999998  0.1678207
-1.844049  1.677483  0.1716028
-1.844049  1.731375  0.172292
-1.844049  1.785193  0.1783056
-1.844049  1.840029  0.18132510000000002
-1.844049  1.893994  0.180929
-1.844049  1.947854  0.18660569999999999
-1.844049  2.002718  0.1894271
-1.844049  2.004813  0.18812890000000002
-1.9243109999999999  -1.9243109999999999  -0.1796457
-1.9243109999999999  -1.870712  -0.1773997
-1.9243109999999999  -1.8157940000000001  -0.17541959999999998
-1.9243109999999999  -1.761951  -0.17348139999999998
-1.9243109999999999  -1.708168  -0.1708953
-1.9243109999999999  -1.653324  -0.1689262
-1.9243109999999999  -1.599458  -0.1657711
-1.9243109999999999  -1.545598  -0.1637604
-1.9243109999999999  -1.491679  -0.1605162
-1.9243109999999999  -1.436847  -0.157579
-1.9243109999999999  -1.383019  -0.15397349999999999
-1.9243109999999999  -1.329149  -0.1509439
-1.9243109999999999  -1.2743  -0.1477348
-1.9243109999999999  -1.22037  -0.1433941
-1.9243109999999999  -1.166511  -0.1402004
-1.9243109999999999  -1.1116890000000001  -0.1360429
-1.9243109999999999  -1.057858  -0.13106099999999998
-1.9243109999999999  -1.004012  -0.1284243
-1.9243109999999999  -0.9491221000000001  -0.1226027
-1.9243109999999999  -0.8952116999999999  -0.1178863
-1.9243109999999999  -0.84135  -0.1149234
-1.9243109999999999  -0.7865196999999999  -0.1086685
-1.9243109999999999  -0.7326807  -0.10404709999999999
-1.9243109999999999  -0.6788082000000001  -0.100739
-1.9243109999999999  -0.623984  -0.09370739
-1.9243109999999999  -0.5699953000000001  -0.08886538999999999
-1.9243109999999999  -0.5161505  -0.08499506999999999
-1.9243109999999999  -0.4613358  -0.07765674
-1.9243109999999999  -0.4074598  -0.07264348
-1.9243109999999999  -0.3536007  -0.06876265
-1.9243109999999999  -0.2987283  -0.060521479999999996
-1.9243109999999999  -0.2449332  -0.05597178
-1.9243109999999999  -0.1910127  -0.05181416
-1.9243109999999999  -0.1362389  -0.04309616
-1.9243109999999999  -0.08237882  -0.03719235
-1.9243109999999999  -0.02850128  -0.03303485
-1.9243109999999999  0.026357389999999998  -0.02371569
-1.9243109999999999  0.08023912  -0.01641645
-1.9243109999999999  0.1340762  -0.01099653
-1.9243109999999999  0.1888962  0.0002141219
-1.9243109999999999  0.2427195  0.009821944
-1.9243109999999999  0.2965372  0.014617199999999999
-1.9243109999999999  0.3514393  0.022705279999999998
-1.9243109999999999  0.4053086  0.03077953
-1.9243109999999999  0.4591578  0.035739089999999994
-1.9243109999999999  0.5130186  0.04226613
-1.9243109999999999  0.5678848000000001  0.05076634
-1.9243109999999999  0.6218256  0.05443012
-1.9243109999999999  0.6756507  0.06212435
-1.9243109999999999  0.7306251  0.06879844
-1.9243109999999999  0.7842733  0.07314425999999999
-1.9243109999999999  0.8381377  0.07922765999999999
-1.9243109999999999  0.8929585  0.08762012
-1.9243109999999999  0.9468953  0.09072379
-1.9243109999999999  1.000737  0.09806763
-1.9243109999999999  1.0556159999999999  0.1063828
-1.9243109999999999  1.1094929999999998  0.11022459999999999
-1.9243109999999999  1.163346  0.11648309999999999
-1.9243109999999999  1.2181980000000001  0.125576
-1.9243109999999999  1.272109  0.1291087
-1.9243109999999999  1.325968  0.1353821
-1.9243109999999999  1.3807470000000002  0.143642
-1.9243109999999999  1.434591  0.1485762
-1.9243109999999999  1.488448  0.1528945
-1.9243109999999999  1.5433379999999999  0.1611498
-1.9243109999999999  1.597214  0.1643268
-1.9243109999999999  1.651058  0.1673791
-1.9243109999999999  1.705911  0.1745147
-1.9243109999999999  1.759709  0.1762345
-1.9243109999999999  1.813547  0.1785489
-1.9243109999999999  1.868512  0.183025
-1.9243109999999999  1.922375  0.1853071
-1.9243109999999999  1.9762170000000001  0.1851002
-1.9243109999999999  2.004708  0.1878371
-2.004614  -2.004614  -0.1827726
-2.004614  -1.951011  -0.1809105
-2.004614  -1.896179  -0.1794274
-2.004614  -1.842277  -0.1771598
-2.004614  -1.78836  -0.1750552
-2.004614  -1.733597  -0.1727136
-2.004614  -1.679705  -0.17076349999999998
-2.004614  -1.625875  -0.1678436
-2.004614  -1.571043  -0.1650593
-2.004614  -1.517123  -0.1621623
-2.004614  -1.463283  -0.1597623
-2.004614  -1.408457  -0.15599329999999997
-2.004614  -1.354569  -0.1526523
-2.004614  -1.300713  -0.14964059999999998
-2.004614  -1.2459  -0.1455819
-2.004614  -1.191926  -0.142213
-2.004614  -1.138134  -0.1389205
-2.004614  -1.0833009999999998  -0.13367679999999998
-2.004614  -1.029468  -0.1300509
-2.004614  -0.9755474000000001  -0.1265614
-2.004614  -0.9216675  -0.12026239999999999
-2.004614  -0.8667938000000001  -0.1166339
-2.004614  -0.8129438  -0.11267139999999999
-2.004614  -0.7590719  -0.1060948
-2.004614  -0.7042811  -0.1022068
-2.004614  -0.6504127  -0.09793786
-2.004614  -0.5964103000000001  -0.09076205999999999
-2.004614  -0.5415312  -0.08621419
-2.004614  -0.4877498  -0.08256475
-2.004614  -0.4338693  -0.07533967999999999
-2.004614  -0.3790534  -0.07007492
-2.004614  -0.3252575  -0.06617418
-2.004614  -0.2713248  -0.05747579
-2.004614  -0.2165441  -0.052391
-2.004614  -0.1626704  -0.048935179999999995
-2.004614  -0.1087966  -0.04042483
-2.004614  -0.05395387  -0.03275538
-2.004614  -8.657362e-5  -0.02979465
-2.004614  0.05380184  -0.021284380000000002
-2.004614  0.1085912  -0.01172086
-2.004614  0.16246719999999998  -0.004817823999999999
-2.004614  0.2162957  0.002131542
-2.004614  0.2710944  0.013226449999999999
-2.004614  0.32500959999999995  0.01984621
-2.004614  0.37886309999999995  0.02454612
-2.004614  0.43367259999999996  0.03383659
-2.004614  0.4875508  0.04060465
-2.004614  0.5414307  0.044250899999999996
-2.004614  0.5962191  0.05295791
-2.004614  0.6502104000000001  0.059328679999999995
-2.004614  0.7041069  0.06258747999999999
-2.004614  0.7588069000000001  0.0720022
-2.004614  0.8126749  0.07777793
-2.004614  0.866519  0.08073678999999999
-2.004614  0.9213535  0.08866625
-2.004614  0.9752862999999999  0.09683488
-2.004614  1.029183  0.1006664
-2.004614  1.083055  0.10714059999999999
-2.004614  1.1378869999999999  0.11572189999999999
-2.004614  1.191769  0.1199852
-2.004614  1.2456880000000001  0.1254015
-2.004614  1.300485  0.1342978
-2.004614  1.354308  0.1394935
-2.004614  1.408165  0.1442273
-2.004614  1.463011  0.15280649999999998
-2.004614  1.516839  0.1580386
-2.004614  1.5707650000000002  0.16016899999999998
-2.004614  1.625583  0.167161
-2.004614  1.6794120000000001  0.1730312
-2.004614  1.733289  0.1726415
-2.004614  1.788078  0.1768686
-2.004614  1.8419429999999999  0.1817618
-2.004614  1.8959300000000001  0.1832247
-2.004614  1.950749  0.185166
-2.004614  2.004601  0.18965639999999998
