2.005763  2.005763  0.1876805
1.925586  1.925586  0.1844221
1.925586  2.005763  0.1876805
1.8453089999999999  1.8453089999999999  0.1817743
1.8453089999999999  1.925586  0.18536604488587002
1.8453089999999999  2.005763  0.18762131385571112
1.76473  1.76473  0.17913790000000002
1.76473  1.8453089999999999  0.18258625273410656
1.76473  1.925586  0.18482156091804128
1.76473  2.005763  0.18815498391158605
1.684395  1.684395  0.1753499
1.684395  1.76473  0.1788781290456435
1.684395  1.8453089999999999  0.18249238256635958
1.684395  1.925586  0.18513889844688636
1.684395  2.005763  0.1877648444818392
1.6050499999999999  1.6050499999999999  0.1716203
1.6050499999999999  1.684395  0.17513066301828853
1.6050499999999999  1.76473  0.17797365720987335
1.6050499999999999  1.8453089999999999  0.18240423525948155
1.6050499999999999  1.925586  0.18409040269576704
1.6050499999999999  2.005763  0.1881545188864087
1.524644  1.524644  0.1674119
1.524644  1.6050499999999999  0.17148421752801976
1.524644  1.684395  0.17558345758375657
1.524644  1.76473  0.17824123232596487
1.524644  1.8453089999999999  0.18291819092540257
1.524644  1.925586  0.1845093799714573
1.524644  2.005763  0.18815206102823015
1.44431  1.44431  0.1633455
1.44431  1.524644  0.16718210278841042
1.44431  1.6050499999999999  0.17160700663681863
1.44431  1.684395  0.17494199171039454
1.44431  1.76473  0.1793056207900751
1.44431  1.8453089999999999  0.1820708501867537
1.44431  1.925586  0.18639428742891626
1.44431  2.005763  0.1881496053709544
1.363934  1.363934  0.158715
1.363934  1.44431  0.16259394585095283
1.363934  1.524644  0.167187509546123
1.363934  1.6050499999999999  0.17083291764946942
1.363934  1.684395  0.17542893915967542
1.363934  1.76473  0.17799125937150495
1.363934  1.8453089999999999  0.18245167077524335
1.363934  1.925586  0.18452685984554976
1.363934  2.005763  0.18814714842981872
1.2835999999999999  1.2835999999999999  0.1532847
1.2835999999999999  1.363934  0.1577842085742368
1.2835999999999999  1.44431  0.16158382643494426
1.2835999999999999  1.524644  0.1670293702660551
1.2835999999999999  1.6050499999999999  0.16986501831144832
1.2835999999999999  1.684395  0.17505893756931332
1.2835999999999999  1.76473  0.17817845256730228
1.2835999999999999  1.8453089999999999  0.1821195542565653
1.2835999999999999  1.925586  0.18587027446796325
1.2835999999999999  2.005763  0.18814469277254298
1.203166  1.203166  0.14747760000000001
1.203166  1.2835999999999999  0.15218588621992285
1.203166  1.363934  0.15751453766091655
1.203166  1.44431  0.1613513548563021
1.203166  1.524644  0.16709856351249194
1.203166  1.6050499999999999  0.17001040612121374
1.203166  1.684395  0.17383430121098997
1.203166  1.76473  0.1786229700055944
1.203166  1.8453089999999999  0.1815745979627893
1.203166  1.925586  0.1854193957897412
1.203166  2.005763  0.18814223405845779
1.122794  1.122794  0.1418006
1.122794  1.203166  0.14701831130452858
1.122794  1.2835999999999999  0.1519707705059027
1.122794  1.363934  0.15646293385785187
1.122794  1.44431  0.1610253213673969
1.122794  1.524644  0.1660433137088719
1.122794  1.6050499999999999  0.1694547826087786
1.122794  1.684395  0.1748995944973229
1.122794  1.76473  0.17852238253316313
1.122794  1.8453089999999999  0.18146954254376355
1.122794  1.925586  0.18521907806910054
1.122794  2.005763  0.18813977723959446
1.042449  1.042449  0.13558959999999998
1.042449  1.122794  0.14065392231353502
1.042449  1.203166  0.14613472597173538
1.042449  1.2835999999999999  0.15115194099478188
1.042449  1.363934  0.15629567097855732
1.042449  1.44431  0.16059082807609035
1.042449  1.524644  0.16635950383212952
1.042449  1.6050499999999999  0.16972598104919692
1.042449  1.684395  0.1736149009148914
1.042449  1.76473  0.17859583315893504
1.042449  1.8453089999999999  0.18155140017011312
1.042449  1.925586  0.1853136998865619
1.042449  2.005763  0.1881373212460697
0.9630974  0.9630974  0.12947
0.9630974  1.042449  0.1347182132411627
0.9630974  1.122794  0.13960479243397383
0.9630974  1.203166  0.14529017692765867
0.9630974  1.2835999999999999  0.14954521641093316
0.9630974  1.363934  0.15571045667458
0.9630974  1.44431  0.16053911840212834
0.9630974  1.524644  0.16561177981116038
0.9630974  1.6050499999999999  0.17077038779379988
0.9630974  1.684395  0.1735640646239074
0.9630974  1.76473  0.17715641219100675
0.9630974  1.8453089999999999  0.1824036523670925
0.9630974  1.925586  0.18589660438332614
0.9630974  2.005763  0.18813489561888963
0.8826971  0.8826971  0.12261140000000001
0.8826971  0.9630974  0.12820221271810714
0.8826971  1.042449  0.13293674088010152
0.8826971  1.122794  0.1390574056154
0.8826971  1.203166  0.1441471720770343
0.8826971  1.2835999999999999  0.14958503181451896
0.8826971  1.363934  0.15563517729628293
0.8826971  1.44431  0.1594496498571311
0.8826971  1.524644  0.1633968013572295
0.8826971  1.6050499999999999  0.17030067004306984
0.8826971  1.684395  0.17441182885092316
0.8826971  1.76473  0.1778409041387339
0.8826971  1.8453089999999999  0.18173006126243202
0.8826971  1.925586  0.18443883366992794
0.8826971  2.005763  0.18813243793494924
0.8023587  0.8023587  0.1158539
0.8023587  0.8826971  0.12142992953661655
0.8023587  0.9630974  0.12713548716519932
0.8023587  1.042449  0.1322251869171179
0.8023587  1.122794  0.137517797342797
0.8023587  1.203166  0.14347414589767893
0.8023587  1.2835999999999999  0.14851369539553946
0.8023587  1.363934  0.15448287080615017
0.8023587  1.44431  0.16072846870547922
0.8023587  1.524644  0.16371269406811068
0.8023587  1.6050499999999999  0.16790704600280826
0.8023587  1.684395  0.17434998533994428
0.8023587  1.76473  0.17826828174807385
0.8023587  1.8453089999999999  0.18099724993193508
0.8023587  1.925586  0.18451663501608567
0.8023587  2.005763  0.1881299821431739
0.7220506  0.7220506  0.1085965
0.7220506  0.8023587  0.11439614840403255
0.7220506  0.8826971  0.12005385528324827
0.7220506  0.9630974  0.12550042849148635
0.7220506  1.042449  0.13084463505540692
0.7220506  1.122794  0.1372589932772007
0.7220506  1.203166  0.14228269733013366
0.7220506  1.2835999999999999  0.1482400458092468
0.7220506  1.363934  0.1546503991028127
0.7220506  1.44431  0.15817799826962814
0.7220506  1.524644  0.16321381096629053
0.7220506  1.6050499999999999  0.169674152331886
0.7220506  1.684395  0.17467168937649266
0.7220506  1.76473  0.17697875136074234
0.7220506  1.8453089999999999  0.18082046978982022
0.7220506  1.925586  0.18559175232128367
0.7220506  2.005763  0.18812752727761178
0.6417668999999999  0.6417668999999999  0.1017642
0.6417668999999999  0.7220506  0.10665739518292465
0.6417668999999999  0.8023587  0.11326961158958154
0.6417668999999999  0.8826971  0.11810925643554702
0.6417668999999999  0.9630974  0.123672454667986
0.6417668999999999  1.042449  0.1299448672684657
0.6417668999999999  1.122794  0.13569278871215357
0.6417668999999999  1.203166  0.1419324529264327
0.6417668999999999  1.2835999999999999  0.14773912418592708
0.6417668999999999  1.363934  0.15301141527898057
0.6417668999999999  1.44431  0.15793009661252388
0.6417668999999999  1.524644  0.16422589978021376
0.6417668999999999  1.6050499999999999  0.16986736172523792
0.6417668999999999  1.684395  0.17255581515238774
0.6417668999999999  1.76473  0.1767141280413475
0.6417668999999999  1.8453089999999999  0.1821498066210729
0.6417668999999999  1.925586  0.18511964686600435
0.6417668999999999  2.005763  0.18812507315791116
0.561296  0.561296  0.09379809
0.561296  0.6417668999999999  0.09944379712481502
0.561296  0.7220506  0.10518959473951016
0.561296  0.8023587  0.11068304947450884
0.561296  0.8826971  0.11694951535529823
0.561296  0.9630974  0.12324388425495274
0.561296  1.042449  0.12869650635815869
0.561296  1.122794  0.13544589521641986
0.561296  1.203166  0.1422761030294077
0.561296  1.2835999999999999  0.1466391351818299
0.561296  1.363934  0.15189423651200296
0.561296  1.44431  0.15916967380583358
0.561296  1.524644  0.1651477382462542
0.561296  1.6050499999999999  0.16757172768959405
0.561296  1.684395  0.17235697109655623
0.561296  1.76473  0.17825826045257773
0.561296  1.8453089999999999  0.18209258652801172
0.561296  1.925586  0.1836501849849246
0.561296  2.005763  0.18812261331586333
0.4809894  0.4809894  0.08629128
0.4809894  0.561296  0.0918241072255896
0.4809894  0.6417668999999999  0.09699133391025583
0.4809894  0.7220506  0.10372220434582415
0.4809894  0.8023587  0.10946103595297522
0.4809894  0.8826971  0.11600980043806805
0.4809894  0.9630974  0.12311834334015262
0.4809894  1.042449  0.12731119494111223
0.4809894  1.122794  0.13336539527546096
0.4809894  1.203166  0.14109142945366598
0.4809894  1.2835999999999999  0.14749689473157618
0.4809894  1.363934  0.15126980793372005
0.4809894  1.44431  0.15673268650060485
0.4809894  1.524644  0.1642757215108814
0.4809894  1.6050499999999999  0.16886915180721374
0.4809894  1.684395  0.1718356168309339
0.4809894  1.76473  0.17662967595088566
0.4809894  1.8453089999999999  0.1821735064423285
0.4809894  1.925586  0.1850738935426039
0.4809894  2.005763  0.18812015849615338
0.4006478  0.4006478  0.07731874
0.4006478  0.4809894  0.0835028020878106
0.4006478  0.561296  0.08942026359149631
0.4006478  0.6417668999999999  0.09594644633676319
0.4006478  0.7220506  0.10254084260537118
0.4006478  0.8023587  0.10842387765613291
0.4006478  0.8826971  0.11388620572098211
0.4006478  0.9630974  0.12154399027336338
0.4006478  1.042449  0.12838969743020506
0.4006478  1.122794  0.1328774650927425
0.4006478  1.203166  0.13850510839410812
0.4006478  1.2835999999999999  0.14663002478217174
0.4006478  1.363934  0.1529130365494416
0.4006478  1.44431  0.15677944414616488
0.4006478  1.524644  0.16214230252043274
0.4006478  1.6050499999999999  0.16855524107088324
0.4006478  1.684395  0.173402623212564
0.4006478  1.76473  0.17697360373781118
0.4006478  1.8453089999999999  0.18092617775599756
0.4006478  1.925586  0.185685850386794
0.4006478  2.005763  0.1881177026065601
0.3213207  0.3213207  0.06995714
0.3213207  0.4006478  0.07554602814200302
0.3213207  0.4809894  0.08102866273910532
0.3213207  0.561296  0.08819135991786486
0.3213207  0.6417668999999999  0.09453186456935889
0.3213207  0.7220506  0.1005796609327114
0.3213207  0.8023587  0.10710240770684881
0.3213207  0.8826971  0.11346312630228098
0.3213207  0.9630974  0.12049896783232895
0.3213207  1.042449  0.1263978969017681
0.3213207  1.122794  0.1320619678553061
0.3213207  1.203166  0.13982501657028376
0.3213207  1.2835999999999999  0.14563511098568316
0.3213207  1.363934  0.15053288841733958
0.3213207  1.44431  0.1567086805932273
0.3213207  1.524644  0.16338644053231327
0.3213207  1.6050499999999999  0.1685664113614103
0.3213207  1.684395  0.17155775154528874
0.3213207  1.76473  0.17610548858022929
0.3213207  1.8453089999999999  0.18208677118637318
0.3213207  1.925586  0.18487390959841432
0.3213207  2.005763  0.18811527772829836
0.2410983  0.2410983  0.06118257
0.2410983  0.3213207  0.06678774215769359
0.2410983  0.4006478  0.073931691305877
0.2410983  0.4809894  0.07979666918337693
0.2410983  0.561296  0.08656725068907296
0.2410983  0.6417668999999999  0.09270334040895942
0.2410983  0.7220506  0.09938501913840748
0.2410983  0.8023587  0.10593927610113689
0.2410983  0.8826971  0.11220481620933798
0.2410983  0.9630974  0.11932073231670937
0.2410983  1.042449  0.12674656426644254
0.2410983  1.122794  0.13189670433221576
0.2410983  1.203166  0.13742911555330461
0.2410983  1.2835999999999999  0.14561013530079922
0.2410983  1.363934  0.15187389856096845
0.2410983  1.44431  0.15579399474638905
0.2410983  1.524644  0.16166611245000878
0.2410983  1.6050499999999999  0.16798700824507365
0.2410983  1.684395  0.17292282022795788
0.2410983  1.76473  0.1775024250972531
0.2410983  1.8453089999999999  0.1815770468244377
0.2410983  1.925586  0.183897869503724
0.2410983  2.005763  0.18811282548242192
0.1607238  0.1607238  0.05259239
0.1607238  0.2410983  0.05834811332407362
0.1607238  0.3213207  0.06528839404576177
0.1607238  0.4006478  0.07148241841442902
0.1607238  0.4809894  0.07759883912468989
0.1607238  0.561296  0.08456790160332996
0.1607238  0.6417668999999999  0.09171975226565136
0.1607238  0.7220506  0.09808765584730011
0.1607238  0.8023587  0.1046744291974357
0.1607238  0.8826971  0.11201140044051855
0.1607238  0.9630974  0.11939468520072755
0.1607238  1.042449  0.12412801137722941
0.1607238  1.122794  0.13048560668893117
0.1607238  1.203166  0.13890779612850088
0.1607238  1.2835999999999999  0.14505285573459004
0.1607238  1.363934  0.1498817978618341
0.1607238  1.44431  0.15681965034930237
0.1607238  1.524644  0.1623082690904317
0.1607238  1.6050499999999999  0.16723450476285548
0.1607238  1.684395  0.1734674832329257
0.1607238  1.76473  0.17733797020429204
0.1607238  1.8453089999999999  0.18017459661488403
0.1607238  1.925586  0.1845870472744591
0.1607238  2.005763  0.18811036858713837
0.08042777  0.08042777  0.043017599999999996
0.08042777  0.1607238  0.049713737618485944
0.08042777  0.2410983  0.05583115366294427
0.08042777  0.3213207  0.06296483540776807
0.08042777  0.4006478  0.06987672242975632
0.08042777  0.4809894  0.07658251190719807
0.08042777  0.561296  0.08216496559509558
0.08042777  0.6417668999999999  0.0902140279633466
0.08042777  0.7220506  0.09791302714242145
0.08042777  0.8023587  0.10309385699140403
0.08042777  0.8826971  0.10964303999175748
0.08042777  0.9630974  0.11754604817006037
0.08042777  1.042449  0.12404104670453715
0.08042777  1.122794  0.1301734405523524
0.08042777  1.203166  0.1377356056292764
0.08042777  1.2835999999999999  0.14379451763365053
0.08042777  1.363934  0.14964945163358961
0.08042777  1.44431  0.15710756134573017
0.08042777  1.524644  0.16282223824238432
0.08042777  1.6050499999999999  0.1658956405757735
0.08042777  1.684395  0.17215379194552363
0.08042777  1.76473  0.17761322928842935
0.08042777  1.8453089999999999  0.18102353691796014
0.08042777  1.925586  0.1854007663816444
0.08042777  2.005763  0.18810791409053312
7.467647e-5  7.467647e-5  0.03333332
7.467647e-5  0.08042777  0.040005857406602285
7.467647e-5  0.1607238  0.04711471125633309
7.467647e-5  0.2410983  0.0537771559688249
7.467647e-5  0.3213207  0.05996664174984183
7.467647e-5  0.4006478  0.06783506307497349
7.467647e-5  0.4809894  0.07527342761105182
7.467647e-5  0.561296  0.08144638020076263
7.467647e-5  0.6417668999999999  0.08901052436376863
7.467647e-5  0.7220506  0.09533545420527302
7.467647e-5  0.8023587  0.10194857315803486
7.467647e-5  0.8826971  0.11020792657867327
7.467647e-5  0.9630974  0.11772852652072753
7.467647e-5  1.042449  0.12242702360776937
7.467647e-5  1.122794  0.1297193255440491
7.467647e-5  1.203166  0.13748985138002628
7.467647e-5  1.2835999999999999  0.14336984364314445
7.467647e-5  1.363934  0.1497044294120931
7.467647e-5  1.44431  0.1563112391389313
7.467647e-5  1.524644  0.16074921563122158
7.467647e-5  1.6050499999999999  0.16640501935679744
7.467647e-5  1.684395  0.17336222217351052
7.467647e-5  1.76473  0.17659386432512647
7.467647e-5  1.8453089999999999  0.18041674062720814
7.467647e-5  1.925586  0.18450533133322355
7.467647e-5  2.005763  0.18810545784960458
-0.08028738  -0.08028738  0.022841419999999998
-0.08028738  7.467647e-5  0.028992638427065568
-0.08028738  0.08042777  0.03674839969800392
-0.08028738  0.1607238  0.0443707746670676
-0.08028738  0.2410983  0.05080666688403958
-0.08028738  0.3213207  0.059448524926733005
-0.08028738  0.4006478  0.06658950530657111
-0.08028738  0.4809894  0.07288921823318983
-0.08028738  0.561296  0.08072086865160813
-0.08028738  0.6417668999999999  0.08699298377069044
-0.08028738  0.7220506  0.09362291928369153
-0.08028738  0.8023587  0.10265000844993388
-0.08028738  0.8826971  0.10971849728344178
-0.08028738  0.9630974  0.11534318561730976
-0.08028738  1.042449  0.12296586694936493
-0.08028738  1.122794  0.13013368432622854
-0.08028738  1.203166  0.1357686370125348
-0.08028738  1.2835999999999999  0.14456889423215843
-0.08028738  1.363934  0.15001822237189058
-0.08028738  1.44431  0.15488830461842332
-0.08028738  1.524644  0.16106595709978339
-0.08028738  1.6050499999999999  0.1678620659734715
-0.08028738  1.684395  0.17125176718738933
-0.08028738  1.76473  0.17737650982363387
-0.08028738  1.8453089999999999  0.1812326896984377
-0.08028738  1.925586  0.18340084766594403
-0.08028738  2.005763  0.188103001334696
-0.16058830000000002  -0.16058830000000002  0.0105555
-0.16058830000000002  -0.08028738  0.016417074248181205
-0.16058830000000002  7.467647e-5  0.024715886093525746
-0.16058830000000002  0.08042777  0.03293735993903557
-0.16058830000000002  0.1607238  0.0416793571426239
-0.16058830000000002  0.2410983  0.04898918246124313
-0.16058830000000002  0.3213207  0.05688492141198894
-0.16058830000000002  0.4006478  0.06428851657205263
-0.16058830000000002  0.4809894  0.0709481034156552
-0.16058830000000002  0.561296  0.07968310902107555
-0.16058830000000002  0.6417668999999999  0.0871111082846366
-0.16058830000000002  0.7220506  0.09327890079595123
-0.16058830000000002  0.8023587  0.10063635246013705
-0.16058830000000002  0.8826971  0.10762055324592909
-0.16058830000000002  0.9630974  0.11487942824658341
-0.16058830000000002  1.042449  0.12130786883083644
-0.16058830000000002  1.122794  0.12941985350390867
-0.16058830000000002  1.203166  0.13579887048256864
-0.16058830000000002  1.2835999999999999  0.1417853461440702
-0.16058830000000002  1.363934  0.15089211021871046
-0.16058830000000002  1.44431  0.15574778689949068
-0.16058830000000002  1.524644  0.16023191130637568
-0.16058830000000002  1.6050499999999999  0.1668517610098963
-0.16058830000000002  1.684395  0.17128124329799788
-0.16058830000000002  1.76473  0.17651223262516422
-0.16058830000000002  1.8453089999999999  0.1824794016169806
-0.16058830000000002  1.925586  0.18437281341724818
-0.16058830000000002  2.005763  0.1881005466886128
-0.240861  -0.240861  -0.002357353
-0.240861  -0.16058830000000002  0.00386961396285513
-0.240861  -0.08028738  0.010256254811685336
-0.240861  7.467647e-5  0.01901081463016669
-0.240861  0.08042777  0.028864870511225243
-0.240861  0.1607238  0.03727230529141712
-0.240861  0.2410983  0.045775903793170744
-0.240861  0.3213207  0.05535418502544977
-0.240861  0.4006478  0.06288765458849602
-0.240861  0.4809894  0.07028449442259144
-0.240861  0.561296  0.07811615909643495
-0.240861  0.6417668999999999  0.08441434144716571
-0.240861  0.7220506  0.09178879017534987
-0.240861  0.8023587  0.10054791935124505
-0.240861  0.8826971  0.10764211652948188
-0.240861  0.9630974  0.11353791569734276
-0.240861  1.042449  0.12100208430311486
-0.240861  1.122794  0.12917172385004128
-0.240861  1.203166  0.13549972197914092
-0.240861  1.2835999999999999  0.14326775759410906
-0.240861  1.363934  0.14921453669362744
-0.240861  1.44431  0.15361061367708154
-0.240861  1.524644  0.16067761051382554
-0.240861  1.6050499999999999  0.1667676410278377
-0.240861  1.684395  0.1715565962298726
-0.240861  1.76473  0.17746547714602828
-0.240861  1.8453089999999999  0.18092674780290863
-0.240861  1.925586  0.1830550416969791
-0.240861  2.005763  0.18809809290516122
-0.321188  -0.321188  -0.013627130000000001
-0.321188  -0.240861  -0.0071798626671360005
-0.321188  -0.16058830000000002  -0.0015378445879243776
-0.321188  -0.08028738  0.006733823727992632
-0.321188  7.467647e-5  0.01549592044627064
-0.321188  0.08042777  0.02329118121064033
-0.321188  0.1607238  0.03261388659655461
-0.321188  0.2410983  0.04489528589394181
-0.321188  0.3213207  0.052709601144446026
-0.321188  0.4006478  0.06152568628790899
-0.321188  0.4809894  0.069891085136139
-0.321188  0.561296  0.07570183268295813
-0.321188  0.6417668999999999  0.0835252573199877
-0.321188  0.7220506  0.09223628819063354
-0.321188  0.8023587  0.09921111999851696
-0.321188  0.8826971  0.10623685609280069
-0.321188  0.9630974  0.11441122549881116
-0.321188  1.042449  0.11970963706231143
-0.321188  1.122794  0.12717245430154384
-0.321188  1.203166  0.1364667877575578
-0.321188  1.2835999999999999  0.14157633830828062
-0.321188  1.363934  0.14882554475978335
-0.321188  1.44431  0.15586620486730182
-0.321188  1.524644  0.15958064649384107
-0.321188  1.6050499999999999  0.16669416620101346
-0.321188  1.684395  0.1724220116682243
-0.321188  1.76473  0.17607347685412217
-0.321188  1.8453089999999999  0.18261567674402707
-0.321188  1.925586  0.18398276296034338
-0.321188  2.005763  0.18809563746186214
-0.40050240000000004  -0.40050240000000004  -0.02350364
-0.40050240000000004  -0.321188  -0.018424617683953672
-0.40050240000000004  -0.240861  -0.011100442291412332
-0.40050240000000004  -0.16058830000000002  -0.004632998311961929
-0.40050240000000004  -0.08028738  0.002662049613197652
-0.40050240000000004  7.467647e-5  0.011329460769321639
-0.40050240000000004  0.08042777  0.021267687081947952
-0.40050240000000004  0.1607238  0.030519915706733472
-0.40050240000000004  0.2410983  0.041795068076395395
-0.40050240000000004  0.3213207  0.051322303809113914
-0.40050240000000004  0.4006478  0.058443355752220344
-0.40050240000000004  0.4809894  0.06821491575581641
-0.40050240000000004  0.561296  0.0759341329752225
-0.40050240000000004  0.6417668999999999  0.08280126158513243
-0.40050240000000004  0.7220506  0.09037802602510793
-0.40050240000000004  0.8023587  0.0977193492350759
-0.40050240000000004  0.8826971  0.10477907078321586
-0.40050240000000004  0.9630974  0.11445477679061015
-0.40050240000000004  1.042449  0.12065052142729292
-0.40050240000000004  1.122794  0.1276770313387562
-0.40050240000000004  1.203166  0.13490876792225462
-0.40050240000000004  1.2835999999999999  0.14004830183589692
-0.40050240000000004  1.363934  0.1475708215727361
-0.40050240000000004  1.44431  0.15562043803334882
-0.40050240000000004  1.524644  0.16078402121724858
-0.40050240000000004  1.6050499999999999  0.16689795739529123
-0.40050240000000004  1.684395  0.17177439958230895
-0.40050240000000004  1.76473  0.174869666071031
-0.40050240000000004  1.8453089999999999  0.18108311147643696
-0.40050240000000004  1.925586  0.1850063426453042
-0.40050240000000004  2.005763  0.1880932129718152
-0.48081029999999997  -0.48081029999999997  -0.03331623
-0.48081029999999997  -0.40050240000000004  -0.027621230511733263
-0.48081029999999997  -0.321188  -0.02194482259063091
-0.48081029999999997  -0.240861  -0.014673750068055375
-0.48081029999999997  -0.16058830000000002  -0.007168390766540194
-0.48081029999999997  -0.08028738  -0.0003573756807361888
-0.48081029999999997  7.467647e-5  0.007878959641134563
-0.48081029999999997  0.08042777  0.018104154761584283
-0.48081029999999997  0.1607238  0.028054707518610902
-0.48081029999999997  0.2410983  0.03997258579920107
-0.48081029999999997  0.3213207  0.05082202248325409
-0.48081029999999997  0.4006478  0.057116880440756246
-0.48081029999999997  0.4809894  0.06656068618738474
-0.48081029999999997  0.561296  0.07394428980625221
-0.48081029999999997  0.6417668999999999  0.08099081365869662
-0.48081029999999997  0.7220506  0.09082274125875087
-0.48081029999999997  0.8023587  0.09791780279829511
-0.48081029999999997  0.8826971  0.10382830770561895
-0.48081029999999997  0.9630974  0.11193127172082269
-0.48081029999999997  1.042449  0.11930502296555517
-0.48081029999999997  1.122794  0.1265980919275821
-0.48081029999999997  1.203166  0.13591242653821736
-0.48081029999999997  1.2835999999999999  0.14120344717558642
-0.48081029999999997  1.363934  0.1471029707224274
-0.48081029999999997  1.44431  0.1550379677774384
-0.48081029999999997  1.524644  0.1592910699739872
-0.48081029999999997  1.6050499999999999  0.166244772206525
-0.48081029999999997  1.684395  0.1730619798097583
-0.48081029999999997  1.76473  0.17575001906886198
-0.48081029999999997  1.8453089999999999  0.18132479778917387
-0.48081029999999997  1.925586  0.1849859508930069
-0.48081029999999997  2.005763  0.18809075811236672
-0.5611113  -0.5611113  -0.04225016
-0.5611113  -0.48081029999999997  -0.03709825512119871
-0.5611113  -0.40050240000000004  -0.030639160667501303
-0.5611113  -0.321188  -0.02458091498442464
-0.5611113  -0.240861  -0.018309121269233265
-0.5611113  -0.16058830000000002  -0.010442052850959343
-0.5611113  -0.08028738  -0.001970496854899025
-0.5611113  7.467647e-5  0.0056785102898659606
-0.5611113  0.08042777  0.01629549098588166
-0.5611113  0.1607238  0.02564562957472622
-0.5611113  0.2410983  0.03648214028687952
-0.5611113  0.3213207  0.04828687653146426
-0.5611113  0.4006478  0.05579350777039542
-0.5611113  0.4809894  0.06569773057215016
-0.5611113  0.561296  0.07362472161455755
-0.5611113  0.6417668999999999  0.080161730075321
-0.5611113  0.7220506  0.08904276638582703
-0.5611113  0.8023587  0.09548397528692536
-0.5611113  0.8826971  0.10348088489126801
-0.5611113  0.9630974  0.11327548815559423
-0.5611113  1.042449  0.1188203246105724
-0.5611113  1.122794  0.12694900835894923
-0.5611113  1.203166  0.13412330406406586
-0.5611113  1.2835999999999999  0.13923506021918453
-0.5611113  1.363934  0.14763992949261398
-0.5611113  1.44431  0.1554889650776116
-0.5611113  1.524644  0.15999349953839592
-0.5611113  1.6050499999999999  0.1663116550437425
-0.5611113  1.684395  0.1714376089291372
-0.5611113  1.76473  0.17462535323814457
-0.5611113  1.8453089999999999  0.18100083386944524
-0.5611113  1.925586  0.18397198489576244
-0.5611113  2.005763  0.1880883034638381
-0.6415433  -0.6415433  -0.051999500000000004
-0.6415433  -0.5611113  -0.046342499727836765
-0.6415433  -0.48081029999999997  -0.04067236883458508
-0.6415433  -0.40050240000000004  -0.03426847389714163
-0.6415433  -0.321188  -0.026997107488634195
-0.6415433  -0.240861  -0.020189366147651516
-0.6415433  -0.16058830000000002  -0.013753410951904639
-0.6415433  -0.08028738  -0.004920313683320286
-0.6415433  7.467647e-5  0.005234004975650712
-0.6415433  0.08042777  0.012466916358579935
-0.6415433  0.1607238  0.02397754238751927
-0.6415433  0.2410983  0.03564327497385795
-0.6415433  0.3213207  0.04520902482973727
-0.6415433  0.4006478  0.05597134788625832
-0.6415433  0.4809894  0.0628947730264125
-0.6415433  0.561296  0.07294408806254805
-0.6415433  0.6417668999999999  0.08099049160818551
-0.6415433  0.7220506  0.08606308434491358
-0.6415433  0.8023587  0.09534634430808918
-0.6415433  0.8826971  0.10430445163156261
-0.6415433  0.9630974  0.1099407043640406
-0.6415433  1.042449  0.11972124828774718
-0.6415433  1.122794  0.1262385026177519
-0.6415433  1.203166  0.13158390218642002
-0.6415433  1.2835999999999999  0.14101947284967437
-0.6415433  1.363934  0.14705048291006617
-0.6415433  1.44431  0.15368454916522895
-0.6415433  1.524644  0.16230178861274133
-0.6415433  1.6050499999999999  0.1651184490494626
-0.6415433  1.684395  0.17104620118984865
-0.6415433  1.76473  0.17615095256624266
-0.6415433  1.8453089999999999  0.17886996010421158
-0.6415433  1.925586  0.18450421294600966
-0.6415433  2.005763  0.18808584481088914
-0.7218568000000001  -0.7218568000000001  -0.06098711
-0.7218568000000001  -0.6415433  -0.05596797350662016
-0.7218568000000001  -0.5611113  -0.05023110141368772
-0.7218568000000001  -0.48081029999999997  -0.04353796237623698
-0.7218568000000001  -0.40050240000000004  -0.03690449771061524
-0.7218568000000001  -0.321188  -0.030264845574056284
-0.7218568000000001  -0.240861  -0.02215178358919756
-0.7218568000000001  -0.16058830000000002  -0.015754453501203473
-0.7218568000000001  -0.08028738  -0.008381488885417584
-0.7218568000000001  7.467647e-5  0.00227853010350866
-0.7218568000000001  0.08042777  0.011230333590462762
-0.7218568000000001  0.1607238  0.023214889297611514
-0.7218568000000001  0.2410983  0.034859841389612
-0.7218568000000001  0.3213207  0.043640200376447405
-0.7218568000000001  0.4006478  0.05434606078835247
-0.7218568000000001  0.4809894  0.06109565365664714
-0.7218568000000001  0.561296  0.0707173980455714
-0.7218568000000001  0.6417668999999999  0.07983839194505324
-0.7218568000000001  0.7220506  0.08677146737922665
-0.7218568000000001  0.8023587  0.09604116169925726
-0.7218568000000001  0.8826971  0.1029579582136239
-0.7218568000000001  0.9630974  0.10938246359526942
-0.7218568000000001  1.042449  0.11901499735598842
-0.7218568000000001  1.122794  0.12472707044330203
-0.7218568000000001  1.203166  0.1325262117610617
-0.7218568000000001  1.2835999999999999  0.1413856291895439
-0.7218568000000001  1.363934  0.14623101949635522
-0.7218568000000001  1.44431  0.15421336475536448
-0.7218568000000001  1.524644  0.16059010417572292
-0.7218568000000001  1.6050499999999999  0.16368640929190584
-0.7218568000000001  1.684395  0.17147181380869386
-0.7218568000000001  1.76473  0.1750060716828291
-0.7218568000000001  1.8453089999999999  0.18108761815328345
-0.7218568000000001  1.925586  0.185112949446782
-0.7218568000000001  2.005763  0.18808338978025926
-0.8020895  -0.8020895  -0.07022415
-0.8020895  -0.7218568000000001  -0.0650937730246393
-0.8020895  -0.6415433  -0.05908285369468275
-0.8020895  -0.5611113  -0.05306363612651379
-0.8020895  -0.48081029999999997  -0.046679867431161724
-0.8020895  -0.40050240000000004  -0.03962206154535243
-0.8020895  -0.321188  -0.03218083585250606
-0.8020895  -0.240861  -0.025678156213550192
-0.8020895  -0.16058830000000002  -0.018868120532610312
-0.8020895  -0.08028738  -0.009293678111187809
-0.8020895  7.467647e-5  -0.00027452272732114637
-0.8020895  0.08042777  0.0096574693893298
-0.8020895  0.1607238  0.022158389747835454
-0.8020895  0.2410983  0.03161869830529533
-0.8020895  0.3213207  0.04313601427552793
-0.8020895  0.4006478  0.05145943925468625
-0.8020895  0.4809894  0.060770235347780734
-0.8020895  0.561296  0.06990180054999036
-0.8020895  0.6417668999999999  0.07838733554883244
-0.8020895  0.7220506  0.08717037655779172
-0.8020895  0.8023587  0.09489240557603008
-0.8020895  0.8826971  0.10074771560155861
-0.8020895  0.9630974  0.11005350370196873
-0.8020895  1.042449  0.11833652720372274
-0.8020895  1.122794  0.12493144906976715
-0.8020895  1.203166  0.1348309745179586
-0.8020895  1.2835999999999999  0.1399405092089661
-0.8020895  1.363934  0.14584654853914406
-0.8020895  1.44431  0.15362609087446882
-0.8020895  1.524644  0.15880383422430502
-0.8020895  1.6050499999999999  0.16614100699088363
-0.8020895  1.684395  0.17194757514009554
-0.8020895  1.76473  0.17526655556585446
-0.8020895  1.8453089999999999  0.18165304274760477
-0.8020895  1.925586  0.18342401903849995
-0.8020895  2.005763  0.18808093721953148
-0.8822523999999999  -0.8822523999999999  -0.079233
-0.8822523999999999  -0.8020895  -0.074240190340294
-0.8822523999999999  -0.7218568000000001  -0.06804621125908236
-0.8822523999999999  -0.6415433  -0.06213883178134274
-0.8822523999999999  -0.5611113  -0.056876489103746736
-0.8822523999999999  -0.48081029999999997  -0.04927649801701918
-0.8822523999999999  -0.40050240000000004  -0.042384897678289055
-0.8822523999999999  -0.321188  -0.03469813623034308
-0.8822523999999999  -0.240861  -0.02710255602617276
-0.8822523999999999  -0.16058830000000002  -0.020637489081493043
-0.8822523999999999  -0.08028738  -0.012177695269015512
-0.8822523999999999  7.467647e-5  -0.0017436071690341717
-0.8822523999999999  0.08042777  0.0068386443854730845
-0.8822523999999999  0.1607238  0.020004879702439568
-0.8822523999999999  0.2410983  0.03202803288420679
-0.8822523999999999  0.3213207  0.041232636756557195
-0.8822523999999999  0.4006478  0.05219868129756574
-0.8822523999999999  0.4809894  0.059085901358433265
-0.8822523999999999  0.561296  0.06874086216168042
-0.8822523999999999  0.6417668999999999  0.07742193857824058
-0.8822523999999999  0.7220506  0.08527330034114901
-0.8822523999999999  0.8023587  0.09542310542085082
-0.8822523999999999  0.8826971  0.1020404748881049
-0.8822523999999999  0.9630974  0.10959186141759998
-0.8822523999999999  1.042449  0.11773144491320887
-0.8822523999999999  1.122794  0.12328469050086716
-0.8822523999999999  1.203166  0.13229383290004681
-0.8822523999999999  1.2835999999999999  0.1399395020141904
-0.8822523999999999  1.363934  0.14643853792943642
-0.8822523999999999  1.44431  0.15487345478798675
-0.8822523999999999  1.524644  0.15927432045956394
-0.8822523999999999  1.6050499999999999  0.1657788271851752
-0.8822523999999999  1.684395  0.1701487497081002
-0.8822523999999999  1.76473  0.1749907141454522
-0.8822523999999999  1.8453089999999999  0.18099184177425726
-0.8822523999999999  1.925586  0.18336077037076956
-0.8822523999999999  2.005763  0.18807848679245665
-0.9627643  -0.9627643  -0.088329
-0.9627643  -0.8822523999999999  -0.08343012804868441
-0.9627643  -0.8020895  -0.07697848013031257
-0.9627643  -0.7218568000000001  -0.07190668981665649
-0.9627643  -0.6415433  -0.06606762590073657
-0.9627643  -0.5611113  -0.05881204451069782
-0.9627643  -0.48081029999999997  -0.05204400916884179
-0.9627643  -0.40050240000000004  -0.045477283080406286
-0.9627643  -0.321188  -0.03692411066765133
-0.9627643  -0.240861  -0.030853046299258738
-0.9627643  -0.16058830000000002  -0.02245007444218617
-0.9627643  -0.08028738  -0.013139673160346515
-0.9627643  7.467647e-5  -0.004965852282832276
-0.9627643  0.08042777  0.007367476441327522
-0.9627643  0.1607238  0.017628664592393945
-0.9627643  0.2410983  0.030466393686270233
-0.9627643  0.3213207  0.04117266503042434
-0.9627643  0.4006478  0.048271608909598036
-0.9627643  0.4809894  0.05915203604100738
-0.9627643  0.561296  0.06663909503729772
-0.9627643  0.6417668999999999  0.07590420441469385
-0.9627643  0.7220506  0.08572452499516185
-0.9627643  0.8023587  0.09263523416792484
-0.9627643  0.8826971  0.10206763987517788
-0.9627643  0.9630974  0.10916677176692786
-0.9627643  1.042449  0.11624106903563955
-0.9627643  1.122794  0.1245381758296692
-0.9627643  1.203166  0.12998403504703585
-0.9627643  1.2835999999999999  0.14005362450658984
-0.9627643  1.363934  0.14777793797739508
-0.9627643  1.44431  0.1527434121769252
-0.9627643  1.524644  0.16068028900493508
-0.9627643  1.6050499999999999  0.16397059922383625
-0.9627643  1.684395  0.16995089293670781
-0.9627643  1.76473  0.17563228646368573
-0.9627643  1.8453089999999999  0.1789620935924258
-0.9627643  1.925586  0.18556684854712122
-0.9627643  2.005763  0.18807602569711696
-1.0421179999999999  -1.0421179999999999  -0.09705268
-1.0421179999999999  -0.9627643  -0.09248727183071695
-1.0421179999999999  -0.8822523999999999  -0.086731535313964
-1.0421179999999999  -0.8020895  -0.08139378002936182
-1.0421179999999999  -0.7218568000000001  -0.07583403716039008
-1.0421179999999999  -0.6415433  -0.0682523577132662
-1.0421179999999999  -0.5611113  -0.061698833629203594
-1.0421179999999999  -0.48081029999999997  -0.054893922437795305
-1.0421179999999999  -0.40050240000000004  -0.04698653572123566
-1.0421179999999999  -0.321188  -0.041051175561789374
-1.0421179999999999  -0.240861  -0.03294275520821602
-1.0421179999999999  -0.16058830000000002  -0.02404967853663039
-1.0421179999999999  -0.08028738  -0.01608000856592699
-1.0421179999999999  7.467647e-5  -0.00460003400416207
-1.0421179999999999  0.08042777  0.0043330556781433415
-1.0421179999999999  0.1607238  0.016665897320168446
-1.0421179999999999  0.2410983  0.029234014838907595
-1.0421179999999999  0.3213207  0.03831940342687945
-1.0421179999999999  0.4006478  0.0490605585881445
-1.0421179999999999  0.4809894  0.05651931215273746
-1.0421179999999999  0.561296  0.06646862045746522
-1.0421179999999999  0.6417668999999999  0.07548470820760382
-1.0421179999999999  0.7220506  0.08354008419918868
-1.0421179999999999  0.8023587  0.09359035847344889
-1.0421179999999999  0.8826971  0.10039504413820892
-1.0421179999999999  0.9630974  0.10812090796543722
-1.0421179999999999  1.042449  0.11656459505917184
-1.0421179999999999  1.122794  0.12267721898739901
-1.0421179999999999  1.203166  0.13210106200006883
-1.0421179999999999  1.2835999999999999  0.1387435529165855
-1.0421179999999999  1.363934  0.14617304570496353
-1.0421179999999999  1.44431  0.15480442432783417
-1.0421179999999999  1.524644  0.15870711242493246
-1.0421179999999999  1.6050499999999999  0.16671307215084785
-1.0421179999999999  1.684395  0.17000762693827004
-1.0421179999999999  1.76473  0.17526725495923368
-1.0421179999999999  1.8453089999999999  0.1792064075015127
-1.0421179999999999  1.925586  0.182470564852975
-1.0421179999999999  2.005763  0.18807360000574389
-1.12242  -1.12242  -0.1064232
-1.12242  -1.0421179999999999  -0.10191286446948633
-1.12242  -0.9627643  -0.09625324839191296
-1.12242  -0.8822523999999999  -0.0908841006782249
-1.12242  -0.8020895  -0.08524949727183645
-1.12242  -0.7218568000000001  -0.07874555948012336
-1.12242  -0.6415433  -0.07135966053121509
-1.12242  -0.5611113  -0.065165917795463
-1.12242  -0.48081029999999997  -0.057207078061193996
-1.12242  -0.40050240000000004  -0.050592465432862936
-1.12242  -0.321188  -0.04318419931193564
-1.12242  -0.240861  -0.034379678543523216
-1.12242  -0.16058830000000002  -0.027227158418864778
-1.12242  -0.08028738  -0.016464303073690626
-1.12242  7.467647e-5  -0.007690148531523468
-1.12242  0.08042777  0.0023210911875596674
-1.12242  0.1607238  0.015181535879204637
-1.12242  0.2410983  0.025719448874086864
-1.12242  0.3213207  0.03860502043130966
-1.12242  0.4006478  0.045250174340059734
-1.12242  0.4809894  0.0562809195778269
-1.12242  0.561296  0.0649498048069018
-1.12242  0.6417668999999999  0.07310683342656857
-1.12242  0.7220506  0.0846982405529847
-1.12242  0.8023587  0.09106947157609044
-1.12242  0.8826971  0.10104450815774295
-1.12242  0.9630974  0.10758201569675915
-1.12242  1.042449  0.1150977128769936
-1.12242  1.122794  0.12380984650134406
-1.12242  1.203166  0.12926711964175802
-1.12242  1.2835999999999999  0.13918268446885423
-1.12242  1.363934  0.14462105646961515
-1.12242  1.44431  0.1534499694208262
-1.12242  1.524644  0.16035894369466633
-1.12242  1.6050499999999999  0.16480762728479437
-1.12242  1.684395  0.17155353208895188
-1.12242  1.76473  0.17439173010421663
-1.12242  1.8453089999999999  0.1808477958532309
-1.12242  1.925586  0.18247397060193693
-1.12242  2.005763  0.1880791374943045
-1.20272  -1.20272  -0.1157187
-1.20272  -1.12242  -0.11139566275229927
-1.20272  -1.0421179999999999  -0.10624300996645403
-1.20272  -0.9627643  -0.10092422484134371
-1.20272  -0.8822523999999999  -0.094780426739508
-1.20272  -0.8020895  -0.08882358809910589
-1.20272  -0.7218568000000001  -0.08142564474126139
-1.20272  -0.6415433  -0.0755730311334791
-1.20272  -0.5611113  -0.06904796280874224
-1.20272  -0.48081029999999997  -0.06092015806163782
-1.20272  -0.40050240000000004  -0.054464237967880066
-1.20272  -0.321188  -0.04463114750231353
-1.20272  -0.240861  -0.03747266697978006
-1.20272  -0.16058830000000002  -0.028199158260439245
-1.20272  -0.08028738  -0.019291914317257974
-1.20272  7.467647e-5  -0.010906734712976988
-1.20272  0.08042777  0.0013570580274257441
-1.20272  0.1607238  0.010829423188956317
-1.20272  0.2410983  0.025237159405535566
-1.20272  0.3213207  0.03444280384831242
-1.20272  0.4006478  0.04567723703388851
-1.20272  0.4809894  0.0545555046040279
-1.20272  0.561296  0.06362208201534389
-1.20272  0.6417668999999999  0.07430022607477772
-1.20272  0.7220506  0.08144905057576562
-1.20272  0.8023587  0.09081177573565838
-1.20272  0.8826971  0.09853675459023954
-1.20272  0.9630974  0.1062320480066746
-1.20272  1.042449  0.11549576441866746
-1.20272  1.122794  0.12048273893189579
-1.20272  1.203166  0.13198552269478028
-1.20272  1.2835999999999999  0.1375851916759006
-1.20272  1.363934  0.1451480523800471
-1.20272  1.44431  0.15302426553383144
-1.20272  1.524644  0.159167309642687
-1.20272  1.6050499999999999  0.16637437320164608
-1.20272  1.684395  0.16972059690212263
-1.20272  1.76473  0.17616845760200026
-1.20272  1.8453089999999999  0.17864801131816155
-1.20272  1.925586  0.18380628104119517
-1.20272  2.005763  0.18808467486546518
-1.283048  -1.283048  -0.12485550000000001
-1.283048  -1.20272  -0.12113043237821107
-1.283048  -1.12242  -0.11597447910917552
-1.283048  -1.0421179999999999  -0.11063194501009377
-1.283048  -0.9627643  -0.1050431195643834
-1.283048  -0.8822523999999999  -0.09900976735949849
-1.283048  -0.8020895  -0.09333919621525386
-1.283048  -0.7218568000000001  -0.08591402902917766
-1.283048  -0.6415433  -0.07872304787205968
-1.283048  -0.5611113  -0.07188993231702875
-1.283048  -0.48081029999999997  -0.06371980056110141
-1.283048  -0.40050240000000004  -0.057356449531201024
-1.283048  -0.321188  -0.04827583261322334
-1.283048  -0.240861  -0.04141516056096539
-1.283048  -0.16058830000000002  -0.03225702908799914
-1.283048  -0.08028738  -0.02229998427210137
-1.283048  7.467647e-5  -0.014059520768760339
-1.283048  0.08042777  -0.0008840323848591598
-1.283048  0.1607238  0.008750796454951451
-1.283048  0.2410983  0.024171976191122307
-1.283048  0.3213207  0.032552016051618095
-1.283048  0.4006478  0.04504747964552144
-1.283048  0.4809894  0.05327778568457932
-1.283048  0.561296  0.0622741508497056
-1.283048  0.6417668999999999  0.07225177862326404
-1.283048  0.7220506  0.07879857753021667
-1.283048  0.8023587  0.08922297314168555
-1.283048  0.8826971  0.09624534900761998
-1.283048  0.9630974  0.10637498440374583
-1.283048  1.042449  0.11495962355028647
-1.283048  1.122794  0.1223471856755891
-1.283048  1.203166  0.13222158123204278
-1.283048  1.2835999999999999  0.1373780184491886
-1.283048  1.363934  0.14675231353660625
-1.283048  1.44431  0.1509586055792127
-1.283048  1.524644  0.15860070039933022
-1.283048  1.6050499999999999  0.16438493252157552
-1.283048  1.684395  0.1690832825705515
-1.283048  1.76473  0.1760623376584117
-1.283048  1.8453089999999999  0.17845718808850752
-1.283048  1.925586  0.18513913008558347
-1.283048  2.005763  0.18809021416746513
-1.363291  -1.363291  -0.134514
-1.363291  -1.283048  -0.13033399502318013
-1.363291  -1.20272  -0.12614317661662425
-1.363291  -1.12242  -0.12030822187141214
-1.363291  -1.0421179999999999  -0.11551024431782382
-1.363291  -0.9627643  -0.10906857456137838
-1.363291  -0.8822523999999999  -0.10263507729138478
-1.363291  -0.8020895  -0.09689122515114551
-1.363291  -0.7218568000000001  -0.08892472970658473
-1.363291  -0.6415433  -0.08329634722343061
-1.363291  -0.5611113  -0.07532843652921159
-1.363291  -0.48081029999999997  -0.06829062639434084
-1.363291  -0.40050240000000004  -0.060746675645939566
-1.363291  -0.321188  -0.051629264342597084
-1.363291  -0.240861  -0.04453384082193447
-1.363291  -0.16058830000000002  -0.03333183378673877
-1.363291  -0.08028738  -0.026589665427118662
-1.363291  7.467647e-5  -0.015285133300781177
-1.363291  0.08042777  -0.004950994470778597
-1.363291  0.1607238  0.007703818657615966
-1.363291  0.2410983  0.02024637256496731
-1.363291  0.3213207  0.031002577799774493
-1.363291  0.4006478  0.04186477080813971
-1.363291  0.4809894  0.04975672168806852
-1.363291  0.561296  0.060533083581047066
-1.363291  0.6417668999999999  0.06770108411499857
-1.363291  0.7220506  0.07899232420146159
-1.363291  0.8023587  0.08721446754696548
-1.363291  0.8826971  0.09639394994006284
-1.363291  0.9630974  0.1053043308657368
-1.363291  1.042449  0.11276906989375202
-1.363291  1.122794  0.12272635447466515
-1.363291  1.203166  0.128734378548095
-1.363291  1.2835999999999999  0.1379341263206105
-1.363291  1.363934  0.14420539443222186
-1.363291  1.44431  0.15230095861698928
-1.363291  1.524644  0.15863127944222785
-1.363291  1.6050499999999999  0.1639011906164719
-1.363291  1.684395  0.17072215047311046
-1.363291  1.76473  0.17450511774627062
-1.363291  1.8453089999999999  0.1812094165676866
-1.363291  1.925586  0.18231487048968298
-1.363291  2.005763  0.18809574760798875
-1.443581  -1.443581  -0.14370029999999998
-1.443581  -1.363291  -0.13987168912603967
-1.443581  -1.283048  -0.13532092377428676
-1.443581  -1.20272  -0.13058669016479568
-1.443581  -1.12242  -0.12519942314096172
-1.443581  -1.0421179999999999  -0.11956887430413898
-1.443581  -0.9627643  -0.1139723471172583
-1.443581  -0.8822523999999999  -0.10707135924414438
-1.443581  -0.8020895  -0.10006971945040408
-1.443581  -0.7218568000000001  -0.09366424523253844
-1.443581  -0.6415433  -0.08569282554820969
-1.443581  -0.5611113  -0.07954930946161387
-1.443581  -0.48081029999999997  -0.0712925085021252
-1.443581  -0.40050240000000004  -0.06463561260380812
-1.443581  -0.321188  -0.05549059618469561
-1.443581  -0.240861  -0.04721473906190714
-1.443581  -0.16058830000000002  -0.03917899185951639
-1.443581  -0.08028738  -0.02792900637167224
-1.443581  7.467647e-5  -0.01970453383513146
-1.443581  0.08042777  -0.006753435407703437
-1.443581  0.1607238  0.003521310221324798
-1.443581  0.2410983  0.01810489498132047
-1.443581  0.3213207  0.027786851449259756
-1.443581  0.4006478  0.03890185117370909
-1.443581  0.4809894  0.04790340485746643
-1.443581  0.561296  0.05630185644929231
-1.443581  0.6417668999999999  0.0669957953320606
-1.443581  0.7220506  0.07464518092384474
-1.443581  0.8023587  0.08587096453682344
-1.443581  0.8826971  0.091479249578916
-1.443581  0.9630974  0.10386426743389246
-1.443581  1.042449  0.11049356689530009
-1.443581  1.122794  0.12096788835107605
-1.443581  1.203166  0.12894934711479386
-1.443581  1.2835999999999999  0.13686813990099056
-1.443581  1.363934  0.1455402378231065
-1.443581  1.44431  0.15163825810809228
-1.443581  1.524644  0.15973377269928538
-1.443581  1.6050499999999999  0.16362446427013777
-1.443581  1.684395  0.17147131420390901
-1.443581  1.76473  0.17380210583027395
-1.443581  1.8453089999999999  0.18136979274455214
-1.443581  1.925586  0.18213617878745975
-1.443581  2.005763  0.18810128428956402
-1.523856  -1.523856  -0.1519691
-1.523856  -1.443581  -0.14858903050093686
-1.523856  -1.363291  -0.14404461103480148
-1.523856  -1.283048  -0.1393393569370211
-1.523856  -1.20272  -0.1345221191543601
-1.523856  -1.12242  -0.12888176029021922
-1.523856  -1.0421179999999999  -0.1230536665762481
-1.523856  -0.9627643  -0.11734849405320069
-1.523856  -0.8822523999999999  -0.11018080360223631
-1.523856  -0.8020895  -0.10472521899415863
-1.523856  -0.7218568000000001  -0.09669547693962169
-1.523856  -0.6415433  -0.09068300352776047
-1.523856  -0.5611113  -0.08298809299851605
-1.523856  -0.48081029999999997  -0.07431175554451436
-1.523856  -0.40050240000000004  -0.06784273117192219
-1.523856  -0.321188  -0.05777547864026076
-1.523856  -0.240861  -0.0506664040297903
-1.523856  -0.16058830000000002  -0.04009121998980151
-1.523856  -0.08028738  -0.032384572110971864
-1.523856  7.467647e-5  -0.020268038347981684
-1.523856  0.08042777  -0.011799763284277938
-1.523856  0.1607238  0.0016202132071439835
-1.523856  0.2410983  0.013430164255513823
-1.523856  0.3213207  0.026202353677969845
-1.523856  0.4006478  0.03438777978861649
-1.523856  0.4809894  0.045617143711810415
-1.523856  0.561296  0.0544998693143643
-1.523856  0.6417668999999999  0.0635164712961971
-1.523856  0.7220506  0.0739831636078077
-1.523856  0.8023587  0.08013997537953371
-1.523856  0.8826971  0.09205899621695968
-1.523856  0.9630974  0.098962204503929
-1.523856  1.042449  0.11024536447110245
-1.523856  1.122794  0.11765103940691835
-1.523856  1.203166  0.12841375894290719
-1.523856  1.2835999999999999  0.1358418122079324
-1.523856  1.363934  0.14477591791992095
-1.523856  1.44431  0.15186067310147514
-1.523856  1.524644  0.15909403863809618
-1.523856  1.6050499999999999  0.16678149341392315
-1.523856  1.684395  0.1697833319647924
-1.523856  1.76473  0.1771741555030747
-1.523856  1.8453089999999999  0.17838269501540788
-1.523856  1.925586  0.18527775692637866
-1.523856  2.005763  0.1881068199367611
-1.604182  -1.604182  -0.1595087
-1.604182  -1.523856  -0.1558448301268005
-1.604182  -1.443581  -0.15195602194798608
-1.604182  -1.363291  -0.14758197659166833
-1.604182  -1.283048  -0.14292728954104547
-1.604182  -1.20272  -0.13741735653358397
-1.604182  -1.12242  -0.1317274705336828
-1.604182  -1.0421179999999999  -0.12594518718330142
-1.604182  -0.9627643  -0.11955074370678691
-1.604182  -0.8822523999999999  -0.11406682779163793
-1.604182  -0.8020895  -0.10621035576157989
-1.604182  -0.7218568000000001  -0.10032378778175872
-1.604182  -0.6415433  -0.09207412977503368
-1.604182  -0.5611113  -0.0855853837622762
-1.604182  -0.48081029999999997  -0.0775041824353858
-1.604182  -0.40050240000000004  -0.06977268492167371
-1.604182  -0.321188  -0.06157356329309117
-1.604182  -0.240861  -0.05261760864982521
-1.604182  -0.16058830000000002  -0.04475660282503836
-1.604182  -0.08028738  -0.032998360788291256
-1.604182  7.467647e-5  -0.025699304685563803
-1.604182  0.08042777  -0.012156911386358688
-1.604182  0.1607238  -0.0025272968691656367
-1.604182  0.2410983  0.012204355705493636
-1.604182  0.3213207  0.021741682099743587
-1.604182  0.4006478  0.03339053716690591
-1.604182  0.4809894  0.0425850126761777
-1.604182  0.561296  0.05332324912271571
-1.604182  0.6417668999999999  0.06068327158187054
-1.604182  0.7220506  0.07244759880172298
-1.604182  0.8023587  0.07881099305485857
-1.604182  0.8826971  0.09029601004140889
-1.604182  0.9630974  0.09798864862421558
-1.604182  1.042449  0.10782302230848625
-1.604182  1.122794  0.1162856402361086
-1.604182  1.203166  0.12487509164350882
-1.604182  1.2835999999999999  0.13415757647969723
-1.604182  1.363934  0.14255947442771977
-1.604182  1.44431  0.1503159964543517
-1.604182  1.524644  0.15784030127854337
-1.604182  1.6050499999999999  0.16598128672697454
-1.604182  1.684395  0.1687063742612871
-1.604182  1.76473  0.176736866583574
-1.604182  1.8453089999999999  0.1785375853814921
-1.604182  1.925586  0.18530676180855268
-1.604182  2.005763  0.18811235910084395
-1.683423  -1.683423  -0.1658883
-1.683423  -1.604182  -0.16254135751701468
-1.683423  -1.523856  -0.15877025386762939
-1.683423  -1.443581  -0.15432330398691868
-1.683423  -1.363291  -0.15023843410562032
-1.683423  -1.283048  -0.1451130679101836
-1.683423  -1.20272  -0.139358592921769
-1.683423  -1.12242  -0.13375228017880567
-1.683423  -1.0421179999999999  -0.127442809697976
-1.683423  -0.9627643  -0.12229564666518958
-1.683423  -0.8822523999999999  -0.1147229503828445
-1.683423  -0.8020895  -0.10915256182301956
-1.683423  -0.7218568000000001  -0.10065426359767154
-1.683423  -0.6415433  -0.09501905153479237
-1.683423  -0.5611113  -0.08696282904416593
-1.683423  -0.48081029999999997  -0.07954705532043431
-1.683423  -0.40050240000000004  -0.07139876620948145
-1.683423  -0.321188  -0.06239202119439064
-1.683423  -0.240861  -0.055277185149544515
-1.683423  -0.16058830000000002  -0.0451545587407519
-1.683423  -0.08028738  -0.036978175993721864
-1.683423  7.467647e-5  -0.02534890079967541
-1.683423  0.08042777  -0.01632877022163399
-1.683423  0.1607238  -0.002682323552002157
-1.683423  0.2410983  0.008567896859361707
-1.683423  0.3213207  0.021481458497883334
-1.683423  0.4006478  0.030376935352954212
-1.683423  0.4809894  0.04158568987552117
-1.683423  0.561296  0.04941093295910997
-1.683423  0.6417668999999999  0.061228557645730715
-1.683423  0.7220506  0.06810481889269072
-1.683423  0.8023587  0.0798444258853745
-1.683423  0.8826971  0.08619350196820298
-1.683423  0.9630974  0.0979196305171734
-1.683423  1.042449  0.10474314230099672
-1.683423  1.122794  0.11737133786917558
-1.683423  1.203166  0.12281876288637954
-1.683423  1.2835999999999999  0.1346994596058964
-1.683423  1.363934  0.14010777974470184
-1.683423  1.44431  0.15188819324061872
-1.683423  1.524644  0.1578063031205934
-1.683423  1.6050499999999999  0.16625550707197795
-1.683423  1.684395  0.16865717505093902
-1.683423  1.76473  0.17672705040406872
-1.683423  1.8453089999999999  0.17894019773025904
-1.683423  1.925586  0.1852943896208283
-1.683423  2.005763  0.18811782344490552
-1.763714  -1.763714  -0.17131439999999998
-1.763714  -1.683423  -0.1678041441665701
-1.763714  -1.604182  -0.16433375867405678
-1.763714  -1.523856  -0.16038187929697814
-1.763714  -1.443581  -0.15617556194053991
-1.763714  -1.363291  -0.15134778121831197
-1.763714  -1.283048  -0.1464287993009881
-1.763714  -1.20272  -0.1412020151352256
-1.763714  -1.12242  -0.1348432505513604
-1.763714  -1.0421179999999999  -0.12987757136773354
-1.763714  -0.9627643  -0.12224792588852808
-1.763714  -0.8822523999999999  -0.1170980934578302
-1.763714  -0.8020895  -0.10934999593583883
-1.763714  -0.7218568000000001  -0.10301967899484261
-1.763714  -0.6415433  -0.09430074680784738
-1.763714  -0.5611113  -0.08830173653503444
-1.763714  -0.48081029999999997  -0.07962670356072643
-1.763714  -0.40050240000000004  -0.07264624632847465
-1.763714  -0.321188  -0.06339383129951658
-1.763714  -0.240861  -0.05648502798155804
-1.763714  -0.16058830000000002  -0.04625835074855843
-1.763714  -0.08028738  -0.03812389797537367
-1.763714  7.467647e-5  -0.026570367612983058
-1.763714  0.08042777  -0.017792133894942472
-1.763714  0.1607238  -0.0027961595875000958
-1.763714  0.2410983  0.006546586401511226
-1.763714  0.3213207  0.020625186481361284
-1.763714  0.4006478  0.02868907911294687
-1.763714  0.4809894  0.04096929054120972
-1.763714  0.561296  0.04757831274841591
-1.763714  0.6417668999999999  0.05927570990776097
-1.763714  0.7220506  0.06692697978650326
-1.763714  0.8023587  0.07771250103800535
-1.763714  0.8826971  0.08510609554199546
-1.763714  0.9630974  0.09629682751310198
-1.763714  1.042449  0.10381504878340399
-1.763714  1.122794  0.11474906172666133
-1.763714  1.203166  0.12224207673231245
-1.763714  1.2835999999999999  0.13351309049549492
-1.763714  1.363934  0.14228782765593903
-1.763714  1.44431  0.1516442387873829
-1.763714  1.524644  0.15822898616519696
-1.763714  1.6050499999999999  0.1665747336757227
-1.763714  1.684395  0.1709699849753179
-1.763714  1.76473  0.17721485598875922
-1.763714  1.8453089999999999  0.17959575327048777
-1.763714  1.925586  0.18632233662642478
-1.763714  2.005763  0.18812336019543932
-1.844049  -1.844049  -0.1753961
-1.844049  -1.763714  -0.17246281101492952
-1.844049  -1.683423  -0.1694431401727804
-1.844049  -1.604182  -0.16558156777089766
-1.844049  -1.523856  -0.16136052611368198
-1.844049  -1.443581  -0.15722084434225214
-1.844049  -1.363291  -0.15228623374383132
-1.844049  -1.283048  -0.14722098700571232
-1.844049  -1.20272  -0.14219138206007573
-1.844049  -1.12242  -0.13636971858339658
-1.844049  -1.0421179999999999  -0.13039040139687447
-1.844049  -0.9627643  -0.1232108646570677
-1.844049  -0.8822523999999999  -0.1177778084083406
-1.844049  -0.8020895  -0.10966611759216267
-1.844049  -0.7218568000000001  -0.10320196114624004
-1.844049  -0.6415433  -0.09443045294770033
-1.844049  -0.5611113  -0.08865720093828455
-1.844049  -0.48081029999999997  -0.0792167410210431
-1.844049  -0.40050240000000004  -0.07279312989741826
-1.844049  -0.321188  -0.06315243428531257
-1.844049  -0.240861  -0.05543024301245499
-1.844049  -0.16058830000000002  -0.04504769128517186
-1.844049  -0.08028738  -0.03837976231578373
-1.844049  7.467647e-5  -0.025925389558123017
-1.844049  0.08042777  -0.018262409301223845
-1.844049  0.1607238  -0.002055597836846984
-1.844049  0.2410983  0.006980263571229336
-1.844049  0.3213207  0.021555901645649942
-1.844049  0.4006478  0.02807873258179883
-1.844049  0.4809894  0.04029984330773465
-1.844049  0.561296  0.04803023040966644
-1.844049  0.6417668999999999  0.059973728235955336
-1.844049  0.7220506  0.06616604786429585
-1.844049  0.8023587  0.07806883200613793
-1.844049  0.8826971  0.08468567076568809
-1.844049  0.9630974  0.09611626534816294
-1.844049  1.042449  0.10306525848282823
-1.844049  1.122794  0.11410891324512507
-1.844049  1.203166  0.12259046170437342
-1.844049  1.2835999999999999  0.13226416709777267
-1.844049  1.363934  0.14132956181409462
-1.844049  1.44431  0.1513876082833062
-1.844049  1.524644  0.15762100033138682
-1.844049  1.6050499999999999  0.16555649823104976
-1.844049  1.684395  0.17193393246261218
-1.844049  1.76473  0.17623167997893632
-1.844049  1.8453089999999999  0.18149761409248033
-1.844049  1.925586  0.1843593920313643
-1.844049  2.005763  0.1881288999801491
-1.9243109999999999  -1.9243109999999999  -0.1796457
-1.9243109999999999  -1.844049  -0.17643286921584617
-1.9243109999999999  -1.763714  -0.17355091444572227
-1.9243109999999999  -1.683423  -0.1700321531413863
-1.9243109999999999  -1.604182  -0.166013094837984
-1.9243109999999999  -1.523856  -0.16250154239483222
-1.9243109999999999  -1.443581  -0.15797952523783476
-1.9243109999999999  -1.363291  -0.15284374119275432
-1.9243109999999999  -1.283048  -0.14830100244786515
-1.9243109999999999  -1.20272  -0.142340391045046
-1.9243109999999999  -1.12242  -0.13690325352431387
-1.9243109999999999  -1.0421179999999999  -0.13018984482065613
-1.9243109999999999  -0.9627643  -0.12396669280785727
-1.9243109999999999  -0.8822523999999999  -0.11707837149809296
-1.9243109999999999  -0.8020895  -0.11035578132117481
-1.9243109999999999  -0.7218568000000001  -0.10327819914513882
-1.9243109999999999  -0.6415433  -0.09583371765287077
-1.9243109999999999  -0.5611113  -0.08814832926877969
-1.9243109999999999  -0.48081029999999997  -0.08015551473163403
-1.9243109999999999  -0.40050240000000004  -0.07204513476748857
-1.9243109999999999  -0.321188  -0.06381031043594855
-1.9243109999999999  -0.240861  -0.05559133754421104
-1.9243109999999999  -0.16058830000000002  -0.046958408308871324
-1.9243109999999999  -0.08028738  -0.03697127313473576
-1.9243109999999999  7.467647e-5  -0.028250978274272923
-1.9243109999999999  0.08042777  -0.016390452140705003
-1.9243109999999999  0.1607238  -0.0055797764951394085
-1.9243109999999999  0.2410983  0.009581289623689902
-1.9243109999999999  0.3213207  0.01831850928047416
-1.9243109999999999  0.4006478  0.030170362172660774
-1.9243109999999999  0.4809894  0.038420028155209854
-1.9243109999999999  0.561296  0.04990630488947401
-1.9243109999999999  0.6417668999999999  0.05722238944859794
-1.9243109999999999  0.7220506  0.06779635237489363
-1.9243109999999999  0.8023587  0.07520724396545259
-1.9243109999999999  0.8826971  0.08626645918056129
-1.9243109999999999  0.9630974  0.09285061775598921
-1.9243109999999999  1.042449  0.10461092266429817
-1.9243109999999999  1.122794  0.11176802722558012
-1.9243109999999999  1.203166  0.12339860476944613
-1.9243109999999999  1.2835999999999999  0.13041469217784465
-1.9243109999999999  1.363934  0.1413080190565016
-1.9243109999999999  1.44431  0.1495149679264732
-1.9243109999999999  1.524644  0.15866066826737243
-1.9243109999999999  1.6050499999999999  0.164906185444047
-1.9243109999999999  1.684395  0.1720644969713185
-1.9243109999999999  1.76473  0.17648139547305836
-1.9243109999999999  1.8453089999999999  0.18129363589610306
-1.9243109999999999  1.925586  0.18539965991540036
-1.9243109999999999  2.005763  0.18783710501771914
-2.004614  -2.004614  -0.1827726
-2.004614  -1.9243109999999999  -0.18018831642106797
-2.004614  -1.844049  -0.17723434616155245
-2.004614  -1.763714  -0.17400136668918795
-2.004614  -1.683423  -0.17089803707043716
-2.004614  -1.604182  -0.16674205674241319
-2.004614  -1.523856  -0.16252404890578634
-2.004614  -1.443581  -0.158407890814577
-2.004614  -1.363291  -0.1531930549361639
-2.004614  -1.283048  -0.1483325720595479
-2.004614  -1.20272  -0.14288673006632824
-2.004614  -1.12242  -0.13741776438823336
-2.004614  -1.0421179999999999  -0.13090293564727953
-2.004614  -0.9627643  -0.12506695129278264
-2.004614  -0.8822523999999999  -0.11765609332940916
-2.004614  -0.8020895  -0.11134632348738395
-2.004614  -0.7218568000000001  -0.10345398605313302
-2.004614  -0.6415433  -0.09675930051893991
-2.004614  -0.5611113  -0.08783680679559248
-2.004614  -0.48081029999999997  -0.08163420233869395
-2.004614  -0.40050240000000004  -0.07213497624718376
-2.004614  -0.321188  -0.06551784167269578
-2.004614  -0.240861  -0.05464811482239183
-2.004614  -0.16058830000000002  -0.048606274303074966
-2.004614  -0.08028738  -0.03643797454388029
-2.004614  7.467647e-5  -0.02976918475225489
-2.004614  0.08042777  -0.016636805834621907
-2.004614  0.1607238  -0.005041202739371887
-2.004614  0.2410983  0.007153240784109838
-2.004614  0.3213207  0.019393283317654397
-2.004614  0.4006478  0.028238729890785366
-2.004614  0.4809894  0.03978042148301168
-2.004614  0.561296  0.04740790706268115
-2.004614  0.6417668999999999  0.05833237880897476
-2.004614  0.7220506  0.06567586960263253
-2.004614  0.8023587  0.07667182645381301
-2.004614  0.8826971  0.08307625870721899
-2.004614  0.9630974  0.09498875641273956
-2.004614  1.042449  0.10226067415354916
-2.004614  1.122794  0.1133598201761745
-2.004614  1.203166  0.12113005749179324
-2.004614  1.2835999999999999  0.13155651807763197
-2.004614  1.363934  0.14033958423788923
-2.004614  1.44431  0.1498812252452321
-2.004614  1.524644  0.15834694424952714
-2.004614  1.6050499999999999  0.16454202929694622
-2.004614  1.684395  0.17299515725263098
-2.004614  1.76473  0.17506724697658288
-2.004614  1.8453089999999999  0.1818530093911497
-2.004614  1.925586  0.18427490508947628
-2.004614  2.005763  0.18965636492239657
