100.0,30.0,5.800000000000003
100.1,30.0,5.800000000000003
100.2,30.0,5.800000000000003
100.3,30.0,5.800000000000003
100.4,30.0,5.800000000000003
100.5,30.0,5.800000000000003
100.6,30.0,5.800000000000003
100.7,30.0,5.800000000000003
100.8,30.0,5.800000000000003
100.9,30.0,5.800000000000003
101.0,30.0,5.800000000000003
101.1,30.0,5.800000000000003
101.2,30.0,5.800000000000003
101.3,30.0,5.800000000000003
101.4,30.0,5.800000000000003
101.5,30.0,5.800000000000003
101.6,30.0,5.800000000000003
101.7,29.0,5.821316507077168
101.8,29.0,5.821316507077168
101.9,29.0,5.821316507077168
102.0,29.0,5.821316507077168
102.1,29.0,5.821316507077168
102.2,29.0,5.821316507077168
102.3,29.0,5.821316507077168
102.4,29.0,5.821316507077168
102.5,29.0,5.821316507077168
102.6,29.0,5.821316507077168
102.7,29.0,5.821316507077168
102.8,29.0,5.821316507077168
102.9,29.0,5.821316507077168
103.0,29.0,5.821316507077168
103.1,29.0,5.821316507077168
103.2,29.0,5.821316507077168
103.3,29.0,5.821316507077168
103.4,29.0,5.821316507077168
103.5,29.0,5.821316507077168
103.6,29.0,5.821316507077168
103.7,29.0,5.821316507077168
103.8,29.0,5.821316507077168
103.9,29.0,5.821316507077168
104.0,29.0,5.821316507077168
104.1,29.0,5.821316507077168
104.2,29.0,5.821316507077168
104.3,29.0,5.821316507077168
104.4,29.0,5.821316507077168
104.5,29.0,5.821316507077168
104.6,29.0,5.821316507077168
104.7,29.0,5.821316507077168
104.8,29.0,5.821316507077168
104.9,29.0,5.821316507077168
105.0,29.0,5.821316507077168
105.1,29.0,5.821316507077168
105.2,29.0,5.821316507077168
105.3,29.0,5.821316507077168
105.4,29.0,5.821316507077168
105.5,29.0,5.821316507077168
105.6,29.0,5.821316507077168
105.7,29.0,5.821316507077168
105.8,29.0,5.821316507077168
105.9,29.0,5.821316507077168
106.0,29.0,5.821316507077168
106.1,29.0,5.821316507077168
106.2,29.0,5.821316507077168
106.3,29.0,5.821316507077168
106.4,29.0,5.821316507077168
106.5,29.0,5.821316507077168
106.6,29.0,5.821316507077168
106.7,29.0,5.821316507077168
106.8,29.0,5.821316507077168
106.9,29.0,5.821316507077168
107.0,29.0,5.821316507077168
107.1,29.0,5.821316507077168
107.2,29.0,5.821316507077168
107.3,28.0,5.905746954092113
107.4,28.0,5.905746954092113
107.5,28.0,5.905746954092113
107.6,28.0,5.905746954092113
107.7,28.0,5.905746954092113
107.8,28.0,5.905746954092113
107.9,28.0,5.905746954092113
108.0,28.0,5.905746954092113
108.1,28.0,5.905746954092113
108.2,28.0,5.905746954092113
108.3,28.0,5.905746954092113
108.4,28.0,5.905746954092113
108.5,28.0,5.905746954092113
108.6,28.0,5.905746954092113
108.7,28.0,5.905746954092113
108.8,28.0,5.905746954092113
108.9,28.0,5.905746954092113
109.0,28.0,5.905746954092113
109.1,28.0,5.905746954092113
109.2,28.0,5.905746954092113
109.3,28.0,5.905746954092113
109.4,28.0,5.905746954092113
109.5,28.0,5.905746954092113
109.6,28.0,5.905746954092113
109.7,28.0,5.905746954092113
109.8,28.0,5.905746954092113
109.9,28.0,5.905746954092113
110.0,28.0,5.905746954092113
110.1,28.0,5.905746954092113
110.2,28.0,5.905746954092113
110.3,28.0,5.905746954092113
110.4,28.0,5.905746954092113
110.5,28.0,5.905746954092113
110.6,28.0,5.905746954092113
110.7,28.0,5.905746954092113
110.8,28.0,5.905746954092113
110.9,28.0,5.905746954092113
111.0,28.0,5.905746954092113
111.1,28.0,5.905746954092113
111.2,28.0,5.905746954092113
111.3,28.0,5.905746954092113
111.4,28.0,5.905746954092113
111.5,28.0,5.905746954092113
111.6,28.0,5.905746954092113
111.7,28.0,5.905746954092113
111.8,27.0,6.0920036644425455
111.9,27.0,6.0920036644425455
112.0,27.0,6.0920036644425455
112.1,27.0,6.0920036644425455
112.2,27.0,6.0920036644425455
112.3,27.0,6.0920036644425455
112.4,27.0,6.0920036644425455
112.5,27.0,6.0920036644425455
112.6,27.0,6.0920036644425455
112.7,27.0,6.0920036644425455
112.8,27.0,6.0920036644425455
112.9,27.0,6.0920036644425455
113.0,27.0,6.0920036644425455
113.1,27.0,6.0920036644425455
113.2,27.0,6.0920036644425455
113.3,27.0,6.0920036644425455
113.4,27.0,6.0920036644425455
113.5,27.0,6.0920036644425455
113.6,27.0,6.0920036644425455
113.7,27.0,6.0920036644425455
113.8,27.0,6.0920036644425455
113.9,27.0,6.0920036644425455
114.0,27.0,6.0920036644425455
114.1,27.0,6.0920036644425455
114.2,27.0,6.0920036644425455
114.3,27.0,6.0920036644425455
114.4,27.0,6.0920036644425455
114.5,27.0,6.0920036644425455
114.6,27.0,6.0920036644425455
114.7,27.0,6.0920036644425455
114.8,27.0,6.0920036644425455
114.9,27.0,6.0920036644425455
115.0,27.0,6.0920036644425455
115.1,27.0,6.0920036644425455
115.2,27.0,6.0920036644425455
115.3,27.0,6.0920036644425455
115.4,27.0,6.0920036644425455
115.5,27.0,6.0920036644425455
115.6,27.0,6.0920036644425455
115.7,27.0,6.0920036644425455
115.8,27.0,6.0920036644425455
115.9,27.0,6.0920036644425455
116.0,27.0,6.0920036644425455
116.1,27.0,6.0920036644425455
116.2,27.0,6.0920036644425455
116.3,27.0,6.0920036644425455
116.4,27.0,6.0920036644425455
116.5,27.0,6.0920036644425455
116.6,27.0,6.0920036644425455
116.7,27.0,6.0920036644425455
116.8,27.0,6.0920036644425455
116.9,27.0,6.0920036644425455
117.0,27.0,6.0920036644425455
117.1,27.0,6.0920036644425455
117.2,27.0,6.0920036644425455
117.3,27.0,6.0920036644425455
117.4,26.0,6.1864349419659215
117.5,26.0,6.1864349419659215
117.6,26.0,6.1864349419659215
117.7,26.0,6.1864349419659215
117.8,26.0,6.1864349419659215
117.9,26.0,6.1864349419659215
118.0,26.0,6.1864349419659215
118.1,26.0,6.1864349419659215
118.2,26.0,6.1864349419659215
118.3,26.0,6.1864349419659215
118.4,26.0,6.1864349419659215
118.5,26.0,6.1864349419659215
118.6,26.0,6.1864349419659215
118.7,26.0,6.1864349419659215
118.8,26.0,6.1864349419659215
118.9,26.0,6.1864349419659215
119.0,26.0,6.1864349419659215
119.1,25.0,6.252596200885133
119.2,24.0,6.404474684860687
119.3,24.0,6.404474684860687
119.4,25.0,6.354029384813759
119.5,25.0,6.354029384813759
119.6,25.0,6.354029384813759
119.7,25.0,6.354029384813759
119.8,25.0,6.354029384813759
119.9,25.0,6.354029384813759
120.0,25.0,6.354029384813759
120.1,25.0,6.354029384813759
120.2,25.0,6.354029384813759
120.3,25.0,6.354029384813759
120.4,24.0,6.401866479805794
120.5,24.0,6.401866479805794
120.6,24.0,6.401866479805794
120.7,24.0,6.401866479805794
120.8,24.0,6.401866479805794
120.9,24.0,6.401866479805794
121.0,24.0,6.401866479805794
121.1,24.0,6.401866479805794
121.2,24.0,6.401866479805794
121.3,24.0,6.401866479805794
121.4,23.0,6.419516193628936
121.5,23.0,6.419516193628936
121.6,23.0,6.419516193628936
121.7,23.0,6.419516193628936
121.8,23.0,6.419516193628936
121.9,23.0,6.419516193628936
122.0,23.0,6.419516193628936
122.1,23.0,6.419516193628936
122.2,23.0,6.419516193628936
122.3,22.0,6.493865369792386
122.4,22.0,6.493865369792386
122.5,22.0,6.493865369792386
122.6,22.0,6.493865369792386
122.7,22.0,6.493865369792386
122.8,22.0,6.493865369792386
122.9,22.0,6.493865369792386
123.0,22.0,6.493865369792386
123.1,23.0,6.450878549019804
123.2,23.0,6.450878549019804
123.3,22.0,6.5605290465812365
123.4,22.0,6.5605290465812365
123.5,21.0,6.653557259263916
123.6,21.0,6.653557259263916
123.7,21.0,6.653557259263916
123.8,21.0,6.653557259263916
123.9,21.0,6.653557259263916
124.0,21.0,6.653557259263916
124.1,21.0,6.653557259263916
124.2,21.0,6.653557259263916
124.3,21.0,6.653557259263916
124.4,21.0,6.653557259263916
124.5,21.0,6.653557259263916
124.6,21.0,6.653557259263916
124.7,21.0,6.653557259263916
124.8,21.0,6.653557259263916
124.9,21.0,6.653557259263916
125.0,21.0,6.653557259263916
125.1,21.0,6.653557259263916
125.2,21.0,6.653557259263916
125.3,21.0,6.653557259263916
125.4,21.0,6.653557259263916
125.5,20.0,6.757054367708899
125.6,20.0,6.757054367708899
125.7,20.0,6.757054367708899
125.8,19.0,6.797856828323609
125.9,19.0,6.797856828323609
126.0,19.0,6.797856828323609
126.1,18.0,6.9558389579908315
126.2,17.0,7.03076064270274
126.3,17.0,7.03076064270274
126.4,18.0,6.956838607642771
126.5,18.0,6.956838607642771
126.6,18.0,6.956838607642771
126.7,18.0,6.956838607642771
126.8,18.0,6.956838607642771
126.9,18.0,6.956838607642771
127.0,18.0,6.956838607642771
127.1,18.0,6.956838607642771
127.2,18.0,6.956838607642771
127.3,18.0,6.956838607642771
127.4,18.0,6.956838607642771
127.5,18.0,6.956838607642771
127.6,18.0,6.956838607642771
127.7,18.0,6.956838607642771
127.8,18.0,6.956838607642771
127.9,18.0,6.956838607642771
128.0,19.0,6.813609213938912
128.1,19.0,6.813609213938912
128.2,19.0,6.813609213938912
128.3,19.0,6.813609213938912
128.4,19.0,6.813609213938912
128.5,19.0,6.813609213938912
128.6,19.0,6.813609213938912
128.7,19.0,6.813609213938912
128.8,19.0,6.813609213938912
128.9,20.0,6.7344470625981865
129.0,20.0,6.7344470625981865
129.1,20.0,6.7344470625981865
129.2,19.0,6.827290455558073
129.3,19.0,6.827290455558073
129.4,19.0,6.827290455558073
129.5,19.0,6.827290455558073
129.6,19.0,6.827290455558073
129.7,19.0,6.827290455558073
129.8,19.0,6.827290455558073
129.9,19.0,6.827290455558073
130.0,19.0,6.827290455558073
130.1,19.0,6.827290455558073
130.2,19.0,6.827290455558073
130.3,18.0,6.940916036844685
130.4,18.0,6.940916036844685
130.5,18.0,6.940916036844685
130.6,18.0,6.940916036844685
130.7,18.0,6.940916036844685
130.8,19.0,6.854510566005308
130.9,18.0,6.937159352328818
131.0,18.0,6.937159352328818
131.1,18.0,6.937159352328818
131.2,18.0,6.937159352328818
131.3,18.0,6.937159352328818
131.4,18.0,6.937159352328818
131.5,18.0,6.937159352328818
131.6,18.0,6.937159352328818
131.7,18.0,6.937159352328818
131.8,18.0,6.937159352328818
131.9,18.0,6.937159352328818
132.0,18.0,6.937159352328818
132.1,18.0,6.937159352328818
132.2,18.0,6.937159352328818
132.3,18.0,6.937159352328818
132.4,18.0,6.937159352328818
132.5,17.0,7.026592447919639
132.6,17.0,7.026592447919639
132.7,17.0,7.026592447919639
132.8,17.0,7.026592447919639
132.9,17.0,7.026592447919639
133.0,17.0,7.026592447919639
133.1,17.0,7.026592447919639
133.2,17.0,7.026592447919639
133.3,17.0,7.026592447919639
133.4,17.0,7.026592447919639
133.5,17.0,7.026592447919639
133.6,17.0,7.026592447919639
133.7,17.0,7.026592447919639
133.8,17.0,7.026592447919639
133.9,17.0,7.026592447919639
134.0,17.0,7.026592447919639
134.1,17.0,7.026592447919639
134.2,17.0,7.026592447919639
134.3,17.0,7.026592447919639
134.4,17.0,7.026592447919639
134.5,17.0,7.026592447919639
134.6,17.0,7.026592447919639
134.7,17.0,7.026592447919639
134.8,17.0,7.026592447919639
134.9,17.0,7.026592447919639
135.0,17.0,7.026592447919639
135.1,17.0,7.026592447919639
135.2,17.0,7.026592447919639
135.3,17.0,7.026592447919639
135.4,17.0,7.026592447919639
135.5,17.0,7.026592447919639
135.6,17.0,7.026592447919639
135.7,17.0,7.026592447919639
135.8,17.0,7.026592447919639
135.9,17.0,7.026592447919639
136.0,17.0,7.026592447919639
136.1,16.0,7.0673406639096505
136.2,16.0,7.0673406639096505
136.3,16.0,7.0673406639096505
136.4,15.0,7.281890565721186
136.5,15.0,7.281890565721186
136.6,15.0,7.281890565721186
136.7,15.0,7.281890565721186
136.8,14.0,7.296485666245269
136.9,14.0,7.296485666245269
137.0,14.0,7.296485666245269
137.1,14.0,7.296485666245269
137.2,15.0,7.190171374755391
137.3,15.0,7.190171374755391
137.4,15.0,7.190171374755391
137.5,15.0,7.190171374755391
137.6,15.0,7.190171374755391
137.7,15.0,7.190171374755391
137.8,15.0,7.190171374755391
137.9,15.0,7.190171374755391
138.0,15.0,7.190171374755391
138.1,15.0,7.190171374755391
138.2,15.0,7.190171374755391
138.3,14.0,7.283588799425524
138.4,14.0,7.283588799425524
138.5,14.0,7.283588799425524
138.6,14.0,7.283588799425524
138.7,14.0,7.283588799425524
138.8,15.0,7.192865854479882
138.9,14.0,7.303715069004809
139.0,14.0,7.303715069004809
139.1,14.0,7.303715069004809
139.2,13.0,7.402729631756375
139.3,13.0,7.402729631756375
139.4,12.0,7.469963949100865
139.5,12.0,7.469963949100865
139.6,12.0,7.469963949100865
139.7,12.0,7.469963949100865
139.8,12.0,7.469963949100865
139.9,12.0,7.469963949100865
140.0,12.0,7.469963949100865
140.1,12.0,7.469963949100865
140.2,12.0,7.469963949100865
140.3,12.0,7.469963949100865
140.4,12.0,7.469963949100865
140.5,12.0,7.469963949100865
140.6,12.0,7.469963949100865
140.7,12.0,7.469963949100865
140.8,12.0,7.469963949100865
140.9,12.0,7.469963949100865
141.0,12.0,7.469963949100865
141.1,13.0,7.401630722068862
141.2,13.0,7.401630722068862
141.3,13.0,7.401630722068862
141.4,13.0,7.401630722068862
141.5,12.0,7.483524366267687
141.6,12.0,7.483524366267687
141.7,11.0,7.610408297672027
141.8,11.0,7.610408297672027
141.9,11.0,7.610408297672027
142.0,11.0,7.610408297672027
142.1,10.0,7.695583855511931
142.2,10.0,7.695583855511931
142.3,10.0,7.695583855511931
142.4,10.0,7.695583855511931
142.5,10.0,7.695583855511931
142.6,10.0,7.695583855511931
142.7,10.0,7.695583855511931
142.8,9.0,7.811127179258779
142.9,9.0,7.811127179258779
143.0,8.0,7.894550625013615
143.1,8.0,7.894550625013615
143.2,8.0,7.894550625013615
143.3,8.0,7.894550625013615
143.4,8.0,7.894550625013615
143.5,8.0,7.894550625013615
143.6,8.0,7.894550625013615
143.7,8.0,7.894550625013615
143.8,8.0,7.894550625013615
143.9,9.0,7.794876985825166
144.0,9.0,7.794876985825166
144.1,9.0,7.794876985825166
144.2,9.0,7.794876985825166
144.3,8.0,7.921411498352249
144.4,8.0,7.921411498352249
144.5,8.0,7.921411498352249
144.6,8.0,7.921411498352249
144.7,8.0,7.921411498352249
144.8,8.0,7.921411498352249
144.9,8.0,7.921411498352249
145.0,8.0,7.921411498352249
145.1,8.0,7.921411498352249
145.2,8.0,7.921411498352249
145.3,7.0,8.00489893622533
145.4,7.0,8.00489893622533
145.5,7.0,8.00489893622533
145.6,7.0,8.00489893622533
145.7,7.0,8.00489893622533
145.8,7.0,8.00489893622533
145.9,7.0,8.00489893622533
146.0,7.0,8.00489893622533
146.1,7.0,8.00489893622533
146.2,7.0,8.00489893622533
146.3,7.0,8.00489893622533
146.4,7.0,8.00489893622533
146.5,7.0,8.00489893622533
146.6,7.0,8.00489893622533
146.7,6.0,8.104014029896561
146.8,6.0,8.104014029896561
146.9,6.0,8.104014029896561
147.0,6.0,8.104014029896561
147.1,6.0,8.104014029896561
147.2,6.0,8.104014029896561
147.3,6.0,8.104014029896561
147.4,6.0,8.104014029896561
147.5,6.0,8.104014029896561
147.6,6.0,8.104014029896561
147.7,6.0,8.043529388058758
147.8,6.0,8.043529388058758
147.9,5.0,8.209303321180986
148.0,5.0,8.209303321180986
148.1,5.0,8.209303321180986
148.2,5.0,8.209303321180986
148.3,5.0,8.209303321180986
148.4,5.0,8.209303321180986
148.5,5.0,8.209303321180986
148.6,5.0,8.209303321180986
148.7,5.0,8.209303321180986
148.8,5.0,8.209303321180986
148.9,5.0,8.209303321180986
149.0,5.0,8.209303321180986
149.1,5.0,8.209303321180986
149.2,5.0,8.209303321180986
149.3,5.0,8.209303321180986
149.4,5.0,8.209303321180986
149.5,5.0,8.209303321180986
149.6,5.0,8.209303321180986
149.7,5.0,8.209303321180986
149.8,5.0,8.209303321180986
149.9,5.0,8.209303321180986
150.0,5.0,8.209303321180986
150.1,5.0,8.209303321180986
150.2,5.0,8.209303321180986
150.3,5.0,8.209303321180986
150.4,5.0,8.209303321180986
150.5,5.0,8.209303321180986
150.6,5.0,8.209303321180986
150.7,5.0,8.209303321180986
150.8,6.0,8.1280456361614
150.9,6.0,8.1280456361614
151.0,5.0,8.200300358633463
151.1,5.0,8.200300358633463
151.2,5.0,8.200300358633463
151.3,6.0,8.111299278680029
151.4,7.0,8.036076494536832
151.5,7.0,8.036076494536832
151.6,7.0,8.036076494536832
151.7,7.0,8.036076494536832
151.8,7.0,8.036076494536832
151.9,7.0,8.036076494536832
152.0,7.0,8.036076494536832
152.1,7.0,8.036076494536832
152.2,7.0,8.036076494536832
152.3,7.0,8.036076494536832
152.4,7.0,8.036076494536832
152.5,7.0,8.036076494536832
152.6,7.0,8.036076494536832
152.7,7.0,8.036076494536832
152.8,7.0,8.036076494536832
152.9,7.0,8.036076494536832
153.0,7.0,8.036076494536832
153.1,7.0,8.036076494536832
153.2,7.0,8.036076494536832
153.3,7.0,8.036076494536832
153.4,7.0,8.036076494536832
153.5,7.0,8.036076494536832
153.6,7.0,8.036076494536832
153.7,7.0,8.036076494536832
153.8,7.0,8.036076494536832
153.9,7.0,8.036076494536832
154.0,7.0,8.036076494536832
154.1,7.0,8.036076494536832
154.2,7.0,8.036076494536832
154.3,6.0,8.105189761742405
154.4,5.0,8.200769307913657
154.5,5.0,8.200769307913657
154.6,5.0,8.200769307913657
154.7,6.0,8.082421792914865
154.8,7.0,8.002339458101439
154.9,7.0,8.002339458101439
155.0,7.0,8.002339458101439
155.1,7.0,8.002339458101439
155.2,6.0,8.074396369939876
155.3,6.0,8.074396369939876
155.4,6.0,8.074396369939876
155.5,6.0,8.074396369939876
155.6,6.0,8.074396369939876
155.7,6.0,8.074396369939876
155.8,6.0,8.074396369939876
155.9,6.0,8.074396369939876
156.0,6.0,8.074396369939876
156.1,6.0,8.074396369939876
156.2,6.0,8.074396369939876
156.3,6.0,8.074396369939876
156.4,6.0,8.074396369939876
156.5,6.0,8.074396369939876
156.6,6.0,8.074396369939876
156.7,7.0,7.982574982701909
156.8,7.0,7.982574982701909
156.9,7.0,7.982574982701909
157.0,7.0,7.982574982701909
157.1,7.0,7.982574982701909
157.2,7.0,7.982574982701909
157.3,7.0,7.982574982701909
157.4,7.0,7.982574982701909
157.5,6.0,8.098470672094045
157.6,5.0,8.22806324604359
157.7,5.0,8.22806324604359
157.8,5.0,8.22806324604359
157.9,6.0,8.09756954674129
158.0,6.0,8.09756954674129
158.1,6.0,8.09756954674129
158.2,6.0,8.09756954674129
158.3,6.0,8.09756954674129
158.4,6.0,8.09756954674129
158.5,6.0,8.09756954674129
158.6,6.0,8.09756954674129
158.7,6.0,8.09756954674129
158.8,6.0,8.09756954674129
158.9,6.0,8.09756954674129
159.0,6.0,8.09756954674129
159.1,6.0,8.09756954674129
159.2,6.0,8.09756954674129
159.3,6.0,8.09756954674129
159.4,6.0,8.09756954674129
159.5,6.0,8.09756954674129
159.6,6.0,8.09756954674129
159.7,6.0,8.09756954674129
159.8,6.0,8.09756954674129
159.9,6.0,8.09756954674129
160.0,6.0,8.09756954674129
160.1,6.0,8.09756954674129
160.2,6.0,8.09756954674129
160.3,6.0,8.09756954674129
160.4,6.0,8.09756954674129
160.5,7.0,8.015760338735667
160.6,7.0,8.015760338735667
160.7,7.0,8.015760338735667
160.8,7.0,8.015760338735667
160.9,7.0,8.015760338735667
161.0,7.0,8.015760338735667
161.1,7.0,8.015760338735667
161.2,7.0,8.015760338735667
161.3,7.0,8.015760338735667
161.4,7.0,8.015760338735667
161.5,7.0,8.015760338735667
161.6,7.0,8.015760338735667
161.7,7.0,8.015760338735667
161.8,7.0,8.015760338735667
161.9,7.0,8.015760338735667
162.0,7.0,8.015760338735667
162.1,7.0,8.015760338735667
162.2,7.0,8.015760338735667
162.3,8.0,7.929244187132305
162.4,8.0,7.929244187132305
162.5,8.0,7.929244187132305
162.6,8.0,7.929244187132305
162.7,8.0,7.929244187132305
162.8,7.0,8.032244504572414
162.9,7.0,8.032244504572414
163.0,7.0,8.032244504572414
163.1,7.0,8.032244504572414
163.2,7.0,8.032244504572414
163.3,7.0,8.032244504572414
163.4,7.0,8.032244504572414
163.5,7.0,8.032244504572414
163.6,7.0,8.032244504572414
163.7,7.0,8.032244504572414
163.8,6.0,8.079354745635957
163.9,6.0,8.079354745635957
164.0,6.0,8.079354745635957
164.1,6.0,8.079354745635957
164.2,6.0,8.079354745635957
164.3,6.0,8.079354745635957
164.4,6.0,8.079354745635957
164.5,6.0,8.079354745635957
164.6,6.0,8.079354745635957
164.7,6.0,8.079354745635957
164.8,6.0,8.079354745635957
164.9,6.0,8.079354745635957
165.0,6.0,8.079354745635957
165.1,6.0,8.079354745635957
165.2,6.0,8.079354745635957
165.3,7.0,8.006326232806188
165.4,7.0,8.006326232806188
165.5,7.0,8.006326232806188
165.6,7.0,8.006326232806188
165.7,7.0,8.006326232806188
165.8,7.0,8.006326232806188
165.9,7.0,8.006326232806188
166.0,7.0,8.006326232806188
166.1,7.0,8.006326232806188
166.2,7.0,8.006326232806188
166.3,7.0,8.006326232806188
166.4,7.0,8.006326232806188
166.5,7.0,8.006326232806188
166.6,7.0,8.006326232806188
166.7,6.0,8.110726073758602
166.8,5.0,8.167040385442771
166.9,5.0,8.167040385442771
167.0,5.0,8.167040385442771
167.1,5.0,8.167040385442771
167.2,5.0,8.167040385442771
167.3,5.0,8.167040385442771
167.4,5.0,8.167040385442771
167.5,5.0,8.167040385442771
167.6,5.0,8.167040385442771
167.7,5.0,8.167040385442771
167.8,5.0,8.167040385442771
167.9,5.0,8.167040385442771
168.0,5.0,8.167040385442771
168.1,5.0,8.167040385442771
168.2,5.0,8.167040385442771
168.3,5.0,8.167040385442771
168.4,5.0,8.167040385442771
168.5,5.0,8.167040385442771
168.6,5.0,8.167040385442771
168.7,5.0,8.167040385442771
168.8,5.0,8.167040385442771
168.9,5.0,8.167040385442771
169.0,5.0,8.167040385442771
169.1,5.0,8.167040385442771
169.2,5.0,8.167040385442771
169.3,5.0,8.167040385442771
169.4,5.0,8.167040385442771
169.5,5.0,8.167040385442771
169.6,5.0,8.167040385442771
169.7,4.0,8.291583667970087
169.8,4.0,8.291583667970087
169.9,4.0,8.291583667970087
170.0,4.0,8.291583667970087
170.1,4.0,8.291583667970087
170.2,4.0,8.291583667970087
170.3,4.0,8.291583667970087
170.4,4.0,8.291583667970087
170.5,4.0,8.291583667970087
170.6,4.0,8.291583667970087
170.7,4.0,8.291583667970087
170.8,4.0,8.291583667970087
170.9,4.0,8.291583667970087
171.0,4.0,8.291583667970087
171.1,4.0,8.291583667970087
171.2,4.0,8.291583667970087
171.3,4.0,8.291583667970087
171.4,4.0,8.291583667970087
171.5,4.0,8.291583667970087
171.6,4.0,8.291583667970087
171.7,4.0,8.291583667970087
171.8,4.0,8.291583667970087
171.9,4.0,8.298809349645705
172.0,4.0,8.298809349645705
172.1,4.0,8.298809349645705
172.2,4.0,8.298809349645705
172.3,4.0,8.298809349645705
172.4,4.0,8.298809349645705
172.5,4.0,8.298809349645705
172.6,4.0,8.298809349645705
172.7,4.0,8.298809349645705
172.8,4.0,8.298809349645705
172.9,4.0,8.298809349645705
173.0,4.0,8.298809349645705
173.1,4.0,8.298809349645705
173.2,4.0,8.298809349645705
173.3,4.0,8.298809349645705
173.4,3.0,8.404299458658109
173.5,3.0,8.404299458658109
173.6,3.0,8.404299458658109
173.7,3.0,8.404299458658109
173.8,3.0,8.404299458658109
173.9,3.0,8.404299458658109
174.0,3.0,8.404299458658109
174.1,3.0,8.404299458658109
174.2,3.0,8.404299458658109
174.3,3.0,8.404299458658109
174.4,3.0,8.404299458658109
174.5,3.0,8.404299458658109
174.6,3.0,8.404299458658109
174.7,3.0,8.404299458658109
174.8,3.0,8.404299458658109
174.9,3.0,8.404299458658109
175.0,3.0,8.404299458658109
175.1,3.0,8.404299458658109
175.2,3.0,8.404299458658109
175.3,3.0,8.404299458658109
175.4,5.0,8.194354319740281
175.5,5.0,8.194354319740281
175.6,4.0,8.315290657254184
175.7,4.0,8.315290657254184
175.8,4.0,8.315290657254184
175.9,4.0,8.315290657254184
176.0,4.0,8.315290657254184
176.1,4.0,8.315290657254184
176.2,4.0,8.315290657254184
176.3,4.0,8.315290657254184
176.4,4.0,8.315290657254184
176.5,4.0,8.315290657254184
176.6,4.0,8.315290657254184
176.7,4.0,8.315290657254184
176.8,4.0,8.315290657254184
176.9,4.0,8.315290657254184
177.0,4.0,8.315290657254184
177.1,4.0,8.315290657254184
177.2,5.0,8.23340365500253
177.3,5.0,8.23340365500253
177.4,5.0,8.23340365500253
177.5,5.0,8.23340365500253
177.6,5.0,8.23340365500253
177.7,5.0,8.23340365500253
177.8,5.0,8.23340365500253
177.9,5.0,8.23340365500253
178.0,5.0,8.23340365500253
178.1,5.0,8.23340365500253
178.2,4.0,8.316086477879086
178.3,4.0,8.316086477879086
178.4,4.0,8.316086477879086
178.5,3.0,8.389447499842074
178.6,3.0,8.389447499842074
178.7,3.0,8.389447499842074
178.8,3.0,8.389447499842074
178.9,3.0,8.389447499842074
179.0,3.0,8.389447499842074
179.1,3.0,8.389447499842074
179.2,3.0,8.389447499842074
179.3,3.0,8.389447499842074
179.4,3.0,8.389447499842074
179.5,3.0,8.389447499842074
179.6,3.0,8.389447499842074
179.7,3.0,8.389447499842074
179.8,3.0,8.389447499842074
179.9,3.0,8.389447499842074
180.0,3.0,8.389447499842074
180.1,3.0,8.389447499842074
180.2,4.0,8.30399258507451
180.3,4.0,8.30399258507451
180.4,4.0,8.30399258507451
180.5,4.0,8.30399258507451
180.6,4.0,8.30399258507451
180.7,4.0,8.30399258507451
180.8,4.0,8.30399258507451
180.9,4.0,8.30399258507451
181.0,4.0,8.30399258507451
181.1,4.0,8.30399258507451
181.2,4.0,8.30399258507451
181.3,4.0,8.30399258507451
181.4,4.0,8.30399258507451
181.5,5.0,8.197022075114756
181.6,5.0,8.197022075114756
181.7,5.0,8.197022075114756
181.8,5.0,8.197022075114756
181.9,5.0,8.197022075114756
182.0,5.0,8.197022075114756
182.1,5.0,8.197022075114756
182.2,6.0,8.077495958158362
182.3,6.0,8.077495958158362
182.4,6.0,8.077495958158362
182.5,6.0,8.077495958158362
182.6,6.0,8.077495958158362
182.7,6.0,8.077495958158362
182.8,6.0,8.077495958158362
182.9,6.0,8.077495958158362
183.0,6.0,8.077495958158362
183.1,6.0,8.077495958158362
183.2,6.0,8.077495958158362
183.3,6.0,8.077495958158362
183.4,6.0,8.077495958158362
183.5,6.0,8.077495958158362
183.6,5.0,8.20827843351664
183.7,5.0,8.20827843351664
183.8,5.0,8.20827843351664
183.9,5.0,8.20827843351664
184.0,3.0,8.407349914554494
184.1,3.0,8.407349914554494
184.2,3.0,8.407349914554494
184.3,3.0,8.407349914554494
184.4,3.0,8.407349914554494
184.5,3.0,8.407349914554494
184.6,3.0,8.407349914554494
184.7,3.0,8.407349914554494
184.8,3.0,8.407349914554494
184.9,4.0,8.319524846112994
185.0,4.0,8.319524846112994
185.1,3.0,8.434075668350705
185.2,3.0,8.434075668350705
185.3,2.0,8.51829657878394
185.4,2.0,8.51829657878394
185.5,2.0,8.51829657878394
185.6,2.0,8.51829657878394
185.7,1.0,8.60191342688492
185.8,1.0,8.60191342688492
185.9,1.0,8.60191342688492
186.0,1.0,8.60191342688492
186.1,1.0,8.60191342688492
186.2,1.0,8.60191342688492
186.3,1.0,8.60191342688492
186.4,1.0,8.60191342688492
186.5,1.0,8.60191342688492
186.6,1.0,8.60191342688492
186.7,1.0,8.60191342688492
186.8,0.0,8.703647671969456
186.9,0.0,8.703647671969456
187.0,0.0,8.703647671969456
187.1,0.0,8.703647671969456
187.2,0.0,8.703647671969456
187.3,0.0,8.703647671969456
187.4,0.0,8.703647671969456
187.5,0.0,8.703647671969456
187.6,0.0,8.703647671969456
187.7,0.0,8.703647671969456
187.8,0.0,8.703647671969456
187.9,0.0,8.703647671969456
188.0,1.0,8.608882330215987
188.1,1.0,8.608882330215987
188.2,1.0,8.608882330215987
188.3,1.0,8.608882330215987
188.4,1.0,8.608882330215987
188.5,1.0,8.608882330215987
188.6,1.0,8.608882330215987
188.7,1.0,8.608882330215987
188.8,1.0,8.608882330215987
188.9,1.0,8.608882330215987
189.0,1.0,8.608882330215987
189.1,1.0,8.608882330215987
189.2,1.0,8.608882330215987
189.3,1.0,8.608882330215987
189.4,2.0,8.493581293899862
189.5,2.0,8.493581293899862
189.6,2.0,8.493581293899862
189.7,2.0,8.493581293899862
189.8,2.0,8.493581293899862
189.9,2.0,8.493581293899862
190.0,2.0,8.493581293899862
190.1,2.0,8.493581293899862
190.2,2.0,8.493581293899862
190.3,2.0,8.493581293899862
190.4,2.0,8.493581293899862
190.5,2.0,8.493581293899862
190.6,2.0,8.493581293899862
190.7,2.0,8.493581293899862
190.8,2.0,8.493581293899862
190.9,1.0,8.6024454760501
191.0,1.0,8.6024454760501
191.1,1.0,8.6024454760501
191.2,1.0,8.6024454760501
191.3,1.0,8.6024454760501
191.4,1.0,8.6024454760501
191.5,1.0,8.6024454760501
191.6,1.0,8.6024454760501
191.7,1.0,8.6024454760501
191.8,1.0,8.6024454760501
191.9,1.0,8.6024454760501
192.0,1.0,8.6024454760501
192.1,1.0,8.6024454760501
192.2,1.0,8.6024454760501
192.3,1.0,8.6024454760501
192.4,1.0,8.6024454760501
192.5,1.0,8.6024454760501
192.6,1.0,8.6024454760501
192.7,1.0,8.6024454760501
192.8,1.0,8.6024454760501
192.9,1.0,8.6024454760501
193.0,1.0,8.6024454760501
193.1,1.0,8.6024454760501
193.2,1.0,8.6024454760501
193.3,1.0,8.6024454760501
193.4,1.0,8.6024454760501
193.5,1.0,8.6024454760501
193.6,2.0,8.49804491644942
193.7,2.0,8.49804491644942
193.8,2.0,8.49804491644942
193.9,2.0,8.49804491644942
194.0,2.0,8.49804491644942
194.1,2.0,8.49804491644942
194.2,2.0,8.49804491644942
194.3,2.0,8.49804491644942
194.4,2.0,8.49804491644942
194.5,4.0,8.326115270368035
194.6,4.0,8.326115270368035
194.7,4.0,8.326115270368035
194.8,4.0,8.326115270368035
194.9,4.0,8.326115270368035
195.0,4.0,8.326115270368035
195.1,5.0,8.219164240042236
195.2,5.0,8.219164240042236
195.3,5.0,8.219164240042236
195.4,5.0,8.219164240042236
195.5,5.0,8.219164240042236
195.6,5.0,8.219164240042236
195.7,5.0,8.219164240042236
195.8,5.0,8.219164240042236
195.9,5.0,8.219164240042236
196.0,5.0,8.219164240042236
196.1,5.0,8.219164240042236
196.2,5.0,8.219164240042236
196.3,5.0,8.219164240042236
196.4,5.0,8.219164240042236
196.5,5.0,8.219164240042236
196.6,5.0,8.219164240042236
196.7,5.0,8.219164240042236
196.8,5.0,8.219164240042236
196.9,5.0,8.219164240042236
197.0,5.0,8.219164240042236
197.1,5.0,8.219164240042236
197.2,5.0,8.219164240042236
197.3,5.0,8.219164240042236
197.4,5.0,8.219164240042236
197.5,5.0,8.219164240042236
197.6,5.0,8.219164240042236
197.7,5.0,8.219164240042236
197.8,5.0,8.219164240042236
197.9,5.0,8.219164240042236
198.0,5.0,8.17848260144687
198.1,4.0,8.28001355601068
198.2,4.0,8.28001355601068
198.3,4.0,8.28001355601068
198.4,4.0,8.28001355601068
198.5,4.0,8.28001355601068
198.6,4.0,8.28001355601068
198.7,4.0,8.28001355601068
198.8,4.0,8.28001355601068
198.9,4.0,8.28001355601068
199.0,4.0,8.28001355601068
199.1,4.0,8.28001355601068
199.2,4.0,8.28001355601068
199.3,4.0,8.28001355601068
199.4,4.0,8.28001355601068
199.5,4.0,8.28001355601068
199.6,4.0,8.28001355601068
199.7,4.0,8.28001355601068
199.8,4.0,8.28001355601068
199.9,4.0,8.28001355601068
200.0,2.0,8.4935099980313
200.1,3.0,8.393664861432914
200.2,3.0,8.393664861432914
200.3,3.0,8.393664861432914
200.4,3.0,8.393664861432914
200.5,2.0,8.502653339654994
200.6,2.0,8.502653339654994
200.7,3.0,8.389780731578298
200.8,3.0,8.389780731578298
200.9,3.0,8.389780731578298
201.0,4.0,8.322156159556556
201.1,4.0,8.322156159556556
201.2,4.0,8.322156159556556
201.3,3.0,8.366364662281583
201.4,3.0,8.366364662281583
201.5,3.0,8.366364662281583
201.6,3.0,8.366364662281583
201.7,3.0,8.366364662281583
201.8,2.0,8.506273647801464
201.9,1.0,8.603919535299191
202.0,1.0,8.603919535299191
202.1,1.0,8.603919535299191
202.2,1.0,8.603919535299191
202.3,1.0,8.603919535299191
202.4,1.0,8.603919535299191
202.5,1.0,8.603919535299191
202.6,1.0,8.603919535299191
202.7,1.0,8.603919535299191
202.8,1.0,8.603919535299191
202.9,1.0,8.603919535299191
203.0,1.0,8.603919535299191
203.1,0.0,8.710338329872677
203.2,0.0,8.710338329872677
203.3,0.0,8.710338329872677
203.4,0.0,8.710338329872677
203.5,0.0,8.710338329872677
203.6,0.0,8.710338329872677
203.7,0.0,8.710338329872677
203.8,0.0,8.710338329872677
203.9,0.0,8.710338329872677
204.0,0.0,8.710338329872677
204.1,0.0,8.710338329872677
204.2,0.0,8.710338329872677
204.3,0.0,8.710338329872677
204.4,0.0,8.710338329872677
204.5,0.0,8.710338329872677
204.6,0.0,8.710338329872677
204.7,0.0,8.710338329872677
204.8,0.0,8.710338329872677
204.9,0.0,8.710338329872677
205.0,0.0,8.710338329872677
205.1,0.0,8.710338329872677
205.2,0.0,8.710338329872677
205.3,0.0,8.710338329872677
205.4,0.0,8.710338329872677
205.5,0.0,8.710338329872677
205.6,0.0,8.710338329872677
205.7,0.0,8.710338329872677
205.8,0.0,8.710338329872677
205.9,0.0,8.710338329872677
206.0,0.0,8.710338329872677
206.1,0.0,8.710338329872677
206.2,0.0,8.710338329872677
206.3,0.0,8.710338329872677
206.4,0.0,8.710338329872677
206.5,0.0,8.710338329872677
206.6,0.0,8.710338329872677
206.7,0.0,8.710338329872677
206.8,0.0,8.710338329872677
206.9,0.0,8.710338329872677
207.0,0.0,8.710338329872677
207.1,0.0,8.710338329872677
207.2,0.0,8.710338329872677
207.3,0.0,8.710338329872677
207.4,0.0,8.710338329872677
207.5,0.0,8.710338329872677
207.6,0.0,8.710338329872677
207.7,0.0,8.710338329872677
207.8,0.0,8.710338329872677
207.9,0.0,8.710338329872677
208.0,0.0,8.710338329872677
208.1,0.0,8.710338329872677
208.2,0.0,8.710338329872677
208.3,0.0,8.710338329872677
208.4,0.0,8.710338329872677
208.5,0.0,8.710338329872677
208.6,0.0,8.710338329872677
208.7,0.0,8.710338329872677
208.8,0.0,8.710338329872677
208.9,0.0,8.710338329872677
209.0,0.0,8.710338329872677
209.1,0.0,8.710338329872677
209.2,0.0,8.710338329872677
209.3,0.0,8.710338329872677
209.4,0.0,8.710338329872677
209.5,0.0,8.710338329872677
209.6,0.0,8.710338329872677
209.7,0.0,8.710338329872677
209.8,0.0,8.710338329872677
209.9,0.0,8.710338329872677
210.0,0.0,8.710338329872677
210.1,0.0,8.710338329872677
210.2,0.0,8.710338329872677
210.3,0.0,8.710338329872677
210.4,0.0,8.710338329872677
210.5,0.0,8.710338329872677
210.6,0.0,8.710338329872677
210.7,0.0,8.710338329872677
210.8,0.0,8.710338329872677
210.9,0.0,8.710338329872677
211.0,0.0,8.710338329872677
211.1,0.0,8.710338329872677
211.2,0.0,8.710338329872677
211.3,0.0,8.710338329872677
211.4,1.0,8.595292095160907
211.5,1.0,8.595292095160907
211.6,1.0,8.595292095160907
211.7,1.0,8.595292095160907
211.8,1.0,8.595292095160907
211.9,1.0,8.595292095160907
212.0,1.0,8.595292095160907
212.1,1.0,8.595292095160907
212.2,1.0,8.595292095160907
212.3,1.0,8.595292095160907
212.4,1.0,8.595292095160907
212.5,1.0,8.595292095160907
212.6,1.0,8.595292095160907
212.7,1.0,8.595292095160907
212.8,1.0,8.595292095160907
212.9,1.0,8.595292095160907
213.0,1.0,8.595292095160907
213.1,1.0,8.595292095160907
213.2,1.0,8.595292095160907
213.3,1.0,8.595292095160907
213.4,1.0,8.595292095160907
213.5,1.0,8.595292095160907
213.6,1.0,8.595292095160907
213.7,1.0,8.595292095160907
213.8,1.0,8.595292095160907
213.9,1.0,8.595292095160907
214.0,1.0,8.595292095160907
214.1,1.0,8.595292095160907
214.2,1.0,8.595292095160907
214.3,1.0,8.595292095160907
214.4,1.0,8.595292095160907
214.5,1.0,8.595292095160907
214.6,1.0,8.595292095160907
214.7,1.0,8.595292095160907
214.8,1.0,8.595292095160907
214.9,1.0,8.595292095160907
215.0,1.0,8.595292095160907
215.1,1.0,8.595292095160907
215.2,1.0,8.595292095160907
215.3,1.0,8.595292095160907
215.4,1.0,8.595292095160907
215.5,1.0,8.595292095160907
215.6,1.0,8.595292095160907
215.7,1.0,8.595292095160907
215.8,1.0,8.595292095160907
215.9,1.0,8.595292095160907
216.0,1.0,8.595292095160907
216.1,1.0,8.595292095160907
216.2,1.0,8.595292095160907
216.3,1.0,8.595292095160907
216.4,1.0,8.595292095160907
216.5,1.0,8.595292095160907
216.6,1.0,8.595292095160907
216.7,1.0,8.595292095160907
216.8,1.0,8.595292095160907
216.9,1.0,8.595292095160907
217.0,1.0,8.595292095160907
217.1,1.0,8.595292095160907
217.2,1.0,8.595292095160907
217.3,1.0,8.595292095160907
217.4,1.0,8.595292095160907
217.5,1.0,8.595292095160907
217.6,1.0,8.595292095160907
217.7,1.0,8.595292095160907
217.8,0.0,8.68639088644236
217.9,0.0,8.68639088644236
218.0,0.0,8.68639088644236
218.1,0.0,8.68639088644236
218.2,0.0,8.68639088644236
218.3,0.0,8.68639088644236
218.4,0.0,8.68639088644236
218.5,0.0,8.68639088644236
218.6,0.0,8.68639088644236
218.7,0.0,8.68639088644236
218.8,0.0,8.68639088644236
218.9,0.0,8.68639088644236
219.0,0.0,8.68639088644236
219.1,0.0,8.68639088644236
219.2,0.0,8.68639088644236
219.3,0.0,8.68639088644236
219.4,0.0,8.68639088644236
219.5,0.0,8.68639088644236
219.6,0.0,8.68639088644236
219.7,0.0,8.68639088644236
219.8,0.0,8.68639088644236
219.9,0.0,8.68639088644236
220.0,0.0,8.68639088644236
220.1,0.0,8.68639088644236
220.2,0.0,8.68639088644236
220.3,0.0,8.68639088644236
220.4,0.0,8.68639088644236
220.5,1.0,8.5972763834395
220.6,1.0,8.5972763834395
220.7,1.0,8.5972763834395
220.8,1.0,8.5972763834395
220.9,1.0,8.5972763834395
221.0,1.0,8.5972763834395
221.1,1.0,8.5972763834395
221.2,1.0,8.5972763834395
221.3,1.0,8.5972763834395
221.4,1.0,8.5972763834395
221.5,1.0,8.5972763834395
221.6,1.0,8.5972763834395
221.7,1.0,8.5972763834395
221.8,1.0,8.5972763834395
221.9,1.0,8.5972763834395
222.0,1.0,8.5972763834395
222.1,1.0,8.5972763834395
222.2,0.0,8.702839129637141
222.3,0.0,8.702839129637141
222.4,0.0,8.702839129637141
222.5,0.0,8.702839129637141
222.6,0.0,8.702839129637141
222.7,1.0,8.629550940287182
222.8,1.0,8.629550940287182
222.9,1.0,8.629550940287182
223.0,1.0,8.629550940287182
223.1,1.0,8.629550940287182
223.2,1.0,8.629550940287182
223.3,1.0,8.629550940287182
223.4,1.0,8.629550940287182
223.5,1.0,8.629550940287182
223.6,1.0,8.629550940287182
223.7,0.0,8.708248536260307
223.8,0.0,8.708248536260307
223.9,0.0,8.708248536260307
224.0,0.0,8.708248536260307
224.1,0.0,8.708248536260307
224.2,0.0,8.708248536260307
224.3,0.0,8.708248536260307
224.4,0.0,8.708248536260307
224.5,0.0,8.708248536260307
224.6,0.0,8.708248536260307
224.7,0.0,8.708248536260307
224.8,0.0,8.708248536260307
224.9,0.0,8.708248536260307
225.0,0.0,8.708248536260307
225.1,0.0,8.708248536260307
225.2,0.0,8.708248536260307
225.3,0.0,8.708248536260307
225.4,0.0,8.708248536260307
225.5,0.0,8.708248536260307
225.6,0.0,8.708248536260307
225.7,0.0,8.708248536260307
225.8,0.0,8.708248536260307
225.9,0.0,8.708248536260307
226.0,0.0,8.708248536260307
226.1,0.0,8.708248536260307
226.2,0.0,8.708248536260307
226.3,0.0,8.708248536260307
226.4,0.0,8.708248536260307
226.5,0.0,8.708248536260307
226.6,0.0,8.708248536260307
226.7,0.0,8.708248536260307
226.8,0.0,8.708248536260307
226.9,0.0,8.708248536260307
227.0,0.0,8.708248536260307
227.1,0.0,8.708248536260307
227.2,0.0,8.708248536260307
227.3,0.0,8.708248536260307
227.4,0.0,8.708248536260307
227.5,0.0,8.708248536260307
227.6,0.0,8.708248536260307
227.7,0.0,8.708248536260307
227.8,0.0,8.708248536260307
227.9,0.0,8.708248536260307
228.0,0.0,8.708248536260307
228.1,0.0,8.708248536260307
228.2,0.0,8.708248536260307
228.3,0.0,8.708248536260307
228.4,0.0,8.708248536260307
228.5,0.0,8.708248536260307
228.6,0.0,8.708248536260307
228.7,0.0,8.708248536260307
228.8,0.0,8.708248536260307
228.9,0.0,8.708248536260307
229.0,0.0,8.708248536260307
229.1,0.0,8.708248536260307
229.2,0.0,8.708248536260307
229.3,0.0,8.708248536260307
229.4,0.0,8.708248536260307
229.5,0.0,8.708248536260307
229.6,0.0,8.708248536260307
229.7,0.0,8.708248536260307
229.8,0.0,8.708248536260307
229.9,0.0,8.708248536260307
230.0,0.0,8.708248536260307
230.1,0.0,8.708248536260307
230.2,0.0,8.708248536260307
230.3,0.0,8.708248536260307
230.4,0.0,8.708248536260307
230.5,0.0,8.708248536260307
230.6,0.0,8.708248536260307
230.7,0.0,8.708248536260307
230.8,0.0,8.708248536260307
230.9,0.0,8.708248536260307
231.0,0.0,8.708248536260307
231.1,0.0,8.708248536260307
231.2,0.0,8.708248536260307
231.3,0.0,8.708248536260307
231.4,0.0,8.708248536260307
231.5,0.0,8.708248536260307
231.6,0.0,8.708248536260307
231.7,1.0,8.579978306214834
231.8,1.0,8.579978306214834
231.9,1.0,8.579978306214834
232.0,1.0,8.579978306214834
232.1,1.0,8.579978306214834
232.2,1.0,8.579978306214834
232.3,1.0,8.579978306214834
232.4,1.0,8.579978306214834
232.5,1.0,8.579978306214834
232.6,1.0,8.579978306214834
232.7,1.0,8.579978306214834
232.8,1.0,8.579978306214834
232.9,1.0,8.579978306214834
233.0,1.0,8.579978306214834
233.1,1.0,8.579978306214834
233.2,1.0,8.579978306214834
233.3,1.0,8.579978306214834
233.4,1.0,8.579978306214834
233.5,1.0,8.579978306214834
233.6,1.0,8.579978306214834
233.7,1.0,8.579978306214834
233.8,1.0,8.579978306214834
233.9,1.0,8.579978306214834
234.0,1.0,8.579978306214834
234.1,1.0,8.579978306214834
234.2,1.0,8.579978306214834
234.3,1.0,8.579978306214834
234.4,1.0,8.579978306214834
234.5,1.0,8.579978306214834
234.6,1.0,8.579978306214834
234.7,1.0,8.579978306214834
234.8,1.0,8.579978306214834
234.9,1.0,8.579978306214834
235.0,1.0,8.579978306214834
235.1,1.0,8.579978306214834
235.2,1.0,8.579978306214834
235.3,1.0,8.579978306214834
235.4,1.0,8.579978306214834
235.5,1.0,8.579978306214834
235.6,1.0,8.579978306214834
235.7,1.0,8.579978306214834
235.8,1.0,8.579978306214834
235.9,1.0,8.579978306214834
236.0,1.0,8.579978306214834
236.1,1.0,8.579978306214834
236.2,1.0,8.579978306214834
236.3,1.0,8.579978306214834
236.4,1.0,8.579978306214834
236.5,1.0,8.579978306214834
236.6,1.0,8.579978306214834
236.7,1.0,8.579978306214834
236.8,1.0,8.579978306214834
236.9,1.0,8.579978306214834
237.0,1.0,8.579978306214834
237.1,1.0,8.579978306214834
237.2,1.0,8.579978306214834
237.3,0.0,8.709593867347373
237.4,0.0,8.709593867347373
237.5,0.0,8.709593867347373
237.6,0.0,8.709593867347373
237.7,0.0,8.709593867347373
237.8,0.0,8.709593867347373
237.9,0.0,8.709593867347373
238.0,0.0,8.709593867347373
238.1,0.0,8.709593867347373
238.2,0.0,8.709593867347373
238.3,0.0,8.709593867347373
238.4,0.0,8.709593867347373
238.5,0.0,8.709593867347373
238.6,0.0,8.709593867347373
238.7,0.0,8.709593867347373
238.8,0.0,8.709593867347373
238.9,0.0,8.709593867347373
239.0,0.0,8.709593867347373
239.1,0.0,8.709593867347373
239.2,0.0,8.709593867347373
239.3,0.0,8.709593867347373
239.4,0.0,8.709593867347373
239.5,0.0,8.709593867347373
239.6,0.0,8.709593867347373
239.7,0.0,8.709593867347373
239.8,0.0,8.709593867347373
239.9,0.0,8.709593867347373
240.0,0.0,8.709593867347373
240.1,0.0,8.709593867347373
240.2,0.0,8.709593867347373
240.3,0.0,8.709593867347373
240.4,0.0,8.709593867347373
240.5,0.0,8.709593867347373
240.6,0.0,8.709593867347373
240.7,0.0,8.709593867347373
240.8,0.0,8.709593867347373
240.9,0.0,8.709593867347373
241.0,0.0,8.709593867347373
241.1,0.0,8.709593867347373
241.2,0.0,8.709593867347373
241.3,0.0,8.709593867347373
241.4,0.0,8.709593867347373
241.5,0.0,8.709593867347373
241.6,0.0,8.709593867347373
241.7,0.0,8.709593867347373
241.8,0.0,8.709593867347373
241.9,0.0,8.709593867347373
242.0,0.0,8.709593867347373
242.1,0.0,8.709593867347373
242.2,0.0,8.709593867347373
242.3,0.0,8.709593867347373
242.4,0.0,8.709593867347373
242.5,0.0,8.709593867347373
242.6,0.0,8.709593867347373
242.7,0.0,8.709593867347373
242.8,0.0,8.709593867347373
242.9,0.0,8.709593867347373
243.0,0.0,8.709593867347373
243.1,0.0,8.709593867347373
243.2,0.0,8.709593867347373
243.3,0.0,8.709593867347373
243.4,0.0,8.709593867347373
243.5,0.0,8.709593867347373
243.6,0.0,8.709593867347373
243.7,0.0,8.709593867347373
243.8,0.0,8.709593867347373
243.9,0.0,8.709593867347373
244.0,0.0,8.709593867347373
244.1,0.0,8.709593867347373
244.2,0.0,8.709593867347373
244.3,0.0,8.709593867347373
244.4,0.0,8.709593867347373
244.5,0.0,8.709593867347373
244.6,0.0,8.709593867347373
244.7,0.0,8.709593867347373
244.8,0.0,8.709593867347373
244.9,0.0,8.709593867347373
245.0,0.0,8.709593867347373
245.1,0.0,8.709593867347373
245.2,0.0,8.709593867347373
245.3,0.0,8.709593867347373
245.4,0.0,8.709593867347373
245.5,0.0,8.709593867347373
245.6,0.0,8.709593867347373
245.7,0.0,8.709593867347373
245.8,0.0,8.709593867347373
245.9,0.0,8.709593867347373
246.0,0.0,8.709593867347373
246.1,0.0,8.709593867347373
246.2,0.0,8.709593867347373
246.3,0.0,8.709593867347373
246.4,0.0,8.709593867347373
246.5,0.0,8.709593867347373
246.6,0.0,8.709593867347373
246.7,0.0,8.709593867347373
246.8,0.0,8.709593867347373
246.9,1.0,8.607353675718926
247.0,1.0,8.607353675718926
247.1,1.0,8.607353675718926
247.2,1.0,8.607353675718926
247.3,1.0,8.607353675718926
247.4,0.0,8.704508111008124
247.5,0.0,8.704508111008124
247.6,0.0,8.704508111008124
247.7,0.0,8.704508111008124
247.8,0.0,8.704508111008124
247.9,0.0,8.704508111008124
248.0,0.0,8.704508111008124
248.1,0.0,8.704508111008124
248.2,1.0,8.594938824359026
248.3,1.0,8.594938824359026
248.4,1.0,8.594938824359026
248.5,1.0,8.594938824359026
248.6,1.0,8.594938824359026
248.7,1.0,8.594938824359026
248.8,0.0,8.703976555491991
248.9,0.0,8.703976555491991
249.0,1.0,8.596716390030181
249.1,1.0,8.596716390030181
249.2,1.0,8.596716390030181
249.3,1.0,8.596716390030181
249.4,1.0,8.596716390030181
249.5,1.0,8.596716390030181
249.6,1.0,8.596716390030181
249.7,1.0,8.596716390030181
249.8,1.0,8.596716390030181
249.9,1.0,8.596716390030181
250.0,1.0,8.596716390030181
250.1,1.0,8.596716390030181
250.2,0.0,8.715926027564215
250.3,0.0,8.715926027564215
250.4,0.0,8.715926027564215
250.5,0.0,8.715926027564215
250.6,0.0,8.715926027564215
250.7,0.0,8.715926027564215
250.8,0.0,8.715926027564215
250.9,0.0,8.715926027564215
251.0,0.0,8.715926027564215
251.1,0.0,8.715926027564215
251.2,0.0,8.715926027564215
251.3,0.0,8.715926027564215
251.4,0.0,8.715926027564215
251.5,0.0,8.715926027564215
251.6,0.0,8.715926027564215
251.7,0.0,8.715926027564215
251.8,0.0,8.715926027564215
251.9,0.0,8.715926027564215
252.0,0.0,8.715926027564215
252.1,0.0,8.715926027564215
252.2,0.0,8.715926027564215
252.3,0.0,8.715926027564215
252.4,0.0,8.715926027564215
252.5,0.0,8.715926027564215
252.6,1.0,8.59078071626314
252.7,1.0,8.59078071626314
252.8,1.0,8.59078071626314
252.9,1.0,8.59078071626314
253.0,1.0,8.59078071626314
253.1,1.0,8.59078071626314
253.2,1.0,8.59078071626314
253.3,1.0,8.59078071626314
253.4,1.0,8.59078071626314
253.5,1.0,8.59078071626314
253.6,1.0,8.59078071626314
253.7,1.0,8.59078071626314
253.8,1.0,8.59078071626314
253.9,1.0,8.59078071626314
254.0,1.0,8.59078071626314
254.1,0.0,8.716534461941926
254.2,0.0,8.716534461941926
254.3,0.0,8.716534461941926
254.4,0.0,8.716534461941926
254.5,0.0,8.716534461941926
254.6,0.0,8.716534461941926
254.7,0.0,8.716534461941926
254.8,0.0,8.716534461941926
254.9,0.0,8.716534461941926
255.0,0.0,8.716534461941926
255.1,0.0,8.716534461941926
255.2,0.0,8.716534461941926
255.3,0.0,8.716534461941926
255.4,0.0,8.716534461941926
255.5,0.0,8.716534461941926
255.6,0.0,8.716534461941926
255.7,0.0,8.716534461941926
255.8,0.0,8.716534461941926
255.9,0.0,8.716534461941926
256.0,0.0,8.716534461941926
256.1,1.0,8.641854688361008
256.2,1.0,8.641854688361008
256.3,1.0,8.641854688361008
256.4,1.0,8.641854688361008
256.5,1.0,8.641854688361008
256.6,1.0,8.641854688361008
256.7,1.0,8.641854688361008
256.8,1.0,8.641854688361008
256.9,1.0,8.641854688361008
257.0,0.0,8.686993629565066
257.1,0.0,8.686993629565066
257.2,0.0,8.686993629565066
257.3,0.0,8.686993629565066
257.4,0.0,8.686993629565066
257.5,0.0,8.686993629565066
257.6,0.0,8.686993629565066
257.7,0.0,8.686993629565066
257.8,0.0,8.686993629565066
257.9,0.0,8.686993629565066
258.0,0.0,8.686993629565066
258.1,0.0,8.686993629565066
258.2,0.0,8.686993629565066
258.3,0.0,8.686993629565066
258.4,0.0,8.686993629565066
258.5,0.0,8.686993629565066
258.6,0.0,8.686993629565066
258.7,0.0,8.686993629565066
258.8,0.0,8.686993629565066
258.9,0.0,8.686993629565066
259.0,0.0,8.686993629565066
259.1,0.0,8.686993629565066
259.2,0.0,8.686993629565066
259.3,0.0,8.686993629565066
259.4,0.0,8.686993629565066
259.5,0.0,8.686993629565066
259.6,0.0,8.686993629565066
259.7,0.0,8.686993629565066
259.8,0.0,8.686993629565066
259.9,0.0,8.686993629565066
260.0,0.0,8.686993629565066
260.1,0.0,8.686993629565066
260.2,0.0,8.686993629565066
260.3,0.0,8.686993629565066
260.4,0.0,8.686993629565066
260.5,0.0,8.686993629565066
260.6,0.0,8.686993629565066
260.7,0.0,8.686993629565066
260.8,0.0,8.686993629565066
260.9,0.0,8.686993629565066
261.0,0.0,8.686993629565066
261.1,0.0,8.686993629565066
261.2,0.0,8.686993629565066
261.3,0.0,8.686993629565066
261.4,0.0,8.686993629565066
261.5,0.0,8.686993629565066
261.6,0.0,8.686993629565066
261.7,0.0,8.686993629565066
261.8,0.0,8.686993629565066
261.9,0.0,8.686993629565066
262.0,0.0,8.686993629565066
262.1,0.0,8.686993629565066
262.2,0.0,8.686993629565066
262.3,0.0,8.686993629565066
262.4,0.0,8.686993629565066
262.5,0.0,8.686993629565066
262.6,0.0,8.686993629565066
262.7,0.0,8.686993629565066
262.8,1.0,8.59429601441036
262.9,1.0,8.59429601441036
263.0,2.0,8.492801465860211
263.1,2.0,8.492801465860211
263.2,1.0,8.645722080689062
263.3,1.0,8.645722080689062
263.4,1.0,8.645722080689062
263.5,1.0,8.645722080689062
263.6,1.0,8.645722080689062
263.7,1.0,8.645722080689062
263.8,1.0,8.645722080689062
263.9,2.0,8.494747809530942
264.0,2.0,8.494747809530942
264.1,2.0,8.494747809530942
264.2,2.0,8.494747809530942
264.3,2.0,8.494747809530942
264.4,1.0,8.616627088097054
264.5,1.0,8.616627088097054
264.6,1.0,8.616627088097054
264.7,1.0,8.616627088097054
264.8,1.0,8.616627088097054
264.9,1.0,8.616627088097054
265.0,1.0,8.616627088097054
265.1,1.0,8.616627088097054
265.2,1.0,8.616627088097054
265.3,1.0,8.616627088097054
265.4,1.0,8.616627088097054
265.5,1.0,8.616627088097054
265.6,1.0,8.616627088097054
265.7,1.0,8.616627088097054
265.8,1.0,8.616627088097054
265.9,2.0,8.49408547828186
266.0,2.0,8.49408547828186
266.1,2.0,8.49408547828186
266.2,1.0,8.602854461626372
266.3,1.0,8.602854461626372
266.4,1.0,8.602854461626372
266.5,1.0,8.602854461626372
266.6,1.0,8.602854461626372
266.7,1.0,8.602854461626372
266.8,1.0,8.602854461626372
266.9,1.0,8.602854461626372
267.0,1.0,8.602854461626372
267.1,1.0,8.602854461626372
267.2,1.0,8.602854461626372
267.3,1.0,8.602854461626372
267.4,1.0,8.602854461626372
267.5,0.0,8.742180773837234
267.6,0.0,8.742180773837234
267.7,0.0,8.742180773837234
267.8,0.0,8.742180773837234
267.9,0.0,8.742180773837234
268.0,0.0,8.742180773837234
268.1,0.0,8.742180773837234
268.2,0.0,8.742180773837234
268.3,0.0,8.742180773837234
268.4,0.0,8.742180773837234
268.5,0.0,8.742180773837234
268.6,0.0,8.742180773837234
268.7,0.0,8.742180773837234
268.8,0.0,8.742180773837234
268.9,0.0,8.742180773837234
269.0,0.0,8.742180773837234
269.1,0.0,8.742180773837234
269.2,0.0,8.742180773837234
269.3,0.0,8.742180773837234
269.4,0.0,8.742180773837234
269.5,0.0,8.742180773837234
269.6,0.0,8.742180773837234
269.7,0.0,8.742180773837234
269.8,0.0,8.742180773837234
269.9,0.0,8.742180773837234
270.0,0.0,8.742180773837234
270.1,0.0,8.742180773837234
270.2,0.0,8.742180773837234
270.3,1.0,8.585950560522413
270.4,1.0,8.585950560522413
270.5,1.0,8.585950560522413
270.6,1.0,8.585950560522413
270.7,1.0,8.585950560522413
270.8,1.0,8.585950560522413
270.9,1.0,8.585950560522413
271.0,1.0,8.585950560522413
271.1,1.0,8.585950560522413
271.2,1.0,8.585950560522413
271.3,1.0,8.585950560522413
271.4,1.0,8.585950560522413
271.5,1.0,8.585950560522413
271.6,1.0,8.585950560522413
271.7,1.0,8.585950560522413
271.8,1.0,8.585950560522413
271.9,1.0,8.585950560522413
272.0,1.0,8.585950560522413
272.1,1.0,8.585950560522413
272.2,1.0,8.585950560522413
272.3,1.0,8.585950560522413
272.4,1.0,8.585950560522413
272.5,0.0,8.707305940390917
272.6,0.0,8.707305940390917
272.7,0.0,8.707305940390917
272.8,0.0,8.707305940390917
272.9,0.0,8.707305940390917
273.0,0.0,8.707305940390917
273.1,0.0,8.707305940390917
273.2,0.0,8.707305940390917
273.3,0.0,8.707305940390917
273.4,0.0,8.707305940390917
273.5,0.0,8.707305940390917
273.6,0.0,8.707305940390917
273.7,0.0,8.707305940390917
273.8,0.0,8.707305940390917
273.9,0.0,8.707305940390917
274.0,0.0,8.707305940390917
274.1,1.0,8.599193243628704
274.2,1.0,8.599193243628704
274.3,1.0,8.599193243628704
274.4,1.0,8.599193243628704
274.5,1.0,8.599193243628704
274.6,1.0,8.599193243628704
274.7,1.0,8.599193243628704
274.8,1.0,8.599193243628704
274.9,0.0,8.719348899796607
275.0,0.0,8.719348899796607
275.1,0.0,8.719348899796607
275.2,0.0,8.719348899796607
275.3,0.0,8.719348899796607
275.4,0.0,8.719348899796607
275.5,0.0,8.719348899796607
275.6,0.0,8.719348899796607
275.7,0.0,8.719348899796607
275.8,0.0,8.719348899796607
275.9,0.0,8.719348899796607
276.0,0.0,8.719348899796607
276.1,0.0,8.719348899796607
276.2,0.0,8.719348899796607
276.3,0.0,8.719348899796607
276.4,0.0,8.719348899796607
276.5,0.0,8.719348899796607
276.6,0.0,8.719348899796607
276.7,0.0,8.719348899796607
276.8,0.0,8.719348899796607
276.9,0.0,8.719348899796607
277.0,0.0,8.719348899796607
277.1,0.0,8.719348899796607
277.2,0.0,8.719348899796607
277.3,0.0,8.719348899796607
277.4,0.0,8.719348899796607
277.5,0.0,8.719348899796607
277.6,0.0,8.719348899796607
277.7,0.0,8.719348899796607
277.8,0.0,8.719348899796607
277.9,0.0,8.719348899796607
278.0,0.0,8.719348899796607
278.1,0.0,8.719348899796607
278.2,0.0,8.719348899796607
278.3,0.0,8.719348899796607
278.4,0.0,8.719348899796607
278.5,0.0,8.719348899796607
278.6,0.0,8.719348899796607
278.7,0.0,8.719348899796607
278.8,0.0,8.719348899796607
278.9,0.0,8.719348899796607
279.0,0.0,8.719348899796607
279.1,0.0,8.719348899796607
279.2,0.0,8.719348899796607
279.3,0.0,8.719348899796607
279.4,0.0,8.719348899796607
279.5,0.0,8.719348899796607
279.6,0.0,8.719348899796607
279.7,0.0,8.719348899796607
279.8,0.0,8.719348899796607
279.9,0.0,8.719348899796607
280.0,0.0,8.719348899796607
280.1,0.0,8.719348899796607
280.2,0.0,8.719348899796607
280.3,0.0,8.719348899796607
280.4,0.0,8.719348899796607
280.5,0.0,8.719348899796607
280.6,0.0,8.719348899796607
280.7,0.0,8.719348899796607
280.8,0.0,8.719348899796607
280.9,0.0,8.719348899796607
281.0,0.0,8.719348899796607
281.1,0.0,8.719348899796607
281.2,0.0,8.719348899796607
281.3,0.0,8.719348899796607
281.4,0.0,8.719348899796607
281.5,0.0,8.719348899796607
281.6,0.0,8.719348899796607
281.7,0.0,8.719348899796607
281.8,1.0,8.620906281529521
281.9,2.0,8.497950875981466
282.0,2.0,8.497950875981466
282.1,2.0,8.497950875981466
282.2,2.0,8.497950875981466
282.3,2.0,8.497950875981466
282.4,1.0,8.62729699013559
282.5,1.0,8.62729699013559
282.6,1.0,8.62729699013559
282.7,1.0,8.62729699013559
282.8,1.0,8.62729699013559
282.9,1.0,8.62729699013559
283.0,1.0,8.62729699013559
283.1,1.0,8.62729699013559
283.2,1.0,8.62729699013559
283.3,1.0,8.62729699013559
283.4,1.0,8.62729699013559
283.5,1.0,8.62729699013559
283.6,1.0,8.62729699013559
283.7,1.0,8.62729699013559
283.8,1.0,8.62729699013559
283.9,1.0,8.62729699013559
284.0,1.0,8.62729699013559
284.1,1.0,8.62729699013559
284.2,1.0,8.62729699013559
284.3,1.0,8.62729699013559
284.4,1.0,8.62729699013559
284.5,2.0,8.49632247640497
284.6,2.0,8.49632247640497
284.7,2.0,8.49632247640497
284.8,1.0,8.590090764113135
284.9,1.0,8.590090764113135
285.0,1.0,8.590090764113135
285.1,1.0,8.590090764113135
285.2,1.0,8.590090764113135
285.3,1.0,8.590090764113135
285.4,1.0,8.590090764113135
285.5,1.0,8.590090764113135
285.6,1.0,8.590090764113135
285.7,1.0,8.590090764113135
285.8,1.0,8.590090764113135
285.9,1.0,8.590090764113135
286.0,1.0,8.590090764113135
286.1,1.0,8.590090764113135
286.2,0.0,8.709893246494744
286.3,0.0,8.709893246494744
286.4,0.0,8.709893246494744
286.5,0.0,8.709893246494744
286.6,0.0,8.709893246494744
286.7,0.0,8.709893246494744
286.8,0.0,8.709893246494744
286.9,0.0,8.709893246494744
287.0,0.0,8.709893246494744
287.1,0.0,8.709893246494744
287.2,0.0,8.709893246494744
287.3,0.0,8.709893246494744
287.4,0.0,8.709893246494744
287.5,0.0,8.709893246494744
287.6,0.0,8.709893246494744
287.7,0.0,8.709893246494744
287.8,0.0,8.709893246494744
287.9,0.0,8.709893246494744
288.0,0.0,8.709893246494744
288.1,0.0,8.709893246494744
288.2,0.0,8.709893246494744
288.3,0.0,8.709893246494744
288.4,0.0,8.709893246494744
288.5,0.0,8.709893246494744
288.6,0.0,8.709893246494744
288.7,1.0,8.588795004764556
288.8,1.0,8.588795004764556
288.9,1.0,8.588795004764556
289.0,1.0,8.588795004764556
289.1,1.0,8.588795004764556
289.2,1.0,8.588795004764556
289.3,1.0,8.588795004764556
289.4,0.0,8.72314943031244
289.5,0.0,8.72314943031244
289.6,0.0,8.72314943031244
289.7,0.0,8.72314943031244
289.8,0.0,8.72314943031244
289.9,0.0,8.72314943031244
290.0,0.0,8.72314943031244
290.1,0.0,8.72314943031244
290.2,0.0,8.72314943031244
290.3,0.0,8.72314943031244
290.4,0.0,8.72314943031244
290.5,0.0,8.72314943031244
290.6,0.0,8.72314943031244
290.7,0.0,8.72314943031244
290.8,0.0,8.72314943031244
290.9,0.0,8.72314943031244
291.0,0.0,8.72314943031244
291.1,0.0,8.72314943031244
291.2,0.0,8.72314943031244
291.3,0.0,8.72314943031244
291.4,0.0,8.72314943031244
291.5,0.0,8.72314943031244
291.6,0.0,8.72314943031244
291.7,0.0,8.72314943031244
291.8,0.0,8.72314943031244
291.9,0.0,8.72314943031244
292.0,0.0,8.72314943031244
292.1,0.0,8.72314943031244
292.2,0.0,8.72314943031244
292.3,0.0,8.72314943031244
292.4,0.0,8.72314943031244
292.5,0.0,8.72314943031244
292.6,0.0,8.72314943031244
292.7,0.0,8.72314943031244
292.8,0.0,8.72314943031244
292.9,0.0,8.72314943031244
293.0,0.0,8.72314943031244
293.1,0.0,8.72314943031244
293.2,0.0,8.72314943031244
293.3,0.0,8.72314943031244
293.4,0.0,8.72314943031244
293.5,0.0,8.72314943031244
293.6,0.0,8.72314943031244
293.7,0.0,8.72314943031244
293.8,0.0,8.72314943031244
293.9,0.0,8.72314943031244
294.0,0.0,8.72314943031244
294.1,0.0,8.72314943031244
294.2,0.0,8.72314943031244
294.3,0.0,8.72314943031244
294.4,0.0,8.72314943031244
294.5,0.0,8.72314943031244
294.6,0.0,8.72314943031244
294.7,0.0,8.72314943031244
294.8,0.0,8.72314943031244
294.9,0.0,8.72314943031244
295.0,0.0,8.72314943031244
295.1,0.0,8.72314943031244
295.2,0.0,8.72314943031244
295.3,0.0,8.72314943031244
295.4,0.0,8.72314943031244
295.5,0.0,8.72314943031244
295.6,0.0,8.72314943031244
295.7,0.0,8.72314943031244
295.8,0.0,8.72314943031244
295.9,0.0,8.72314943031244
296.0,0.0,8.72314943031244
296.1,0.0,8.72314943031244
296.2,0.0,8.72314943031244
296.3,0.0,8.72314943031244
296.4,0.0,8.72314943031244
296.5,0.0,8.72314943031244
296.6,0.0,8.72314943031244
296.7,0.0,8.72314943031244
296.8,0.0,8.72314943031244
296.9,0.0,8.72314943031244
297.0,0.0,8.72314943031244
297.1,0.0,8.72314943031244
297.2,0.0,8.72314943031244
297.3,0.0,8.72314943031244
297.4,0.0,8.72314943031244
297.5,0.0,8.72314943031244
297.6,0.0,8.72314943031244
297.7,0.0,8.72314943031244
297.8,0.0,8.72314943031244
297.9,0.0,8.72314943031244
298.0,0.0,8.72314943031244
298.1,0.0,8.72314943031244
298.2,0.0,8.72314943031244
298.3,0.0,8.72314943031244
298.4,0.0,8.72314943031244
298.5,0.0,8.72314943031244
298.6,0.0,8.72314943031244
298.7,0.0,8.72314943031244
298.8,0.0,8.72314943031244
298.9,0.0,8.72314943031244
299.0,0.0,8.72314943031244
299.1,0.0,8.72314943031244
299.2,0.0,8.72314943031244
299.3,0.0,8.72314943031244
299.4,0.0,8.72314943031244
299.5,0.0,8.72314943031244
299.6,0.0,8.72314943031244
299.7,0.0,8.72314943031244
299.8,0.0,8.72314943031244
299.9,0.0,8.72314943031244
300.0,0.0,8.72314943031244
