2.005094  2.005094  0.20102509999999998

1.924924  1.924924  0.19628310000000002
1.924924  2.005094  0.20102509999999998

1.844704  1.844704  0.1913388445151028
1.844704  1.924924  0.19624289056637817
1.844704  2.005094  0.20114976376853752

1.764172  1.764172  0.18575196565161506
1.764172  1.844704  0.19089351940891475
1.764172  1.924924  0.19575963505172975
1.764172  2.005094  0.20037260990001476

1.68388  1.68388  0.18017893488954234
1.68388  1.764172  0.1853636165236108
1.68388  1.844704  0.1905528130794321
1.68388  1.924924  0.19571120319729823
1.68388  2.005094  0.20085549125659147

1.6045530000000001  1.6045530000000001  0.17497017562003053
1.6045530000000001  1.68388  0.18011038998186052
1.6045530000000001  1.764172  0.18528220935621467
1.6045530000000001  1.844704  0.1904387797099888
1.6045530000000001  1.924924  0.195544589023303
1.6045530000000001  2.005094  0.20061657065123956

1.524171  1.524171  0.1693944945795916
1.524171  1.6045530000000001  0.17446387153966778
1.524171  1.68388  0.1795219666537749
1.524171  1.764172  0.18469654195860757
1.524171  1.844704  0.18994240857226258
1.524171  1.924924  0.1952233416717346
1.524171  2.005094  0.2005569193862112

1.443879  1.443879  0.16333312330929523
1.443879  1.524171  0.16874685880287144
1.443879  1.6045530000000001  0.17410550491819732
1.443879  1.68388  0.17933482554534702
1.443879  1.764172  0.1845677532636262
1.443879  1.844704  0.1897556755328615
1.443879  1.924924  0.19486305671046886
1.443879  2.005094  0.19990711036044884

1.363525  1.363525  0.15715674119101306
1.363525  1.443879  0.16275803805775146
1.363525  1.524171  0.16827673400215679
1.363525  1.6045530000000001  0.1737245779070537
1.363525  1.68388  0.17902492049560825
1.363525  1.764172  0.1843128341412119
1.363525  1.844704  0.1895388805071271
1.363525  1.924924  0.19466758222328207
1.363525  2.005094  0.19971533754294188

1.283218  1.283218  0.15086441753867133
1.283218  1.363525  0.15651351047685874
1.283218  1.443879  0.16210301192624846
1.283218  1.524171  0.16762643395486407
1.283218  1.6045530000000001  0.1730938498335208
1.283218  1.68388  0.1784284779750871
1.283218  1.764172  0.18376627307674387
1.283218  1.844704  0.18905765166205632
1.283218  1.924924  0.19426636405347397
1.283218  2.005094  0.19940997629768964

1.202826  1.202826  0.14473358615834425
1.202826  1.283218  0.15044099958847684
1.202826  1.363525  0.15608171869013296
1.202826  1.443879  0.1616660901621702
1.202826  1.524171  0.1671862199661582
1.202826  1.6045530000000001  0.17265251089524986
1.202826  1.68388  0.17798818136423436
1.202826  1.764172  0.18332919724877195
1.202826  1.844704  0.1886260152184169
1.202826  1.924924  0.19384256227851931
1.202826  2.005094  0.19899569174219256

1.122482  1.122482  0.1384158496570801
1.122482  1.202826  0.144150803865068
1.122482  1.283218  0.14984238829603086
1.122482  1.363525  0.1554820165677777
1.122482  1.443879  0.1610787312993431
1.122482  1.524171  0.16662494130726602
1.122482  1.6045530000000001  0.1721311271421592
1.122482  1.68388  0.1775196851746913
1.122482  1.764172  0.18292790870236997
1.122482  1.844704  0.18830593177702903
1.122482  1.924924  0.19361691170298134
1.122482  2.005094  0.19887860078188402

1.042182  1.042182  0.13161486231946667
1.042182  1.122482  0.13751669406950975
1.042182  1.202826  0.14335752250322975
1.042182  1.283218  0.14913862098552594
1.042182  1.363525  0.15485011369002255
1.042182  1.443879  0.16050141688522476
1.042182  1.524171  0.16608488963449317
1.042182  1.6045530000000001  0.1716110688941792
1.042182  1.68388  0.17700237590243914
1.042182  1.764172  0.1823961994894111
1.042182  1.844704  0.18774244146669405
1.042182  1.924924  0.1930046585979048
1.042182  2.005094  0.1981999733486834

0.9628194  0.9628194  0.12487830404997305
0.9628194  1.042182  0.1308375425355632
0.9628194  1.122482  0.1367954275677536
0.9628194  1.202826  0.1426855961325838
0.9628194  1.283218  0.14850781095214569
0.9628194  1.363525  0.1542524737748415
0.9628194  1.443879  0.15992908612844922
0.9628194  1.524171  0.16552996769802272
0.9628194  1.6045530000000001  0.17106568377323442
0.9628194  1.68388  0.17645866185380768
0.9628194  1.764172  0.18184635039467828
0.9628194  1.844704  0.18717850467008085
0.9628194  1.924924  0.19241861375116515
0.9628194  2.005094  0.19758441315825986

0.8824392  0.8824392  0.11843316961654703
0.8824392  0.9628194  0.12443337322491094
0.8824392  1.042182  0.13030670271828965
0.8824392  1.122482  0.13619879136212343
0.8824392  1.202826  0.14204286225481913
0.8824392  1.283218  0.14783910730275532
0.8824392  1.363525  0.15357797861505001
0.8824392  1.443879  0.15926894549415557
0.8824392  1.524171  0.16490430226987576
0.8824392  1.6045530000000001  0.17049469027089031
0.8824392  1.68388  0.17596139632055013
0.8824392  1.764172  0.1814437097136998
0.8824392  1.844704  0.18689100268612646
0.8824392  1.924924  0.19226607231166
0.8824392  2.005094  0.19758649796683297

0.8021064  0.8021064  0.11111757346075196
0.8021064  0.8824392  0.11738940020432134
0.8021064  0.9628194  0.12358567562721819
0.8021064  1.042182  0.1296270213355692
0.8021064  1.122482  0.13566194856941058
0.8021064  1.202826  0.14162186412203712
0.8021064  1.283218  0.14750693908087356
0.8021064  1.363525  0.15330749095951532
0.8021064  1.443879  0.15903310877604596
0.8021064  1.524171  0.1646760468463005
0.8021064  1.6045530000000001  0.17024694583926075
0.8021064  1.68388  0.17566785538286966
0.8021064  1.764172  0.18107694603590138
0.8021064  1.844704  0.18642362282410538
0.8021064  1.924924  0.19167128447216342
0.8021064  2.005094  0.19683774435305362

0.721835  0.721835  0.10446242351741684
0.721835  0.8021064  0.11066212333423561
0.721835  0.8824392  0.1168104568600889
0.721835  0.9628194  0.12290720114101322
0.721835  1.042182  0.12887226517788683
0.721835  1.122482  0.13485265850399328
0.721835  1.202826  0.1407808380102418
0.721835  1.283218  0.14665700288663186
0.721835  1.363525  0.15247146903253975
0.721835  1.443879  0.1582338322223632
0.721835  1.524171  0.16393629060995785
0.721835  1.6045530000000001  0.16958960983133775
0.721835  1.68388  0.1751142560529716
0.721835  1.764172  0.18065100130829356
0.721835  1.844704  0.18614863231742046
0.721835  1.924924  0.19156958753498332
0.721835  2.005094  0.19693167349011104

0.6415377999999999  0.6415377999999999  0.0974044866149333
0.6415377999999999  0.721835  0.10369795774521912
0.6415377999999999  0.8021064  0.1099341495989954
0.6415377999999999  0.8824392  0.11612074765151026
0.6415377999999999  0.9628194  0.12225625439235294
0.6415377999999999  1.042182  0.12826034978589115
0.6415377999999999  1.122482  0.13428102506092868
0.6415377999999999  1.202826  0.1402502970359731
0.6415377999999999  1.283218  0.14616836833231006
0.6415377999999999  1.363525  0.1520254854161851
0.6415377999999999  1.443879  0.15783131389293695
0.6415377999999999  1.524171  0.16357799298076095
0.6415377999999999  1.6045530000000001  0.1692763726170558
0.6415377999999999  1.68388  0.1748462635709861
0.6415377999999999  1.764172  0.18042959069886716
0.6415377999999999  1.844704  0.18597471368002613
0.6415377999999999  1.924924  0.19144366364022705
0.6415377999999999  2.005094  0.19685475966624855

0.5611078  0.5611078  0.09010861636953457
0.5611078  0.6415377999999999  0.09655509239981569
0.5611078  0.721835  0.1029268652527563
0.5611078  0.8021064  0.10923371090266491
0.5611078  0.8824392  0.11548208129335691
0.5611078  0.9628194  0.12167074147123814
0.5611078  1.042182  0.12771884421618032
0.5611078  1.122482  0.13377547074324211
0.5611078  1.202826  0.1397720791576928
0.5611078  1.283218  0.14570885793239285
0.5611078  1.363525  0.15157602792209232
0.5611078  1.443879  0.15738327688962883
0.5611078  1.524171  0.16312274424094061
0.5611078  1.6045530000000001  0.16880526153913192
0.5611078  1.68388  0.1743510198438194
0.5611078  1.764172  0.17990134223500007
0.5611078  1.844704  0.18540471816137002
0.5611078  1.924924  0.1908235392971414
0.5611078  2.005094  0.1961757014831982

0.48081060000000003  0.48081060000000003  0.08283481525518084
0.48081060000000003  0.5611078  0.08939428179601093
0.48081060000000003  0.6415377999999999  0.09589489022172484
0.48081060000000003  0.721835  0.10231635679560053
0.48081060000000003  0.8021064  0.10866705642383413
0.48081060000000003  0.8824392  0.11495382394456995
0.48081060000000003  0.9628194  0.1211754313940667
0.48081060000000003  1.042182  0.1272506866318563
0.48081060000000003  1.122482  0.1333293476690811
0.48081060000000003  1.202826  0.13934252789045573
0.48081060000000003  1.283218  0.14529040731606013
0.48081060000000003  1.363525  0.15116319219071364
0.48081060000000003  1.443879  0.15697058319700793
0.48081060000000003  1.524171  0.16270472076315912
0.48081060000000003  1.6045530000000001  0.16837642311998952
0.48081060000000003  1.68388  0.17390613381998407
0.48081060000000003  1.764172  0.1794347777397811
0.48081060000000003  1.844704  0.18491089100316455
0.48081060000000003  1.924924  0.19029699742136436
0.48081060000000003  2.005094  0.19561124112022626

0.40048279999999997  0.40048279999999997  0.07544220073970395
0.40048279999999997  0.48081060000000003  0.08206438659022713
0.40048279999999997  0.5611078  0.08861900792996061
0.40048279999999997  0.6415377999999999  0.095120387476825
0.40048279999999997  0.721835  0.1015466956139562
0.40048279999999997  0.8021064  0.10790666953931949
0.40048279999999997  0.8824392  0.11420718296193279
0.40048279999999997  0.9628194  0.12044700739091177
0.40048279999999997  1.042182  0.1265446292683495
0.40048279999999997  1.122482  0.13265035209991705
0.40048279999999997  1.202826  0.1386950707779081
0.40048279999999997  1.283218  0.1446789759005907
0.40048279999999997  1.363525  0.1505922124553709
0.40048279999999997  1.443879  0.15644454587351223
0.40048279999999997  1.524171  0.1622280556603614
0.40048279999999997  1.6045530000000001  0.16795365689988134
0.40048279999999997  1.68388  0.17354094548359975
0.40048279999999997  1.764172  0.17913230457431742
0.40048279999999997  1.844704  0.184675828611826
0.40048279999999997  1.924924  0.19013361392135147
0.40048279999999997  2.005094  0.19552376036327437

0.3211761  0.3211761  0.06795379019812274
0.3211761  0.40048279999999997  0.07463229816952521
0.3211761  0.48081060000000003  0.08132776269045147
0.3211761  0.5611078  0.08795242274602261
0.3211761  0.6415377999999999  0.09451924712963358
0.3211761  0.721835  0.10100653278550753
0.3211761  0.8021064  0.10742313576209571
0.3211761  0.8824392  0.11377598116510491
0.3211761  0.9628194  0.120063822258209
0.3211761  1.042182  0.12620458780878233
0.3211761  1.122482  0.13234965043153044
0.3211761  1.202826  0.13842938777836528
0.3211761  1.283218  0.14444398427466548
0.3211761  1.363525  0.1503835366386613
0.3211761  1.443879  0.1562578561863559
0.3211761  1.524171  0.162058993485663
0.3211761  1.6045530000000001  0.16779789455257255
0.3211761  1.68388  0.17339404428686275
0.3211761  1.764172  0.17899005958673275
0.3211761  1.844704  0.18453387075761607
0.3211761  1.924924  0.1899875513717631
0.3211761  2.005094  0.1953694312513167

0.24095840000000002  0.24095840000000002  0.06056276439019453
0.24095840000000002  0.3211761  0.06740064790899526
0.24095840000000002  0.40048279999999997  0.0740932636773815
0.24095840000000002  0.48081060000000003  0.08080468239761177
0.24095840000000002  0.5611078  0.08744539635479107
0.24095840000000002  0.6415377999999999  0.09402877434375972
0.24095840000000002  0.721835  0.1005330845977139
0.24095840000000002  0.8021064  0.10696719672820404
0.24095840000000002  0.8824392  0.11333805495042659
0.24095840000000002  0.9628194  0.11964441068970205
0.24095840000000002  1.042182  0.1258039386850993
0.24095840000000002  1.122482  0.13196847326411215
0.24095840000000002  1.202826  0.13806818474653063
0.24095840000000002  1.283218  0.14410325977446076
0.24095840000000002  1.363525  0.15006376114533534
0.24095840000000002  1.443879  0.15595953438118082
0.24095840000000002  1.524171  0.16178260076292014
0.24095840000000002  1.6045530000000001  0.1675439479082737
0.24095840000000002  1.68388  0.1731627314529033
0.24095840000000002  1.764172  0.17878214334157516
0.24095840000000002  1.844704  0.18434993771184666
0.24095840000000002  1.924924  0.1898280158439996
0.24095840000000002  2.005094  0.1952346712296384

0.1605981  0.1605981  0.0523733938653605
0.1605981  0.24095840000000002  0.059406249847394836
0.1605981  0.3211761  0.0663511526546347
0.1605981  0.40048279999999997  0.07314428862774905
0.1605981  0.48081060000000003  0.07995059473920965
0.1605981  0.5611078  0.086679562476801
0.1605981  0.6415377999999999  0.09334475151520635
0.1605981  0.721835  0.09992415270045972
0.1605981  0.8021064  0.10642675585585033
0.1605981  0.8824392  0.11285957655131396
0.1605981  0.9628194  0.11922134331634954
0.1605981  1.042182  0.12542911680563684
0.1605981  1.122482  0.13163593092774767
0.1605981  1.202826  0.13777136671617457
0.1605981  1.283218  0.143835602371739
0.1605981  1.363525  0.14981865794121368
0.1605981  1.443879  0.15573042154277944
0.1605981  1.524171  0.1615628954076843
0.1605981  1.6045530000000001  0.167327082230953
0.1605981  1.68388  0.17294221624918657
0.1605981  1.764172  0.17855140801947048
0.1605981  1.844704  0.18410233245390262
0.1605981  1.924924  0.18955703046719086
0.1605981  2.005094  0.19493385533010166

0.08030756  0.08030756  0.044107635394933585
0.08030756  0.1605981  0.05128175843965928
0.08030756  0.24095840000000002  0.05838356396775789
0.08030756  0.3211761  0.06539573166100765
0.08030756  0.40048279999999997  0.07225217715593807
0.08030756  0.48081060000000003  0.07911976029762319
0.08030756  0.5611078  0.08590714764259395
0.08030756  0.6415377999999999  0.09262800468880612
0.08030756  0.721835  0.09926013920243329
0.08030756  0.8021064  0.10581262090655627
0.08030756  0.8824392  0.11229251866252635
0.08030756  0.9628194  0.11869854808947702
0.08030756  1.042182  0.12494723576016371
0.08030756  1.122482  0.1311926289254779
0.08030756  1.202826  0.137363828988255
0.08030756  1.283218  0.14346101253427077
0.08030756  1.363525  0.14947414859489072
0.08030756  1.443879  0.1554131781983279
0.08030756  1.524171  0.161270068678448
0.08030756  1.6045530000000001  0.16705586856781285
0.08030756  1.68388  0.17268955526036206
0.08030756  1.764172  0.17831471739934582
0.08030756  1.844704  0.1838788481264711
0.08030756  1.924924  0.18934386598198036
0.08030756  2.005094  0.19472813730042712

-3.054735e-5  -3.054735e-5  0.0353401044928159
-3.054735e-5  0.08030756  0.042767116762220884
-3.054735e-5  0.1605981  0.05009878356361135
-3.054735e-5  0.24095840000000002  0.05734733794064013
-3.054735e-5  0.3211761  0.0644932421406343
-3.054735e-5  0.40048279999999997  0.07146978599088025
-3.054735e-5  0.48081060000000003  0.07844676414038543
-3.054735e-5  0.5611078  0.0853311775507326
-3.054735e-5  0.6415377999999999  0.09213686896431184
-3.054735e-5  0.721835  0.09884137073299487
-3.054735e-5  0.8021064  0.10545389071262717
-3.054735e-5  0.8824392  0.1119815604421383
-3.054735e-5  0.9628194  0.11842306800294018
-3.054735e-5  1.042182  0.12469469760672477
-3.054735e-5  1.122482  0.1309510851344255
-3.054735e-5  1.202826  0.13712098964801483
-3.054735e-5  1.283218  0.14320457016953564
-3.054735e-5  1.363525  0.14919182942939277
-3.054735e-5  1.443879  0.1550926764911914
-3.054735e-5  1.524171  0.16089913501423778
-3.054735e-5  1.6045530000000001  0.1666221523271152
-3.054735e-5  1.68388  0.17218182095456475
-3.054735e-5  1.764172  0.17771985362512094
-3.054735e-5  1.844704  0.18318424879929412
-3.054735e-5  1.924924  0.18853820435047122
-3.054735e-5  2.005094  0.1937982069626205

-0.08037691  -0.08037691  0.022955038006563327
-0.08037691  -3.054735e-5  0.0310906052600072
-0.08037691  0.08030756  0.03909520626319452
-0.08037691  0.1605981  0.04696728626061454
-0.08037691  0.24095840000000002  0.0547175748531009
-0.08037691  0.3211761  0.06232573980864818
-0.08037691  0.40048279999999997  0.0697214494224353
-0.08037691  0.48081060000000003  0.07708463643703978
-0.08037691  0.5611078  0.08431655336196046
-0.08037691  0.6415377999999999  0.09143169971223544
-0.08037691  0.721835  0.09840661148822855
-0.08037691  0.8021064  0.10525099816270878
-0.08037691  0.8824392  0.11197224546021607
-0.08037691  0.9628194  0.11856895737114902
-0.08037691  1.042182  0.12495608192780863
-0.08037691  1.122482  0.1312911822608936
-0.08037691  1.202826  0.13750146365565571
-0.08037691  1.283218  0.14358704136268421
-0.08037691  1.363525  0.14953795858981028
-0.08037691  1.443879  0.15536410622004027
-0.08037691  1.524171  0.1610576314427234
-0.08037691  1.6045530000000001  0.1666292562754447
-0.08037691  1.68388  0.17200192248023452
-0.08037691  1.764172  0.17731266117331584
-0.08037691  1.844704  0.18251068408518664
-0.08037691  1.924924  0.18756043294516253
-0.08037691  2.005094  0.19247934874008643

-0.16063650000000002  -0.16063650000000002  0.0015069429880823274
-0.16063650000000002  -0.08037691  0.01143419808355819
-0.16063650000000002  -3.054735e-5  0.021141067087245623
-0.16063650000000002  0.08030756  0.03061966548092296
-0.16063650000000002  0.1605981  0.039864318005082194
-0.16063650000000002  0.24095840000000002  0.04888839328818661
-0.16063650000000002  0.3211761  0.057668408445643034
-0.16063650000000002  0.40048279999999997  0.0661247771933719
-0.16063650000000002  0.48081060000000003  0.07446310793095791
-0.16063650000000002  0.5611078  0.08257010053411401
-0.16063650000000002  0.6415377999999999  0.09046190732342148
-0.16063650000000002  0.721835  0.09811257001354054
-0.16063650000000002  0.8021064  0.10553306962709247
-0.16063650000000002  0.8824392  0.1127314307275328
-0.16063650000000002  0.9628194  0.11970605184627049
-0.16063650000000002  1.042182  0.1263687436981417
-0.16063650000000002  1.122482  0.13288407851953846
-0.16063650000000002  1.202826  0.13917551217869265
-0.16063650000000002  1.283218  0.14524305345169589
-0.16063650000000002  1.363525  0.15107689497813048
-0.16063650000000002  1.443879  0.15668684750618947
-0.16063650000000002  1.524171  0.1620654118900182
-0.16063650000000002  1.6045530000000001  0.16722268687940062
-0.16063650000000002  1.68388  0.17208930843374878
-0.16063650000000002  1.764172  0.1767895715881409
-0.16063650000000002  1.844704  0.18127601657924106
-0.16063650000000002  1.924924  0.18551936641702493
-0.16063650000000002  2.005094  0.18953136444514881

-0.24091759999999998  -0.24091759999999998  -0.010970567527524202
-0.24091759999999998  -0.16063650000000002  -0.0006171651936729197
-0.24091759999999998  -0.08037691  0.009494285549555078
-0.24091759999999998  -3.054735e-5  0.01938121538270464
-0.24091759999999998  0.08030756  0.029030258732747862
-0.24091759999999998  0.1605981  0.0384368865869215
-0.24091759999999998  0.24095840000000002  0.04761479163328011
-0.24091759999999998  0.3211761  0.05654007537380157
-0.24091759999999998  0.40048279999999997  0.0651319289831265
-0.24091759999999998  0.48081060000000003  0.07359925499971233
-0.24091759999999998  0.5611078  0.08182692370599938
-0.24091759999999998  0.6415377999999999  0.08983133085253792
-0.24091759999999998  0.721835  0.09758616143127546
-0.24091759999999998  0.8021064  0.10510257575819329
-0.24091759999999998  0.8824392  0.11238871386578564
-0.24091759999999998  0.9628194  0.11944295888226877
-0.24091759999999998  1.042182  0.1261762308653322
-0.24091759999999998  1.122482  0.13275486923228932
-0.24091759999999998  1.202826  0.13910149218341156
-0.24091759999999998  1.283218  0.14521611183045866
-0.24091759999999998  1.363525  0.15108886183641335
-0.24091759999999998  1.443879  0.15672963418968533
-0.24091759999999998  1.524171  0.16213090004344985
-0.24091759999999998  1.6045530000000001  0.16730280406535988
-0.24091759999999998  1.68388  0.17217592490263112
-0.24091759999999998  1.764172  0.17687476891954365
-0.24091759999999998  1.844704  0.18135170087316077
-0.24091759999999998  1.924924  0.18557614931449898
-0.24091759999999998  2.005094  0.1895637729609428

-0.3212371  -0.3212371  -0.02269361388814661
-0.3212371  -0.24091759999999998  -0.012048842337935876
-0.3212371  -0.16063650000000002  -0.0016504753976740972
-0.3212371  -0.08037691  0.00850804704375065
-0.3212371  -3.054735e-5  0.01843880121917315
-0.3212371  0.08030756  0.02812962999528747
-0.3212371  0.1605981  0.037576072413503414
-0.3212371  0.24095840000000002  0.04679184735570167
-0.3212371  0.3211761  0.05575295256213525
-0.3212371  0.40048279999999997  0.06437826987296529
-0.3212371  0.48081060000000003  0.07287750691243262
-0.3212371  0.5611078  0.08113507285376556
-0.3212371  0.6415377999999999  0.08916741384492097
-0.3212371  0.721835  0.09694811594342329
-0.3212371  0.8021064  0.10448837313895105
-0.3212371  0.8824392  0.11179634308195131
-0.3212371  0.9628194  0.11887039430739474
-0.3212371  1.042182  0.12562121446502003
-0.3212371  1.122482  0.1322155714977369
-0.3212371  1.202826  0.1385758647784733
-0.3212371  1.283218  0.14470209765096073
-0.3212371  1.363525  0.1505843805310734
-0.3212371  1.443879  0.15623261784849607
-0.3212371  1.524171  0.16163926719916166
-0.3212371  1.6045530000000001  0.16681447978122318
-0.3212371  1.68388  0.17168882171661087
-0.3212371  1.764172  0.17638680590880076
-0.3212371  1.844704  0.18086078526433405
-0.3212371  1.924924  0.18508149201266116
-0.3212371  2.005094  0.18906081936353736

-0.4005277  -0.4005277  -0.03313868176555033
-0.4005277  -0.3212371  -0.022492839229981628
-0.4005277  -0.24091759999999998  -0.011943031478275848
-0.4005277  -0.16063650000000002  -0.001629731064610717
-0.4005277  -0.08037691  0.008448155210993685
-0.4005277  -3.054735e-5  0.018303885567356706
-0.4005277  0.08030756  0.027925483098615762
-0.4005277  0.1605981  0.03730847860380245
-0.4005277  0.24095840000000002  0.04646648857814624
-0.4005277  0.3211761  0.055375643438910355
-0.4005277  0.40048279999999997  0.06395519645832726
-0.4005277  0.48081060000000003  0.07241373603492268
-0.4005277  0.5611078  0.08063629192149481
-0.4005277  0.6415377999999999  0.08863923183911424
-0.4005277  0.721835  0.09639622074057287
-0.4005277  0.8021064  0.10391838649943867
-0.4005277  0.8824392  0.11121385384749394
-0.4005277  0.9628194  0.11828098928338807
-0.4005277  1.042182  0.12503045748907587
-0.4005277  1.122482  0.13162897251211042
-0.4005277  1.202826  0.13799897853951318
-0.4005277  1.283218  0.14414048007625108
-0.4005277  1.363525  0.15004355152437862
-0.4005277  1.443879  0.15571812230454704
-0.4005277  1.524171  0.16115660900412057
-0.4005277  1.6045530000000001  0.16636922292944167
-0.4005277  1.68388  0.17128589722664225
-0.4005277  1.764172  0.17603223943791385
-0.4005277  1.844704  0.18056025047336888
-0.4005277  1.924924  0.18483896964887217
-0.4005277  2.005094  0.18888435938376008

-0.4808311  -0.4808311  -0.043248929173974215
-0.4808311  -0.4005277  -0.0324258636417539
-0.4808311  -0.3212371  -0.021959649605466078
-0.4808311  -0.24091759999999998  -0.011577059112509109
-0.4808311  -0.16063650000000002  -0.0014214019153515676
-0.4808311  -0.08037691  0.008509649510581063
-0.4808311  -3.054735e-5  0.018229232048388038
-0.4808311  0.08030756  0.027725501619271703
-0.4808311  0.1605981  0.036994016500479114
-0.4808311  0.24095840000000002  0.04604820466109731
-0.4808311  0.3211761  0.0548644259905977
-0.4808311  0.40048279999999997  0.06336258079033204
-0.4808311  0.48081060000000003  0.07174925996473548
-0.4808311  0.5611078  0.07991059183868371
-0.4808311  0.6415377999999999  0.0878628004026601
-0.4808311  0.721835  0.09557967888236286
-0.4808311  0.8021064  0.10307223247313543
-0.4808311  0.8824392  0.11034852459085912
-0.4808311  0.9628194  0.11740691237649886
-0.4808311  1.042182  0.12415795768788604
-0.4808311  1.122482  0.13076837047112916
-0.4808311  1.202826  0.13716062746003793
-0.4808311  1.283218  0.14333473112694
-0.4808311  1.363525  0.14928067711950957
-0.4808311  1.443879  0.1550084435881606
-0.4808311  1.524171  0.16051036062453936
-0.4808311  1.6045530000000001  0.16579675670411215
-0.4808311  1.68388  0.1707963228323118
-0.4808311  1.764172  0.17563673392526774
-0.4808311  1.844704  0.1802694202821377
-0.4808311  1.924924  0.18466377176878107
-0.4808311  2.005094  0.1888327254629335

-0.5611178  -0.5611178  -0.05263813673315909
-0.5611178  -0.4808311  -0.041858926722074974
-0.5611178  -0.4005277  -0.03128595506794985
-0.5611178  -0.3212371  -0.02104750655144176
-0.5611178  -0.24091759999999998  -0.010881138974573809
-0.5611178  -0.16063650000000002  -0.0009258121112705705
-0.5611178  -0.08037691  0.008820799426244115
-0.5611178  -3.054735e-5  0.018371559211729113
-0.5611178  0.08030756  0.027714823367875906
-0.5611178  0.1605981  0.03684618431373853
-0.5611178  0.24095840000000002  0.045778848966998326
-0.5611178  0.3211761  0.054489448205718424
-0.5611178  0.40048279999999997  0.06289855735701073
-0.5611178  0.48081060000000003  0.07121060038012689
-0.5611178  0.5611078  0.07931294156108828
-0.5611178  0.6415377999999999  0.0872216853614268
-0.5611178  0.721835  0.09491074016137682
-0.5611178  0.8021064  0.10239100075449342
-0.5611178  0.8824392  0.10967050171929672
-0.5611178  0.9628194  0.11674760715234053
-0.5611178  1.042182  0.12353232998017431
-0.5611178  1.122482  0.1301921669869334
-0.5611178  1.202826  0.13664930954727372
-0.5611178  1.283218  0.14290377474583507
-0.5611178  1.363525  0.1489454021328983
-0.5611178  1.443879  0.15478430635283694
-0.5611178  1.524171  0.16041265515380249
-0.5611178  1.6045530000000001  0.1658410188244668
-0.5611178  1.68388  0.17099578806495977
-0.5611178  1.764172  0.17600858475998282
-0.5611178  1.844704  0.1808295641705554
-0.5611178  1.924924  0.1854257444501175
-0.5611178  2.005094  0.18981395415042918

-0.641522  -0.641522  -0.06188031441587563
-0.641522  -0.5611178  -0.05115374974182867
-0.641522  -0.4808311  -0.04063688184295313
-0.641522  -0.4005277  -0.030308444604219987
-0.641522  -0.3212371  -0.020298388856415
-0.641522  -0.24091759999999998  -0.01034908725498977
-0.641522  -0.16063650000000002  -0.0005962905012049841
-0.641522  -0.08037691  0.008962218701932652
-0.641522  -3.054735e-5  0.01833903416424666
-0.641522  0.08030756  0.027522699588830142
-0.641522  0.1605981  0.03650882414772588
-0.641522  0.24095840000000002  0.04531035583820914
-0.641522  0.3211761  0.05390419555909526
-0.641522  0.40048279999999997  0.06221169952443446
-0.641522  0.48081060000000003  0.07043478180825764
-0.641522  0.5611078  0.0784621648773288
-0.641522  0.6415377999999999  0.08630976192074741
-0.641522  0.721835  0.0939516192318198
-0.641522  0.8021064  0.10139846643758033
-0.641522  0.8824392  0.10865825351330863
-0.641522  0.9628194  0.11572932297272914
-0.641522  1.042182  0.12252147448489523
-0.641522  1.122482  0.1292023265712579
-0.641522  1.202826  0.13569404972450683
-0.641522  1.283218  0.14199665687982171
-0.641522  1.363525  0.14809987517774317
-0.641522  1.443879  0.1540138926185918
-0.641522  1.524171  0.15973075764905917
-0.641522  1.6045530000000001  0.16526120576126258
-0.641522  1.68388  0.17052992434269934
-0.641522  1.764172  0.17567139233209506
-0.641522  1.844704  0.18063495618797282
-0.641522  1.924924  0.1853874800668236
-0.641522  2.005094  0.18994353487192708

-0.7218202  -0.7218202  -0.07044857956672489
-0.7218202  -0.641522  -0.05986610501813441
-0.7218202  -0.5611178  -0.04944647212146226
-0.7218202  -0.4808311  -0.039215589010051136
-0.7218202  -0.4005277  -0.0291570194666693
-0.7218202  -0.3212371  -0.019396549491857477
-0.7218202  -0.24091759999999998  -0.009682919954560772
-0.7218202  -0.16063650000000002  -0.00014848033283108614
-0.7218202  -0.08037691  0.009208888842961772
-0.7218202  -3.054735e-5  0.018401493873084044
-0.7218202  0.08030756  0.027418078785975037
-0.7218202  0.1605981  0.03625426981795962
-0.7218202  0.24095840000000002  0.044922753193433765
-0.7218202  0.3211761  0.05340070631297349
-0.7218202  0.40048279999999997  0.06161021186889817
-0.7218202  0.48081060000000003  0.06975077902901573
-0.7218202  0.5611078  0.07771246954183199
-0.7218202  0.6415377999999999  0.08551104492773065
-0.7218202  0.721835  0.09312066599163366
-0.7218202  0.8021064  0.10055192581146352
-0.7218202  0.8824392  0.10781272795975819
-0.7218202  0.9628194  0.11490141168476076
-0.7218202  1.042182  0.12172721173969317
-0.7218202  1.122482  0.12845852215120127
-0.7218202  1.202826  0.13501722871423733
-0.7218202  1.283218  0.14140335494493395
-0.7218202  1.363525  0.14760646127162153
-0.7218202  1.443879  0.1536368749787556
-0.7218202  1.524171  0.15948647227442914
-0.7218202  1.6045530000000001  0.1651662416571102
-0.7218202  1.68388  0.17059844613922576
-0.7218202  1.764172  0.1759217154233172
-0.7218202  1.844704  0.18108405753575335
-0.7218202  1.924924  0.1860501436583964
-0.7218202  2.005094  0.19083776710089412

-0.8020535  -0.8020535  -0.06723536000000009
-0.8020535  -0.7218202  -0.06046151981215649
-0.8020535  -0.641522  -0.05452000750664623
-0.8020535  -0.5611178  -0.04650354968549361
-0.8020535  -0.4808311  -0.04041601555467636
-0.8020535  -0.4005277  -0.03335237481516954
-0.8020535  -0.3212371  -0.02497814702600958
-0.8020535  -0.24091759999999998  -0.019314102244245294
-0.8020535  -0.16063650000000002  -0.0103507780493663
-0.8020535  -0.08037691  -0.0014754971928567376
-0.8020535  -3.054735e-5  0.005778722741189564
-0.8020535  0.08030756  0.02242922788631644
-0.8020535  0.1605981  0.04328980085648628
-0.8020535  0.24095840000000002  0.04995614099389108
-0.8020535  0.3211761  0.05943118486339593
-0.8020535  0.40048279999999997  0.06809589946022178
-0.8020535  0.48081060000000003  0.07265553828990773
-0.8020535  0.5611078  0.08137515963332813
-0.8020535  0.6415377999999999  0.08933493412360756
-0.8020535  0.721835  0.0931474861982296
-0.8020535  0.8021064  0.1025932767534717
-0.8020535  0.8824392  0.10807461744233798
-0.8020535  0.9628194  0.11360145787964762
-0.8020535  1.042182  0.12266882713412364
-0.8020535  1.122482  0.12801777838561643
-0.8020535  1.202826  0.13211470562766567
-0.8020535  1.283218  0.14186665487471378
-0.8020535  1.363525  0.14655653346416467
-0.8020535  1.443879  0.15006943862906458
-0.8020535  1.524171  0.1588411051235114
-0.8020535  1.6045530000000001  0.16426494472904396
-0.8020535  1.68388  0.1670504662693966
-0.8020535  1.764172  0.1752833297477605
-0.8020535  1.844704  0.18131022109992456
-0.8020535  1.924924  0.18471352867017293
-0.8020535  2.005094  0.19166369999999996

-0.8821235000000001  -0.8821235000000001  -0.07473959000000001
-0.8821235000000001  -0.8020535  -0.06881566796065203
-0.8821235000000001  -0.7218202  -0.06110873101241433
-0.8821235000000001  -0.641522  -0.055364441982212256
-0.8821235000000001  -0.5611178  -0.04760503952138008
-0.8821235000000001  -0.4808311  -0.040899265677823635
-0.8821235000000001  -0.4005277  -0.0339338484008383
-0.8821235000000001  -0.3212371  -0.025823176257946515
-0.8821235000000001  -0.24091759999999998  -0.019571993660529047
-0.8821235000000001  -0.16063650000000002  -0.011201923835750624
-0.8821235000000001  -0.08037691  -0.0015300129185178719
-0.8821235000000001  -3.054735e-5  0.004926007803836783
-0.8821235000000001  0.08030756  0.02351063539825467
-0.8821235000000001  0.1605981  0.04366255719935329
-0.8821235000000001  0.24095840000000002  0.049346819469872606
-0.8821235000000001  0.3211761  0.059374784470191906
-0.8821235000000001  0.40048279999999997  0.06765033373887641
-0.8821235000000001  0.48081060000000003  0.07280992854356345
-0.8821235000000001  0.5611078  0.08054383918901531
-0.8821235000000001  0.6415377999999999  0.08878491009251838
-0.8821235000000001  0.721835  0.09389945313182893
-0.8821235000000001  0.8021064  0.10151333950592972
-0.8821235000000001  0.8824392  0.10894586283586565
-0.8821235000000001  0.9628194  0.11264706788782945
-0.8821235000000001  1.042182  0.12149364211563088
-0.8821235000000001  1.122482  0.12810019806320222
-0.8821235000000001  1.202826  0.13189957336989938
-0.8821235000000001  1.283218  0.14037126828502045
-0.8821235000000001  1.363525  0.1465012953053551
-0.8821235000000001  1.443879  0.1499793267643406
-0.8821235000000001  1.524171  0.1586542607274295
-0.8821235000000001  1.6045530000000001  0.16445878636084446
-0.8821235000000001  1.68388  0.16793571031770677
-0.8821235000000001  1.764172  0.17500840527903314
-0.8821235000000001  1.844704  0.1812232137816239
-0.8821235000000001  1.924924  0.18396142904152984
-0.8821235000000001  2.005094  0.19112699999999988

-0.9626577  -0.9626577  -0.08234942999999989
-0.9626577  -0.8821235000000001  -0.07588419841752886
-0.9626577  -0.8020535  -0.06862963884327299
-0.9626577  -0.7218202  -0.06282916521779527
-0.9626577  -0.641522  -0.05492590486765635
-0.9626577  -0.5611178  -0.04841580223782295
-0.9626577  -0.4808311  -0.041625475365821424
-0.9626577  -0.4005277  -0.03355283946692006
-0.9626577  -0.3212371  -0.027377103766825346
-0.9626577  -0.24091759999999998  -0.020077869759609367
-0.9626577  -0.16063650000000002  -0.010272933564716782
-0.9626577  -0.08037691  -0.004665304221561019
-0.9626577  -3.054735e-5  0.006441592626060544
-0.9626577  0.08030756  0.021856631164307104
-0.9626577  0.1605981  0.039756234959742925
-0.9626577  0.24095840000000002  0.05033850701739731
-0.9626577  0.3211761  0.06026397535823956
-0.9626577  0.40048279999999997  0.0650952264861963
-0.9626577  0.48081060000000003  0.0724136882259827
-0.9626577  0.5611078  0.08186198059341002
-0.9626577  0.6415377999999999  0.08597822845628983
-0.9626577  0.721835  0.09439083428443552
-0.9626577  0.8021064  0.10197286811823493
-0.9626577  0.8824392  0.10642700599805141
-0.9626577  0.9628194  0.11359633395187473
-0.9626577  1.042182  0.1222403660049737
-0.9626577  1.122482  0.12578079768944758
-0.9626577  1.202826  0.13350185121935393
-0.9626577  1.283218  0.1410007749184592
-0.9626577  1.363525  0.14363570614405596
-0.9626577  1.443879  0.15170528533202005
-0.9626577  1.524171  0.15901982195273034
-0.9626577  1.6045530000000001  0.1615065828549264
-0.9626577  1.68388  0.16897160473245387
-0.9626577  1.764172  0.17637706808393833
-0.9626577  1.844704  0.17855826506715292
-0.9626577  1.924924  0.18438465915198687
-0.9626577  2.005094  0.19103670000000011

-1.0420340000000001  -1.0420340000000001  -0.0893400699999997
-1.0420340000000001  -0.9626577  -0.08286128606903173
-1.0420340000000001  -0.8821235000000001  -0.07649247473068896
-1.0420340000000001  -0.8020535  -0.06993519678817066
-1.0420340000000001  -0.7218202  -0.06298507602806372
-1.0420340000000001  -0.641522  -0.05684330671367429
-1.0420340000000001  -0.5611178  -0.048698942092899336
-1.0420340000000001  -0.4808311  -0.04170522161339911
-1.0420340000000001  -0.4005277  -0.03579491736034498
-1.0420340000000001  -0.3212371  -0.02705206392357418
-1.0420340000000001  -0.24091759999999998  -0.019661697271005727
-1.0420340000000001  -0.16063650000000002  -0.013402942199755897
-1.0420340000000001  -0.08037691  -0.0026288966027225966
-1.0420340000000001  -3.054735e-5  0.006286805588763758
-1.0420340000000001  0.08030756  0.02067396060677482
-1.0420340000000001  0.1605981  0.042493711902436615
-1.0420340000000001  0.24095840000000002  0.051649980038084374
-1.0420340000000001  0.3211761  0.05660905878529296
-1.0420340000000001  0.40048279999999997  0.06512616079571334
-1.0420340000000001  0.48081060000000003  0.07442175033104054
-1.0420340000000001  0.5611078  0.07940059088037593
-1.0420340000000001  0.6415377999999999  0.08642990904242832
-1.0420340000000001  0.721835  0.09585537931103849
-1.0420340000000001  0.8021064  0.10014666827454133
-1.0420340000000001  0.8824392  0.10676138754016394
-1.0420340000000001  0.9628194  0.11565725834782817
-1.0420340000000001  1.042182  0.11960817672490026
-1.0420340000000001  1.122482  0.12514924405203096
-1.0420340000000001  1.202826  0.1350347456451967
-1.0420340000000001  1.283218  0.13881137646559802
-1.0420340000000001  1.363525  0.14391670315967556
-1.0420340000000001  1.443879  0.1523476665425549
-1.0420340000000001  1.524171  0.15735956677458351
-1.0420340000000001  1.6045530000000001  0.162490302727607
-1.0420340000000001  1.68388  0.16895074317506892
-1.0420340000000001  1.764172  0.1749071599589931
-1.0420340000000001  1.844704  0.17871025655599737
-1.0420340000000001  1.924924  0.1861119323789159
-1.0420340000000001  2.005094  0.19106380000000006

-1.1222370000000002  -1.1222370000000002  -0.09716617000000002
-1.1222370000000002  -1.0420340000000001  -0.09049761854050944
-1.1222370000000002  -0.9626577  -0.08384735999326534
-1.1222370000000002  -0.8821235000000001  -0.07741029205762509
-1.1222370000000002  -0.8020535  -0.07097444398790954
-1.1222370000000002  -0.7218202  -0.06419630593202105
-1.1222370000000002  -0.641522  -0.056364103137898205
-1.1222370000000002  -0.5611178  -0.05009512147343148
-1.1222370000000002  -0.4808311  -0.04358171823332852
-1.1222370000000002  -0.4005277  -0.03424085041984423
-1.1222370000000002  -0.3212371  -0.02852846657520526
-1.1222370000000002  -0.24091759999999998  -0.021581091392518265
-1.1222370000000002  -0.16063650000000002  -0.011501125434255379
-1.1222370000000002  -0.08037691  -0.004076207617514229
-1.1222370000000002  -3.054735e-5  0.0039693188091340205
-1.1222370000000002  0.08030756  0.020695782642410253
-1.1222370000000002  0.1605981  0.04181235149100209
-1.1222370000000002  0.24095840000000002  0.048391947770730796
-1.1222370000000002  0.3211761  0.05749849436504988
-1.1222370000000002  0.40048279999999997  0.06746581151751682
-1.1222370000000002  0.48081060000000003  0.07228024727989724
-1.1222370000000002  0.5611078  0.07850453321891948
-1.1222370000000002  0.6415377999999999  0.08867206979707161
-1.1222370000000002  0.721835  0.09424311027323634
-1.1222370000000002  0.8021064  0.09968260503542212
-1.1222370000000002  0.8824392  0.10785571297680314
-1.1222370000000002  0.9628194  0.11430131674886773
-1.1222370000000002  1.042182  0.1190331362695798
-1.1222370000000002  1.122482  0.12737225279903122
-1.1222370000000002  1.202826  0.13450861482923698
-1.1222370000000002  1.283218  0.1372903556015778
-1.1222370000000002  1.363525  0.14574121048781657
-1.1222370000000002  1.443879  0.1527768938983374
-1.1222370000000002  1.524171  0.1557816686141092
-1.1222370000000002  1.6045530000000001  0.16225831220960166
-1.1222370000000002  1.68388  0.17046278888381247
-1.1222370000000002  1.764172  0.1745660428857196
-1.1222370000000002  1.844704  0.17791142897067144
-1.1222370000000002  1.924924  0.18665235226950222
-1.1222370000000002  2.005094  0.18989439999999996

-1.202593  -1.202593  -0.10448389999999969
-1.202593  -1.1222370000000002  -0.09830759770768116
-1.202593  -1.0420340000000001  -0.09163047348609515
-1.202593  -0.9626577  -0.08496316419724816
-1.202593  -0.8821235000000001  -0.07825188323013076
-1.202593  -0.8020535  -0.07131414135560987
-1.202593  -0.7218202  -0.06474631833596148
-1.202593  -0.641522  -0.057529392904818275
-1.202593  -0.5611178  -0.04977371367895856
-1.202593  -0.4808311  -0.043912675962019525
-1.202593  -0.4005277  -0.03649683544597967
-1.202593  -0.3212371  -0.027398181645187057
-1.202593  -0.24091759999999998  -0.0214320933684459
-1.202593  -0.16063650000000002  -0.013958398584052727
-1.202593  -0.08037691  -0.0029725679451948405
-1.202593  -3.054735e-5  0.003669545320883103
-1.202593  0.08030756  0.019727876763281894
-1.202593  0.1605981  0.042962216109238976
-1.202593  0.24095840000000002  0.05017842516440167
-1.202593  0.3211761  0.05574646505109189
-1.202593  0.40048279999999997  0.06458751781208029
-1.202593  0.48081060000000003  0.07350260710776639
-1.202593  0.5611078  0.07843579588017294
-1.202593  0.6415377999999999  0.08631544326621698
-1.202593  0.721835  0.09494997447969634
-1.202593  0.8021064  0.09908195282674129
-1.202593  0.8824392  0.10610860972036962
-1.202593  0.9628194  0.11518779177702806
-1.202593  1.042182  0.11961137823379092
-1.202593  1.122482  0.12410042820242007
-1.202593  1.202826  0.13441726706631835
-1.202593  1.283218  0.1402552596580538
-1.202593  1.363525  0.1433962154273738
-1.202593  1.443879  0.15128597660913332
-1.202593  1.524171  0.15890484903524132
-1.202593  1.6045530000000001  0.161648855226838
-1.202593  1.68388  0.1677500757251895
-1.202593  1.764172  0.17613791407319088
-1.202593  1.844704  0.17827885941028593
-1.202593  1.924924  0.1837277659977536
-1.202593  2.005094  0.19077209999999992

-1.282939  -1.282939  -0.11153200000000027
-1.282939  -1.202593  -0.10544234093417437
-1.282939  -1.1222370000000002  -0.0996148489213405
-1.282939  -1.0420340000000001  -0.09227485882044645
-1.282939  -0.9626577  -0.0863612114634179
-1.282939  -0.8821235000000001  -0.07937223048905728
-1.282939  -0.8020535  -0.0717773876139169
-1.282939  -0.7218202  -0.0665146736559264
-1.282939  -0.641522  -0.058074493284984756
-1.282939  -0.5611178  -0.05076486681593393
-1.282939  -0.4808311  -0.045110513825421056
-1.282939  -0.4005277  -0.0364046760585099
-1.282939  -0.3212371  -0.027811123938325293
-1.282939  -0.24091759999999998  -0.02261314301502207
-1.282939  -0.16063650000000002  -0.014459373652468532
-1.282939  -0.08037691  -0.003471683416048672
-1.282939  -3.054735e-5  0.004737505703154924
-1.282939  0.08030756  0.017806205894683923
-1.282939  0.1605981  0.04074479657535324
-1.282939  0.24095840000000002  0.050928635053531804
-1.282939  0.3211761  0.05596448620471904
-1.282939  0.40048279999999997  0.0634934361509068
-1.282939  0.48081060000000003  0.07377745920311467
-1.282939  0.5611078  0.07887744121520951
-1.282939  0.6415377999999999  0.08473708428335501
-1.282939  0.721835  0.09477058274004205
-1.282939  0.8021064  0.09956867643251074
-1.282939  0.8824392  0.10501812868940869
-1.282939  0.9628194  0.11468412597286662
-1.282939  1.042182  0.12036135966514318
-1.282939  1.122482  0.12440406073724286
-1.282939  1.202826  0.13296343557420293
-1.282939  1.283218  0.14004496590752286
-1.282939  1.363525  0.14359486721137654
-1.282939  1.443879  0.150200392558365
-1.282939  1.524171  0.158480055028391
-1.282939  1.6045530000000001  0.16256849732966616
-1.282939  1.68388  0.1665845088721899
-1.282939  1.764172  0.17514180329971837
-1.282939  1.844704  0.18122832522846485
-1.282939  1.924924  0.18368167387916787
-1.282939  2.005094  0.19108319999999995

-1.36323  -1.36323  -0.11909819999999989
-1.36323  -1.282939  -0.11333699665918881
-1.36323  -1.202593  -0.10705022138995643
-1.36323  -1.1222370000000002  -0.09996808487069186
-1.36323  -1.0420340000000001  -0.09423093405599445
-1.36323  -0.9626577  -0.08695243683660074
-1.36323  -0.8821235000000001  -0.07979593740273438
-1.36323  -0.8020535  -0.07343078452595683
-1.36323  -0.7218202  -0.06614360021706121
-1.36323  -0.641522  -0.05850232906230815
-1.36323  -0.5611178  -0.0521943535747331
-1.36323  -0.4808311  -0.04446498990248618
-1.36323  -0.4005277  -0.036028125620634156
-1.36323  -0.3212371  -0.031093282445336733
-1.36323  -0.24091759999999998  -0.022211878589649243
-1.36323  -0.16063650000000002  -0.012573463818115247
-1.36323  -0.08037691  -0.006021000712971302
-1.36323  -3.054735e-5  0.002620067620766356
-1.36323  0.08030756  0.02152634667804086
-1.36323  0.1605981  0.0410019560713979
-1.36323  0.24095840000000002  0.04747091164514397
-1.36323  0.3211761  0.05555176980605713
-1.36323  0.40048279999999997  0.06548126106973327
-1.36323  0.48081060000000003  0.07233212711056963
-1.36323  0.5611078  0.07683883293190787
-1.36323  0.6415377999999999  0.08657990023888724
-1.36323  0.721835  0.0944308027105632
-1.36323  0.8021064  0.09814499239399596
-1.36323  0.8824392  0.10629315767800115
-1.36323  0.9628194  0.11436753823515879
-1.36323  1.042182  0.11859316547878249
-1.36323  1.122482  0.12444509025947852
-1.36323  1.202826  0.13396533996070842
-1.36323  1.283218  0.13840445737664578
-1.36323  1.363525  0.14235030447580355
-1.36323  1.443879  0.15107088095618426
-1.36323  1.524171  0.15839849982673473
-1.36323  1.6045530000000001  0.16166275673258337
-1.36323  1.68388  0.1672886170644243
-1.36323  1.764172  0.1754672458142578
-1.36323  1.844704  0.17975963499330627
-1.36323  1.924924  0.18281699351814892
-1.36323  2.005094  0.19003330000000007

-1.4435429999999998  -1.4435429999999998  -0.12681870000000026
-1.4435429999999998  -1.36323  -0.12039569861314446
-1.4435429999999998  -1.282939  -0.11465550164726827
-1.4435429999999998  -1.202593  -0.10777451352794964
-1.4435429999999998  -1.1222370000000002  -0.10094720415996401
-1.4435429999999998  -1.0420340000000001  -0.09478568201460694
-1.4435429999999998  -0.9626577  -0.08812092106117053
-1.4435429999999998  -0.8821235000000001  -0.08012202491735906
-1.4435429999999998  -0.8020535  -0.07449022104438768
-1.4435429999999998  -0.7218202  -0.0674178509410146
-1.4435429999999998  -0.641522  -0.05889950404944799
-1.4435429999999998  -0.5611178  -0.05302385203514965
-1.4435429999999998  -0.4808311  -0.0456355116293135
-1.4435429999999998  -0.4005277  -0.0369755519199642
-1.4435429999999998  -0.3212371  -0.029394878378114747
-1.4435429999999998  -0.24091759999999998  -0.024264176466531482
-1.4435429999999998  -0.16063650000000002  -0.014781609600705558
-1.4435429999999998  -0.08037691  -0.004829864488742563
-1.4435429999999998  -3.054735e-5  0.002499668009562526
-1.4435429999999998  0.08030756  0.01713876764368582
-1.4435429999999998  0.1605981  0.04062167735315689
-1.4435429999999998  0.24095840000000002  0.04827847527364585
-1.4435429999999998  0.3211761  0.054472408786796885
-1.4435429999999998  0.40048279999999997  0.06393714527887653
-1.4435429999999998  0.48081060000000003  0.07247262008242253
-1.4435429999999998  0.5611078  0.07754048635066473
-1.4435429999999998  0.6415377999999999  0.08488663920618267
-1.4435429999999998  0.721835  0.09358728426154124
-1.4435429999999998  0.8021064  0.1000820581281533
-1.4435429999999998  0.8824392  0.10448346940488396
-1.4435429999999998  0.9628194  0.11333123601208549
-1.4435429999999998  1.042182  0.12078486953757106
-1.4435429999999998  1.122482  0.12457014521131976
-1.4435429999999998  1.202826  0.13060204223212282
-1.4435429999999998  1.283218  0.13978370272761925
-1.4435429999999998  1.363525  0.144560031691702
-1.4435429999999998  1.443879  0.14842122800794746
-1.4435429999999998  1.524171  0.15602462837841224
-1.4435429999999998  1.6045530000000001  0.1639368465798224
-1.4435429999999998  1.68388  0.1663436003482447
-1.4435429999999998  1.764172  0.17251115837580083
-1.4435429999999998  1.844704  0.18021480261280423
-1.4435429999999998  1.924924  0.1855873825443644
-1.4435429999999998  2.005094  0.1908591

-1.523775  -1.523775  -0.13428490000000035
-1.523775  -1.4435429999999998  -0.12847977625843343
-1.523775  -1.36323  -0.1221056663564463
-1.523775  -1.282939  -0.11545553566590099
-1.523775  -1.202593  -0.10925899076899323
-1.523775  -1.1222370000000002  -0.10252435400819898
-1.523775  -1.0420340000000001  -0.09570427691189358
-1.523775  -0.9626577  -0.08907050558499362
-1.523775  -0.8821235000000001  -0.08136471771128666
-1.523775  -0.8020535  -0.07463710741949497
-1.523775  -0.7218202  -0.06834729496389148
-1.523775  -0.641522  -0.06121713415727831
-1.523775  -0.5611178  -0.0528162008546165
-1.523775  -0.4808311  -0.04673971391467029
-1.523775  -0.4005277  -0.039425718380322314
-1.523775  -0.3212371  -0.029185994566428827
-1.523775  -0.24091759999999998  -0.023004830392296935
-1.523775  -0.16063650000000002  -0.016855808776699423
-1.523775  -0.08037691  -0.00612600147686903
-1.523775  -3.054735e-5  0.004109888675731791
-1.523775  0.08030756  0.017688362716944663
-1.523775  0.1605981  0.03829292608414433
-1.523775  0.24095840000000002  0.04913362866034299
-1.523775  0.3211761  0.05740351000299168
-1.523775  0.40048279999999997  0.06233223312799266
-1.523775  0.48081060000000003  0.07012477682129815
-1.523775  0.5611078  0.0793455465917042
-1.523775  0.6415377999999999  0.08534583896218591
-1.523775  0.721835  0.09029694614411032
-1.523775  0.8021064  0.09958944330745693
-1.523775  0.8824392  0.10763666536106897
-1.523775  0.9628194  0.11172404889429934
-1.523775  1.042182  0.11759903772293939
-1.523775  1.122482  0.1271918512413476
-1.523775  1.202826  0.1315065448415128
-1.523775  1.283218  0.13602888493365944
-1.523775  1.363525  0.14475390813251204
-1.523775  1.443879  0.15227368630474508
-1.523775  1.524171  0.15604316539952914
-1.523775  1.6045530000000001  0.16133426107005872
-1.523775  1.68388  0.16895963466578162
-1.523775  1.764172  0.1743065526421316
-1.523775  1.844704  0.17818123308250983
-1.523775  1.924924  0.1831062665636824
-1.523775  2.005094  0.1899957

-1.6040969999999999  -1.6040969999999999  -0.14178450000000023
-1.6040969999999999  -1.523775  -0.1363787937982186
-1.6040969999999999  -1.4435429999999998  -0.12975518941419306
-1.6040969999999999  -1.36323  -0.12358878523747216
-1.6040969999999999  -1.282939  -0.11726400067818116
-1.6040969999999999  -1.202593  -0.1105310199685129
-1.6040969999999999  -1.1222370000000002  -0.10315827865826487
-1.6040969999999999  -1.0420340000000001  -0.09702682857863512
-1.6040969999999999  -0.9626577  -0.09062712687461605
-1.6040969999999999  -0.8821235000000001  -0.08270616570140978
-1.6040969999999999  -0.8020535  -0.07580422449081889
-1.6040969999999999  -0.7218202  -0.06951427234024998
-1.6040969999999999  -0.641522  -0.06138066705169954
-1.6040969999999999  -0.5611178  -0.053297578202080254
-1.6040969999999999  -0.4808311  -0.048109858574341614
-1.6040969999999999  -0.4005277  -0.0402480212720191
-1.6040969999999999  -0.3212371  -0.03071952540826995
-1.6040969999999999  -0.24091759999999998  -0.024179731026711435
-1.6040969999999999  -0.16063650000000002  -0.01774920951690552
-1.6040969999999999  -0.08037691  -0.007006981714658862
-1.6040969999999999  -3.054735e-5  0.003926394832448658
-1.6040969999999999  0.08030756  0.0158204261275412
-1.6040969999999999  0.1605981  0.036892505721711065
-1.6040969999999999  0.24095840000000002  0.04826221287299996
-1.6040969999999999  0.3211761  0.056577456837784076
-1.6040969999999999  0.40048279999999997  0.062401884292368696
-1.6040969999999999  0.48081060000000003  0.068603927001777
-1.6040969999999999  0.5611078  0.07889875083817963
-1.6040969999999999  0.6415377999999999  0.08488070105662324
-1.6040969999999999  0.721835  0.09023972075029668
-1.6040969999999999  0.8021064  0.09806169733961222
-1.6040969999999999  0.8824392  0.10740063289063198
-1.6040969999999999  0.9628194  0.11217915848285992
-1.6040969999999999  1.042182  0.11656776794588766
-1.6040969999999999  1.122482  0.1253606636496013
-1.6040969999999999  1.202826  0.13322913795173774
-1.6040969999999999  1.283218  0.13700034266461275
-1.6040969999999999  1.363525  0.14215539792802206
-1.6040969999999999  1.443879  0.15145827389282832
-1.6040969999999999  1.524171  0.1562240032784622
-1.6040969999999999  1.6045530000000001  0.15972058219389543
-1.6040969999999999  1.68388  0.16698815326718622
-1.6040969999999999  1.764172  0.17357638372575987
-1.6040969999999999  1.844704  0.17979383915483121
-1.6040969999999999  1.924924  0.18269342716273623
-1.6040969999999999  2.005094  0.1897782999999999

-1.683384  -1.683384  -0.14892589999999994
-1.683384  -1.6040969999999999  -0.14330175012240565
-1.683384  -1.523775  -0.13705263504865728
-1.683384  -1.4435429999999998  -0.130962602765455
-1.683384  -1.36323  -0.1248620394642265
-1.683384  -1.282939  -0.11821396658147965
-1.683384  -1.202593  -0.11115277015308049
-1.683384  -1.1222370000000002  -0.10452650093723967
-1.683384  -1.0420340000000001  -0.09880592600159127
-1.683384  -0.9626577  -0.0913777176877834
-1.683384  -0.8821235000000001  -0.08363496155496233
-1.683384  -0.8020535  -0.07777468394696574
-1.683384  -0.7218202  -0.07071829605408739
-1.683384  -0.641522  -0.06195692525803556
-1.683384  -0.5611178  -0.05498658786600332
-1.683384  -0.4808311  -0.04928421733354378
-1.683384  -0.4005277  -0.03967340391773182
-1.683384  -0.3212371  -0.03129661552073883
-1.683384  -0.24091759999999998  -0.026148869273933006
-1.683384  -0.16063650000000002  -0.018121768175599504
-1.683384  -0.08037691  -0.0070138391517198286
-1.683384  -3.054735e-5  0.002047163530227192
-1.683384  0.08030756  0.01588441290025261
-1.683384  0.1605981  0.036881447602633205
-1.683384  0.24095840000000002  0.04815993636010326
-1.683384  0.3211761  0.0565674642145868
-1.683384  0.40048279999999997  0.06108677018621231
-1.683384  0.48081060000000003  0.06921872894974097
-1.683384  0.5611078  0.07896692514169526
-1.683384  0.6415377999999999  0.08416856996145508
-1.683384  0.721835  0.08932966646709305
-1.683384  0.8021064  0.09841055768251399
-1.683384  0.8824392  0.10643251861347018
-1.683384  0.9628194  0.11053955033820503
-1.683384  1.042182  0.11661402555618515
-1.683384  1.122482  0.12551213039415568
-1.683384  1.202826  0.13234932111809844
-1.683384  1.283218  0.13555143134589814
-1.683384  1.363525  0.14154531201993759
-1.683384  1.443879  0.15074838507330945
-1.683384  1.524171  0.1570350153155704
-1.683384  1.6045530000000001  0.1605346544752263
-1.683384  1.68388  0.16629371155373956
-1.683384  1.764172  0.17405908702785505
-1.683384  1.844704  0.17964697764152252
-1.683384  1.924924  0.18334939371730496
-1.683384  2.005094  0.18940879999999996

-1.763663  -1.763663  -0.1565991000000006
-1.763663  -1.683384  -0.15084921921737812
-1.763663  -1.6040969999999999  -0.14484303578561727
-1.763663  -1.523775  -0.13900768183687123
-1.763663  -1.4435429999999998  -0.1328135230069809
-1.763663  -1.36323  -0.1262580610365503
-1.763663  -1.282939  -0.1197595796935595
-1.763663  -1.202593  -0.11322754463374302
-1.763663  -1.1222370000000002  -0.10569109305386812
-1.763663  -1.0420340000000001  -0.09924453269045674
-1.763663  -0.9626577  -0.09358937206057383
-1.763663  -0.8821235000000001  -0.08513096276802075
-1.763663  -0.8020535  -0.07781880242113358
-1.763663  -0.7218202  -0.07212080493522521
-1.763663  -0.641522  -0.0645578033958856
-1.763663  -0.5611178  -0.0554792488261491
-1.763663  -0.4808311  -0.04858263695440881
-1.763663  -0.4005277  -0.04306326928308089
-1.763663  -0.3212371  -0.03434338125796757
-1.763663  -0.24091759999999998  -0.024448676796881775
-1.763663  -0.16063650000000002  -0.018257449361532146
-1.763663  -0.08037691  -0.011311659300462067
-1.763663  -3.054735e-5  0.0013849493583653427
-1.763663  0.08030756  0.01718489584498786
-1.763663  0.1605981  0.03582937488523983
-1.763663  0.24095840000000002  0.044054712897600684
-1.763663  0.3211761  0.05421382683421646
-1.763663  0.40048279999999997  0.06311374970313331
-1.763663  0.48081060000000003  0.06871263876689779
-1.763663  0.5611078  0.07483524692627476
-1.763663  0.6415377999999999  0.08499688733404002
-1.763663  0.721835  0.09194334211580647
-1.763663  0.8021064  0.09536894739150509
-1.763663  0.8824392  0.10418869260011275
-1.763663  0.9628194  0.11200911441250294
-1.763663  1.042182  0.11701300791120117
-1.763663  1.122482  0.12243249224244943
-1.763663  1.202826  0.13132629352781583
-1.763663  1.283218  0.1380174965368332
-1.763663  1.363525  0.14207720698739162
-1.763663  1.443879  0.14778750321389944
-1.763663  1.524171  0.15633404764383663
-1.763663  1.6045530000000001  0.16326603209494175
-1.763663  1.68388  0.1655911054350492
-1.763663  1.764172  0.1717361400104206
-1.763663  1.844704  0.17941613322117092
-1.763663  1.924924  0.18499829524673386
-1.763663  2.005094  0.18941480000000002

-1.8440429999999999  -1.8440429999999999  -0.16373819999999953
-1.8440429999999999  -1.763663  -0.15851535058294974
-1.8440429999999999  -1.683384  -0.152709538878356
-1.8440429999999999  -1.6040969999999999  -0.14690242933007408
-1.8440429999999999  -1.523775  -0.140959128659354
-1.8440429999999999  -1.4435429999999998  -0.13429676598800558
-1.8440429999999999  -1.36323  -0.12765180745129093
-1.8440429999999999  -1.282939  -0.12161182343388438
-1.8440429999999999  -1.202593  -0.1146227916322135
-1.8440429999999999  -1.1222370000000002  -0.1077015698392266
-1.8440429999999999  -1.0420340000000001  -0.10186601145580951
-1.8440429999999999  -0.9626577  -0.09464934856488808
-1.8440429999999999  -0.8821235000000001  -0.08679800687168474
-1.8440429999999999  -0.8020535  -0.07994591336475845
-1.8440429999999999  -0.7218202  -0.07402557354869035
-1.8440429999999999  -0.641522  -0.06576324597983596
-1.8440429999999999  -0.5611178  -0.05733176785761704
-1.8440429999999999  -0.4808311  -0.05126890493346472
-1.8440429999999999  -0.4005277  -0.043794771051097664
-1.8440429999999999  -0.3212371  -0.03420088804732209
-1.8440429999999999  -0.24091759999999998  -0.026482260387634626
-1.8440429999999999  -0.16063650000000002  -0.02071547845963277
-1.8440429999999999  -0.08037691  -0.01093204413956936
-1.8440429999999999  -3.054735e-5  0.0004745736556095187
-1.8440429999999999  0.08030756  0.01573446442810674
-1.8440429999999999  0.1605981  0.03361741440132624
-1.8440429999999999  0.24095840000000002  0.04300725020022088
-1.8440429999999999  0.3211761  0.053741005244802714
-1.8440429999999999  0.40048279999999997  0.061902215768080346
-1.8440429999999999  0.48081060000000003  0.06688988374911928
-1.8440429999999999  0.5611078  0.07495737256381696
-1.8440429999999999  0.6415377999999999  0.08388217608233982
-1.8440429999999999  0.721835  0.08896127203016706
-1.8440429999999999  0.8021064  0.09531675285731701
-1.8440429999999999  0.8824392  0.10512448669071998
-1.8440429999999999  0.9628194  0.11089820655231218
-1.8440429999999999  1.042182  0.11634105857734306
-1.8440429999999999  1.122482  0.12151470113396841
-1.8440429999999999  1.202826  0.13109759174870195
-1.8440429999999999  1.283218  0.13851048124709064
-1.8440429999999999  1.363525  0.14162437739262212
-1.8440429999999999  1.443879  0.14735705684175496
-1.8440429999999999  1.524171  0.15580718910352234
-1.8440429999999999  1.6045530000000001  0.16272887494662136
-1.8440429999999999  1.68388  0.16535321214015195
-1.8440429999999999  1.764172  0.1711900471963315
-1.8440429999999999  1.844704  0.1795637325224033
-1.8440429999999999  1.924924  0.18597144131718582
-1.8440429999999999  2.005094  0.18890559999999978

-1.9243540000000001  -1.9243540000000001  -0.17108840000000103
-1.9243540000000001  -1.8440429999999999  -0.16579374731551927
-1.9243540000000001  -1.763663  -0.16054438350785644
-1.9243540000000001  -1.683384  -0.15451148528603398
-1.9243540000000001  -1.6040969999999999  -0.14874197489711372
-1.9243540000000001  -1.523775  -0.14257491464187327
-1.9243540000000001  -1.4435429999999998  -0.13612856099682796
-1.9243540000000001  -1.36323  -0.1299534158860565
-1.9243540000000001  -1.282939  -0.12400051804860304
-1.9243540000000001  -1.202593  -0.11587075536176172
-1.9243540000000001  -1.1222370000000002  -0.11008988036855148
-1.9243540000000001  -1.0420340000000001  -0.1042307161790572
-1.9243540000000001  -0.9626577  -0.09613175369174676
-1.9243540000000001  -0.8821235000000001  -0.0883590674704901
-1.9243540000000001  -0.8020535  -0.08249298570837571
-1.9243540000000001  -0.7218202  -0.0758117919799056
-1.9243540000000001  -0.641522  -0.06625052142858637
-1.9243540000000001  -0.5611178  -0.060054231047713694
-1.9243540000000001  -0.4808311  -0.05370661568459599
-1.9243540000000001  -0.4005277  -0.04482708868611279
-1.9243540000000001  -0.3212371  -0.03559063411676372
-1.9243540000000001  -0.24091759999999998  -0.02972338862064257
-1.9243540000000001  -0.16063650000000002  -0.022841909113029833
-1.9243540000000001  -0.08037691  -0.011515014440080892
-1.9243540000000001  -3.054735e-5  -0.000743927435705075
-1.9243540000000001  0.08030756  0.011611882368571202
-1.9243540000000001  0.1605981  0.03235230089268382
-1.9243540000000001  0.24095840000000002  0.044036300393256865
-1.9243540000000001  0.3211761  0.05323556153557195
-1.9243540000000001  0.40048279999999997  0.05851226855873242
-1.9243540000000001  0.48081060000000003  0.06567945430032583
-1.9243540000000001  0.5611078  0.07612242085383901
-1.9243540000000001  0.6415377999999999  0.08147148154517223
-1.9243540000000001  0.721835  0.08641397378853402
-1.9243540000000001  0.8021064  0.09633574028866207
-1.9243540000000001  0.8824392  0.10454727970917196
-1.9243540000000001  0.9628194  0.10853264889606133
-1.9243540000000001  1.042182  0.11533071281972297
-1.9243540000000001  1.122482  0.12369495522823032
-1.9243540000000001  1.202826  0.1311804366962319
-1.9243540000000001  1.283218  0.13355532278513932
-1.9243540000000001  1.363525  0.14106430653810803
-1.9243540000000001  1.443879  0.1494038099231698
-1.9243540000000001  1.524171  0.15520155779977285
-1.9243540000000001  1.6045530000000001  0.15876713433175033
-1.9243540000000001  1.68388  0.16574182907618862
-1.9243540000000001  1.764172  0.17446544913139025
-1.9243540000000001  1.844704  0.178705529797272
-1.9243540000000001  1.924924  0.18240986192509007
-1.9243540000000001  2.005094  0.18861590000000003

-2.0046939999999998  -2.0046939999999998  -0.1784717000000004
-2.0046939999999998  -1.9243540000000001  -0.17365530934949122
-2.0046939999999998  -1.8440429999999999  -0.16719602091051605
-2.0046939999999998  -1.763663  -0.16245070833594843
-2.0046939999999998  -1.683384  -0.15621286254170802
-2.0046939999999998  -1.6040969999999999  -0.15076283371824298
-2.0046939999999998  -1.523775  -0.1451134737539339
-2.0046939999999998  -1.4435429999999998  -0.13798893465853293
-2.0046939999999998  -1.36323  -0.13225020697973974
-2.0046939999999998  -1.282939  -0.12596238647283198
-2.0046939999999998  -1.202593  -0.11816592953363461
-2.0046939999999998  -1.1222370000000002  -0.11222837137948184
-2.0046939999999998  -1.0420340000000001  -0.10671552056138767
-2.0046939999999998  -0.9626577  -0.09786973916045269
-2.0046939999999998  -0.8821235000000001  -0.09083944811945992
-2.0046939999999998  -0.8020535  -0.08487654717698528
-2.0046939999999998  -0.7218202  -0.07802239110123402
-2.0046939999999998  -0.641522  -0.06860754604696567
-2.0046939999999998  -0.5611178  -0.06262528621086993
-2.0046939999999998  -0.4808311  -0.05613276327895295
-2.0046939999999998  -0.4005277  -0.04707539148805119
-2.0046939999999998  -0.3212371  -0.037924834693989405
-2.0046939999999998  -0.24091759999999998  -0.03200480464971277
-2.0046939999999998  -0.16063650000000002  -0.024484378782433886
-2.0046939999999998  -0.08037691  -0.01398001185324644
-2.0046939999999998  -3.054735e-5  -0.003183122226751846
-2.0046939999999998  0.08030756  0.010233250698349822
-2.0046939999999998  0.1605981  0.03019680290876812
-2.0046939999999998  0.24095840000000002  0.04111963141153277
-2.0046939999999998  0.3211761  0.051258756228553685
-2.0046939999999998  0.40048279999999997  0.0572297781417888
-2.0046939999999998  0.48081060000000003  0.06390355023612646
-2.0046939999999998  0.5611078  0.07382674183816605
-2.0046939999999998  0.6415377999999999  0.08098713287444266
-2.0046939999999998  0.721835  0.08620353251470311
-2.0046939999999998  0.8021064  0.09443143832818908
-2.0046939999999998  0.8824392  0.10250471625909414
-2.0046939999999998  0.9628194  0.10893339596518531
-2.0046939999999998  1.042182  0.11304489320253323
-2.0046939999999998  1.122482  0.12168924741723292
-2.0046939999999998  1.202826  0.12938615022539807
-2.0046939999999998  1.283218  0.13561525702900806
-2.0046939999999998  1.363525  0.13957268975927956
-2.0046939999999998  1.443879  0.14825561188495143
-2.0046939999999998  1.524171  0.15539301612052303
-2.0046939999999998  1.6045530000000001  0.16006547905391083
-2.0046939999999998  1.68388  0.16434178128878468
-2.0046939999999998  1.764172  0.1723233391692002
-2.0046939999999998  1.844704  0.17901314584161065
-2.0046939999999998  1.924924  0.18281348169449602
-2.0046939999999998  2.005094  0.18697389999999986

