2.005094  2.005094  0.20102509999999998
1.924924  1.924924  0.19628310000000002
1.924924  2.005094  0.20102509999999998
1.844704  1.844704  0.1913019
1.844704  1.924924  0.19628318672820064
1.844704  2.005094  0.2011932318699488
1.764172  1.764172  0.1859457
1.764172  1.844704  0.19049208580685054
1.764172  1.924924  0.19681517326679052
1.764172  2.005094  0.20051704609005677
1.68388  1.68388  0.1799615
1.68388  1.764172  0.18549122167656631
1.68388  1.844704  0.1912713218974504
1.68388  1.924924  0.19511862216863496
1.68388  2.005094  0.20095027668679305
1.6045530000000001  1.6045530000000001  0.17504820000000001
1.6045530000000001  1.68388  0.1800574372702853
1.6045530000000001  1.764172  0.18483153047944018
1.6045530000000001  1.844704  0.19075010047100832
1.6045530000000001  1.924924  0.19555799233691384
1.6045530000000001  2.005094  0.20071345386943668
1.524171  1.524171  0.1694707
1.524171  1.6045530000000001  0.17446830292520632
1.524171  1.68388  0.1790999408678686
1.524171  1.764172  0.18478789011680763
1.524171  1.844704  0.19074915036266538
1.524171  1.924924  0.19479369838999885
1.524171  2.005094  0.20082223300451219
1.443879  1.443879  0.16326670000000001
1.443879  1.524171  0.16886552024418625
1.443879  1.6045530000000001  0.17361731341517384
1.443879  1.68388  0.17950035673685305
1.443879  1.764172  0.1843334923018974
1.443879  1.844704  0.1899715348303813
1.443879  1.924924  0.19545204566806118
1.443879  2.005094  0.19979689548775564
1.363525  1.363525  0.15718970000000002
1.363525  1.443879  0.16270609812722003
1.363525  1.524171  0.16818362469128054
1.363525  1.6045530000000001  0.17386486516628719
1.363525  1.68388  0.17852637180583555
1.363525  1.764172  0.18480583382675936
1.363525  1.844704  0.1886861283269312
1.363525  1.924924  0.19529372743410472
1.363525  2.005094  0.20009191121964248
1.283218  1.283218  0.150837
1.283218  1.363525  0.15657732330443222
1.283218  1.443879  0.16156714356574062
1.283218  1.524171  0.16771819411905226
1.283218  1.6045530000000001  0.1732520088375133
1.283218  1.68388  0.17877911027204324
1.283218  1.764172  0.18381913845866166
1.283218  1.844704  0.18880930411000393
1.283218  1.924924  0.1948457773026016
1.283218  2.005094  0.19930774085178266
1.202826  1.202826  0.144927
1.202826  1.283218  0.15014767567307458
1.202826  1.363525  0.15634316858825886
1.202826  1.443879  0.1618605687860511
1.202826  1.524171  0.1665272101339672
1.202826  1.6045530000000001  0.17315638877972284
1.202826  1.68388  0.1768834203251518
1.202826  1.764172  0.18370774121922792
1.202826  1.844704  0.18756509420455636
1.202826  1.924924  0.19454231077744477
1.202826  2.005094  0.19897377046102305
1.122482  1.122482  0.1387553
1.122482  1.202826  0.14390402865450544
1.122482  1.283218  0.15003791910661532
1.122482  1.363525  0.15543807992569142
1.122482  1.443879  0.16042670471622805
1.122482  1.524171  0.1670273161431773
1.122482  1.6045530000000001  0.1710403022591368
1.122482  1.68388  0.17806758550698676
1.122482  1.764172  0.18189597322397497
1.122482  1.844704  0.1894882733151108
1.122482  1.924924  0.19249627033108685
1.122482  2.005094  0.19841034671786711
1.042182  1.042182  0.1319542
1.042182  1.122482  0.13726634744740848
1.042182  1.202826  0.14356120680909595
1.042182  1.283218  0.1491691475095758
1.042182  1.363525  0.15392197660106285
1.042182  1.443879  0.1609798961010813
1.042182  1.524171  0.16508464069318476
1.042182  1.6045530000000001  0.17222045094470012
1.042182  1.68388  0.17644438243425672
1.042182  1.764172  0.18316548956425308
1.042182  1.844704  0.18734192844568393
1.042182  1.924924  0.1936375317415201
1.042182  2.005094  0.19810399740371343
0.9628194  0.9628194  0.12514589999999998
0.9628194  1.042182  0.1305928669624752
0.9628194  1.122482  0.1371656079173228
0.9628194  1.202826  0.14265122237112848
0.9628194  1.283218  0.1479432012841438
0.9628194  1.363525  0.15438978480601767
0.9628194  1.443879  0.15934039864139518
0.9628194  1.524171  0.16600407993707117
0.9628194  1.6045530000000001  0.16992078495442434
0.9628194  1.68388  0.1771929073204486
0.9628194  1.764172  0.1807884789543528
0.9628194  1.844704  0.18799101194251894
0.9628194  1.924924  0.1915673522125227
0.9628194  2.005094  0.19789779733862306
0.8824392  0.8824392  0.11850870000000001
0.8824392  0.9628194  0.12458645306172157
0.8824392  1.042182  0.129616548053868
0.8824392  1.122482  0.13634912178247885
0.8824392  1.202826  0.14176809773558122
0.8824392  1.283218  0.14819032200770507
0.8824392  1.363525  0.15391940899390436
0.8824392  1.443879  0.15922407836486704
0.8824392  1.524171  0.16512361256263505
0.8824392  1.6045530000000001  0.17060320711639249
0.8824392  1.68388  0.17636419492965424
0.8824392  1.764172  0.18163295944111818
0.8824392  1.844704  0.18768689605536856
0.8824392  1.924924  0.19247574643321352
0.8824392  2.005094  0.19764028752999557
0.8021064  0.8021064  0.1113767
0.8021064  0.8824392  0.11727422526207552
0.8021064  0.9628194  0.12397553923537684
0.8021064  1.042182  0.1293209316365296
0.8021064  1.122482  0.13580393897986184
0.8021064  1.202826  0.1414394158390868
0.8021064  1.283218  0.14750652663825634
0.8021064  1.363525  0.1530113452878528
0.8021064  1.443879  0.1587585610346601
0.8021064  1.524171  0.16371051808802972
0.8021064  1.6045530000000001  0.17071359485760174
0.8021064  1.68388  0.17537647908398088
0.8021064  1.764172  0.1815651443669262
0.8021064  1.844704  0.18568059691261515
0.8021064  1.924924  0.19232378153099347
0.8021064  2.005094  0.19738292957424886
0.721835  0.721835  0.10485069999999999
0.721835  0.8021064  0.11071399313856597
0.721835  0.8824392  0.11657361705804017
0.721835  0.9628194  0.12298958746090309
0.721835  1.042182  0.12784751164831504
0.721835  1.122482  0.13518803696492
0.721835  1.202826  0.13993286869962268
0.721835  1.283218  0.14759979973175427
0.721835  1.363525  0.15119800174968143
0.721835  1.443879  0.1593185417679873
0.721835  1.524171  0.16244810751803307
0.721835  1.6045530000000001  0.1710177352699365
0.721835  1.68388  0.17415470485972287
0.721835  1.764172  0.18172805569992578
0.721835  1.844704  0.18470113624204806
0.721835  1.924924  0.19225853200515425
0.721835  2.005094  0.1971257683224448
0.6415377999999999  0.6415377999999999  0.09768671999999999
0.6415377999999999  0.721835  0.1035327658123475
0.6415377999999999  0.8021064  0.11026188122049228
0.6415377999999999  0.8824392  0.11588003750610727
0.6415377999999999  0.9628194  0.1227991464735557
0.6415377999999999  1.042182  0.12775494359320763
0.6415377999999999  1.122482  0.13520975901029963
0.6415377999999999  1.202826  0.13934845775430876
0.6415377999999999  1.283218  0.14701051471272972
0.6415377999999999  1.363525  0.15136134382544703
0.6415377999999999  1.443879  0.1592313249050038
0.6415377999999999  1.524171  0.162818054131333
0.6415377999999999  1.6045530000000001  0.17068754138943265
0.6415377999999999  1.68388  0.17355871131688277
0.6415377999999999  1.764172  0.1819741928224673
0.6415377999999999  1.844704  0.18504307558638244
0.6415377999999999  1.924924  0.19202104583884774
0.6415377999999999  2.005094  0.19686852441654104
0.5611078  0.5611078  0.09061294
0.5611078  0.6415377999999999  0.09654768914202215
0.5611078  0.721835  0.10286445977919312
0.5611078  0.8021064  0.10890096377338794
0.5611078  0.8824392  0.11603436336424222
0.5611078  0.9628194  0.12095188028546346
0.5611078  1.042182  0.12819609631175505
0.5611078  1.122482  0.13343081112777974
0.5611078  1.202826  0.14100031513376818
0.5611078  1.283218  0.14525643153175974
0.5611078  1.363525  0.15289778127578282
0.5611078  1.443879  0.15672828561949503
0.5611078  1.524171  0.16396893679713664
0.5611078  1.6045530000000001  0.1687520710074302
0.5611078  1.68388  0.17479008325244288
0.5611078  1.764172  0.18068234770169578
0.5611078  1.844704  0.18521651760725302
0.5611078  1.924924  0.1913807463993139
0.5611078  2.005094  0.1966108550662793
0.48081060000000003  0.48081060000000003  0.08297394000000001
0.48081060000000003  0.5611078  0.08973040692079318
0.48081060000000003  0.6415377999999999  0.09560293695661592
0.48081060000000003  0.721835  0.10209811539494007
0.48081060000000003  0.8021064  0.10792507943433648
0.48081060000000003  0.8824392  0.11540105710340212
0.48081060000000003  0.9628194  0.12065391583126597
0.48081060000000003  1.042182  0.12758320510245752
0.48081060000000003  1.122482  0.13267153126078898
0.48081060000000003  1.202826  0.14000896836029708
0.48081060000000003  1.283218  0.14415766493559612
0.48081060000000003  1.363525  0.15174683062842306
0.48081060000000003  1.443879  0.1562285616669383
0.48081060000000003  1.524171  0.16336031550750565
0.48081060000000003  1.6045530000000001  0.16738111615381082
0.48081060000000003  1.68388  0.17345512902269805
0.48081060000000003  1.764172  0.18024678600064387
0.48081060000000003  1.844704  0.1839808371059529
0.48081060000000003  1.924924  0.19084050471514194
0.48081060000000003  2.005094  0.19635361116037553
0.40048279999999997  0.40048279999999997  0.07554457999999999
0.40048279999999997  0.48081060000000003  0.08193335169728037
0.40048279999999997  0.5611078  0.08868945685813417
0.40048279999999997  0.6415377999999999  0.09530614859385005
0.40048279999999997  0.721835  0.10109329342215302
0.40048279999999997  0.8021064  0.10807818215196288
0.40048279999999997  0.8824392  0.11341642406878018
0.40048279999999997  0.9628194  0.12071587858286065
0.40048279999999997  1.042182  0.1262309728583218
0.40048279999999997  1.122482  0.1323729221138189
0.40048279999999997  1.202826  0.13912343002461003
0.40048279999999997  1.283218  0.14375793590508334
0.40048279999999997  1.363525  0.1512071677556918
0.40048279999999997  1.443879  0.15483239230084003
0.40048279999999997  1.524171  0.16341072605397652
0.40048279999999997  1.6045530000000001  0.16648980557863982
0.40048279999999997  1.68388  0.17453437943311303
0.40048279999999997  1.764172  0.1790346230347571
0.40048279999999997  1.844704  0.18472495620363935
0.40048279999999997  1.924924  0.19108550761054574
0.40048279999999997  2.005094  0.1960962692228652
0.3211761  0.3211761  0.06798247
0.3211761  0.40048279999999997  0.07457067284587897
0.3211761  0.48081060000000003  0.08116241231327101
0.3211761  0.5611078  0.08794510983763781
0.3211761  0.6415377999999999  0.0942398638453531
0.3211761  0.721835  0.10137849545623373
0.3211761  0.8021064  0.10776611760168915
0.3211761  0.8824392  0.11395864374666989
0.3211761  0.9628194  0.11921852069283356
0.3211761  1.042182  0.12685645970998494
0.3211761  1.122482  0.13110128034690227
0.3211761  1.202826  0.13949224263228024
0.3211761  1.283218  0.14364651229349923
0.3211761  1.363525  0.15094999152747776
0.3211761  1.443879  0.15507545473053705
0.3211761  1.524171  0.16246633952089293
0.3211761  1.6045530000000001  0.16778283763735705
0.3211761  1.68388  0.17236852673378975
0.3211761  1.764172  0.17949820654028098
0.3211761  1.844704  0.18333928055962087
0.3211761  1.924924  0.19128652258131063
0.3211761  2.005094  0.19584219852958654
0.24095840000000002  0.24095840000000002  0.06057216
0.24095840000000002  0.3211761  0.06740676702593765
0.24095840000000002  0.40048279999999997  0.07347478437943253
0.24095840000000002  0.48081060000000003  0.08128084359922756
0.24095840000000002  0.5611078  0.08652418841473523
0.24095840000000002  0.6415377999999999  0.09466936770034587
0.24095840000000002  0.721835  0.09989977965186882
0.24095840000000002  0.8021064  0.107447747625645
0.24095840000000002  0.8824392  0.11195420493631465
0.24095840000000002  0.9628194  0.1201051923890704
0.24095840000000002  1.042182  0.12604924535623335
0.24095840000000002  1.122482  0.13121435190345693
0.24095840000000002  1.202826  0.13902089393819111
0.24095840000000002  1.283218  0.14261453478219785
0.24095840000000002  1.363525  0.15103498325897666
0.24095840000000002  1.443879  0.1546551908592912
0.24095840000000002  1.524171  0.16294647949213242
0.24095840000000002  1.6045530000000001  0.16747214793054613
0.24095840000000002  1.68388  0.17336608164475745
0.24095840000000002  1.764172  0.17968365514424253
0.24095840000000002  1.844704  0.18321668018911608
0.24095840000000002  1.924924  0.19111586773235514
0.24095840000000002  2.005094  0.19558520931364107
0.1605981  0.1605981  0.05225398
0.1605981  0.24095840000000002  0.059381571427405626
0.1605981  0.3211761  0.06607827341166439
0.1605981  0.40048279999999997  0.07327300045958463
0.1605981  0.48081060000000003  0.0797604994972726
0.1605981  0.5611078  0.08663189883066089
0.1605981  0.6415377999999999  0.09424153696709596
0.1605981  0.721835  0.09948379833018012
0.1605981  0.8021064  0.10687124649038703
0.1605981  0.8824392  0.11185324492123573
0.1605981  0.9628194  0.11994188757447868
0.1605981  1.042182  0.12495933502379228
0.1605981  1.122482  0.13190789687920837
0.1605981  1.202826  0.1381447972462212
0.1605981  1.283218  0.14234004467890213
0.1605981  1.363525  0.151594170103896
0.1605981  1.443879  0.1541773550167382
0.1605981  1.524171  0.16293312682151198
0.1605981  1.6045530000000001  0.16665183674472658
0.1605981  1.68388  0.17202905257765638
0.1605981  1.764172  0.179765548975117
0.1605981  1.844704  0.18198492452705017
0.1605981  1.924924  0.1910770790574686
0.1605981  2.005094  0.19532776325759435
0.08030756  0.08030756  0.04349857
0.08030756  0.1605981  0.051006073283808316
0.08030756  0.24095840000000002  0.05870047796634639
0.08030756  0.3211761  0.0656184665692381
0.08030756  0.40048279999999997  0.07267444826796493
0.08030756  0.48081060000000003  0.07922878235620628
0.08030756  0.5611078  0.0858646021836963
0.08030756  0.6415377999999999  0.0930446583925339
0.08030756  0.721835  0.09832756033197954
0.08030756  0.8021064  0.10695685000588412
0.08030756  0.8824392  0.11119785939954198
0.08030756  0.9628194  0.1192657353665172
0.08030756  1.042182  0.12446992840205146
0.08030756  1.122482  0.13111795539016835
0.08030756  1.202826  0.1383707262539927
0.08030756  1.283218  0.14183514499273095
0.08030756  1.363525  0.15080239434123235
0.08030756  1.443879  0.15447310494951225
0.08030756  1.524171  0.1615230765643297
0.08030756  1.6045530000000001  0.16773493780825433
0.08030756  1.68388  0.1716244566760078
0.08030756  1.764172  0.18015618357564753
0.08030756  1.844704  0.18241765550428068
0.08030756  1.924924  0.18975668490945405
0.08030756  2.005094  0.1950705406879814
-3.054735e-5  -3.054735e-5  0.03411141
-3.054735e-5  0.08030756  0.042551214111224304
-3.054735e-5  0.1605981  0.049574509425344776
-3.054735e-5  0.24095840000000002  0.05821679893503444
-3.054735e-5  0.3211761  0.06443523458745137
-3.054735e-5  0.40048279999999997  0.07254257675750884
-3.054735e-5  0.48081060000000003  0.07771004243104332
-3.054735e-5  0.5611078  0.0862903111166306
-3.054735e-5  0.6415377999999999  0.09199170036280675
-3.054735e-5  0.721835  0.09870959411015426
-3.054735e-5  0.8021064  0.10598568232338793
-3.054735e-5  0.8824392  0.11106374502529737
-3.054735e-5  0.9628194  0.11914991189378141
-3.054735e-5  1.042182  0.12367361044741237
-3.054735e-5  1.122482  0.13125829262804461
-3.054735e-5  1.202826  0.13730282823395948
-3.054735e-5  1.283218  0.14171659542776446
-3.054735e-5  1.363525  0.15065835457125054
-3.054735e-5  1.443879  0.1536661840373651
-3.054735e-5  1.524171  0.16156499186308335
-3.054735e-5  1.6045530000000001  0.1664012206441285
-3.054735e-5  1.68388  0.17195662423493302
-3.054735e-5  1.764172  0.1786869614126093
-3.054735e-5  1.844704  0.1819728025181146
-3.054735e-5  1.924924  0.18934159632381714
-3.054735e-5  2.005094  0.19481316572935736
-0.08037691  -0.08037691  0.01874452
-0.08037691  -3.054735e-5  0.02745472746930489
-0.08037691  0.08030756  0.041423323919033875
-0.08037691  0.1605981  0.04902297726700671
-0.08037691  0.24095840000000002  0.057227812535558246
-0.08037691  0.3211761  0.06369732736068066
-0.08037691  0.40048279999999997  0.07238703049374548
-0.08037691  0.48081060000000003  0.07772822455426959
-0.08037691  0.5611078  0.08489468836059526
-0.08037691  0.6415377999999999  0.09240718760922495
-0.08037691  0.721835  0.09757807633651311
-0.08037691  0.8021064  0.10600288507323727
-0.08037691  0.8824392  0.11093272354214768
-0.08037691  0.9628194  0.11740253418651246
-0.08037691  1.042182  0.12443394590413694
-0.08037691  1.122482  0.12923248333586013
-0.08037691  1.202826  0.13784039345935256
-0.08037691  1.283218  0.14191747119562034
-0.08037691  1.363525  0.14959096735805727
-0.08037691  1.443879  0.1556827010081
-0.08037691  1.524171  0.15877626903195605
-0.08037691  1.6045530000000001  0.16726805276052814
-0.08037691  1.68388  0.17142275061341405
-0.08037691  1.764172  0.17677066498743652
-0.08037691  1.844704  0.1844822232224295
-0.08037691  1.924924  0.1873003256225334
-0.08037691  2.005094  0.19455576432366395
-0.16063650000000002  -0.16063650000000002  -0.002747883
-0.16063650000000002  -0.08037691  0.005147572863591276
-0.16063650000000002  -3.054735e-5  0.013450324004947193
-0.16063650000000002  0.08030756  0.029733951228752647
-0.16063650000000002  0.1605981  0.04747048383050839
-0.16063650000000002  0.24095840000000002  0.05685945663103491
-0.16063650000000002  0.3211761  0.0625276696205482
-0.16063650000000002  0.40048279999999997  0.07152006270664031
-0.16063650000000002  0.48081060000000003  0.07725655090190595
-0.16063650000000002  0.5611078  0.08444986742743163
-0.16063650000000002  0.6415377999999999  0.09255886630906768
-0.16063650000000002  0.721835  0.09760506531847517
-0.16063650000000002  0.8021064  0.10585789011765478
-0.16063650000000002  0.8824392  0.11121983513325094
-0.16063650000000002  0.9628194  0.11718715951965393
-0.16063650000000002  1.042182  0.12520229024965934
-0.16063650000000002  1.122482  0.12883381407198882
-0.16063650000000002  1.202826  0.13737655615408959
-0.16063650000000002  1.283218  0.14184943813601567
-0.16063650000000002  1.363525  0.14744451115236137
-0.16063650000000002  1.443879  0.15588794693611996
-0.16063650000000002  1.524171  0.158181324413109
-0.16063650000000002  1.6045530000000001  0.16715154624380907
-0.16063650000000002  1.68388  0.1717405379397622
-0.16063650000000002  1.764172  0.1766238102502438
-0.16063650000000002  1.844704  0.18490163799147585
-0.16063650000000002  1.924924  0.18765764413513913
-0.16063650000000002  2.005094  0.19429864090693422
-0.24091759999999998  -0.24091759999999998  -0.011925950000000001
-0.24091759999999998  -0.16063650000000002  -0.004964129143923469
-0.24091759999999998  -0.08037691  0.0029291043141453587
-0.24091759999999998  -3.054735e-5  0.011913139798694568
-0.24091759999999998  0.08030756  0.027462295374458937
-0.24091759999999998  0.1605981  0.04771219664499479
-0.24091759999999998  0.24095840000000002  0.054843121002312645
-0.24091759999999998  0.3211761  0.06413593711421843
-0.24091759999999998  0.40048279999999997  0.06972451475045618
-0.24091759999999998  0.48081060000000003  0.07673776899103976
-0.24091759999999998  0.5611078  0.0850353102898961
-0.24091759999999998  0.6415377999999999  0.09032749162340789
-0.24091759999999998  0.721835  0.09843169660594461
-0.24091759999999998  0.8021064  0.10449181563579424
-0.24091759999999998  0.8824392  0.11047374997166114
-0.24091759999999998  0.9628194  0.11844969850815582
-0.24091759999999998  1.042182  0.12272316458119957
-0.24091759999999998  1.122482  0.13052404508698223
-0.24091759999999998  1.202826  0.13618152456925167
-0.24091759999999998  1.283218  0.14091801964419204
-0.24091759999999998  1.363525  0.14916458752285486
-0.24091759999999998  1.443879  0.1520510987547202
-0.24091759999999998  1.524171  0.16076628538920654
-0.24091759999999998  1.6045530000000001  0.16741585263054173
-0.24091759999999998  1.68388  0.17025003174309464
-0.24091759999999998  1.764172  0.1782381399325538
-0.24091759999999998  1.844704  0.18233705168340977
-0.24091759999999998  1.924924  0.18742719189218418
-0.24091759999999998  2.005094  0.19404144857975159
-0.3212371  -0.3212371  -0.020580579999999998
-0.3212371  -0.24091759999999998  -0.01329748411563555
-0.3212371  -0.16063650000000002  -0.006835142606459375
-0.3212371  -0.08037691  0.0021492607799230745
-0.3212371  -3.054735e-5  0.009892782056759532
-0.3212371  0.08030756  0.02666600597035261
-0.3212371  0.1605981  0.04552116468168652
-0.3212371  0.24095840000000002  0.05445336838556116
-0.3212371  0.3211761  0.06336670987082663
-0.3212371  0.40048279999999997  0.06884813310321639
-0.3212371  0.48081060000000003  0.07742482656728134
-0.3212371  0.5611078  0.08428900826445984
-0.3212371  0.6415377999999999  0.09010347939713581
-0.3212371  0.721835  0.09785027735680571
-0.3212371  0.8021064  0.10283666123222583
-0.3212371  0.8824392  0.10992839968984337
-0.3212371  0.9628194  0.1174052193750832
-0.3212371  1.042182  0.12171436824168871
-0.3212371  1.122482  0.13109992685863844
-0.3212371  1.202826  0.13543161241860396
-0.3212371  1.283218  0.14086601069551463
-0.3212371  1.363525  0.14954051402253876
-0.3212371  1.443879  0.15245835077200237
-0.3212371  1.524171  0.1599144591055717
-0.3212371  1.6045530000000001  0.16596204809834686
-0.3212371  1.68388  0.16987100171941086
-0.3212371  1.764172  0.1782491639406584
-0.3212371  1.844704  0.18206394677901563
-0.3212371  1.924924  0.18684844695132083
-0.3212371  2.005094  0.19378413323251362
-0.4005277  -0.4005277  -0.02841003
-0.4005277  -0.3212371  -0.022268225177868153
-0.4005277  -0.24091759999999998  -0.013845795006287456
-0.4005277  -0.16063650000000002  -0.007342644471913917
-0.4005277  -0.08037691  0.0016464496006081356
-0.4005277  -3.054735e-5  0.009832098170037249
-0.4005277  0.08030756  0.025593624402052713
-0.4005277  0.1605981  0.04669983940631866
-0.4005277  0.24095840000000002  0.053147866491768905
-0.4005277  0.3211761  0.06191175582784501
-0.4005277  0.40048279999999997  0.06966914920731376
-0.4005277  0.48081060000000003  0.07502878106596131
-0.4005277  0.5611078  0.08406032387312468
-0.4005277  0.6415377999999999  0.0904364277285377
-0.4005277  0.721835  0.09614803184625142
-0.4005277  0.8021064  0.10481104591436011
-0.4005277  0.8824392  0.1092372239225665
-0.4005277  0.9628194  0.11571200376477554
-0.4005277  1.042182  0.12377034720169489
-0.4005277  1.122482  0.12832337646543798
-0.4005277  1.202826  0.13554632581524342
-0.4005277  1.283218  0.14246237218099514
-0.4005277  1.363525  0.14639701516130363
-0.4005277  1.443879  0.15525119826301173
-0.4005277  1.524171  0.15863527043583053
-0.4005277  1.6045530000000001  0.16402243566030328
-0.4005277  1.68388  0.1713958724391657
-0.4005277  1.764172  0.17563429986610973
-0.4005277  1.844704  0.18161495826753163
-0.4005277  1.924924  0.18857496064822
-0.4005277  2.005094  0.19353011411795604
-0.4808311  -0.4808311  -0.03640467
-0.4808311  -0.4005277  -0.029548745096151158
-0.4808311  -0.3212371  -0.022737689508442148
-0.4808311  -0.24091759999999998  -0.015269640028339884
-0.4808311  -0.16063650000000002  -0.007701673355805112
-0.4808311  -0.08037691  -2.9139348261404144e-5
-0.4808311  -3.054735e-5  0.01020944706526371
-0.4808311  0.08030756  0.02343229073888591
-0.4808311  0.1605981  0.045211731399104206
-0.4808311  0.24095840000000002  0.053702548318983113
-0.4808311  0.3211761  0.05943033461828621
-0.4808311  0.40048279999999997  0.06832317399178191
-0.4808311  0.48081060000000003  0.0764241340368758
-0.4808311  0.5611078  0.08156985942500887
-0.4808311  0.6415377999999999  0.090854753380785
-0.4808311  0.721835  0.09685230132011649
-0.4808311  0.8021064  0.10225961645242437
-0.4808311  0.8824392  0.11091595730021403
-0.4808311  0.9628194  0.11502201419085105
-0.4808311  1.042182  0.12202071341601764
-0.4808311  1.122482  0.1298697671880268
-0.4808311  1.202826  0.1330312982038138
-0.4808311  1.283218  0.14204401410927336
-0.4808311  1.363525  0.1473722264751321
-0.4808311  1.443879  0.1509955114308084
-0.4808311  1.524171  0.1606821684149239
-0.4808311  1.6045530000000001  0.16439675030196044
-0.4808311  1.68388  0.16872839977620888
-0.4808311  1.764172  0.17790738849126525
-0.4808311  1.844704  0.18038516529658175
-0.4808311  1.924924  0.18602486886480024
-0.4808311  2.005094  0.1932728503494392
-0.5611178  -0.5611178  -0.04435108
-0.5611178  -0.4808311  -0.037604762435774736
-0.5611178  -0.4005277  -0.030297871353510995
-0.5611178  -0.3212371  -0.024155341341063608
-0.5611178  -0.24091759999999998  -0.016052111964619194
-0.5611178  -0.16063650000000002  -0.008992555448477602
-0.5611178  -0.08037691  4.147742802671842e-5
-0.5611178  -3.054735e-5  0.009210799239993663
-0.5611178  0.08030756  0.02368150132702457
-0.5611178  0.1605981  0.04593916161152204
-0.5611178  0.24095840000000002  0.0529968333718347
-0.5611178  0.3211761  0.05980601069074612
-0.5611178  0.40048279999999997  0.0695222609959059
-0.5611178  0.48081060000000003  0.07487478120930541
-0.5611178  0.5611078  0.0815681054695852
-0.5611178  0.6415377999999999  0.09035924189759274
-0.5611178  0.721835  0.09487035784268152
-0.5611178  0.8021064  0.10275883462648777
-0.5611178  0.8824392  0.11026584146018731
-0.5611178  0.9628194  0.11406557540652805
-0.5611178  1.042182  0.1223110553675406
-0.5611178  1.122482  0.12917923669691192
-0.5611178  1.202826  0.13308971087369173
-0.5611178  1.283218  0.14189089098732718
-0.5611178  1.363525  0.14744660098120935
-0.5611178  1.443879  0.15100467986645244
-0.5611178  1.524171  0.16040247753513376
-0.5611178  1.6045530000000001  0.16475292256655028
-0.5611178  1.68388  0.16932005023996835
-0.5611178  1.764172  0.17801712042865878
-0.5611178  1.844704  0.18047638073140657
-0.5611178  1.924924  0.18593809692829663
-0.5611178  2.005094  0.1930156400818318
-0.641522  -0.641522  -0.051947429999999996
-0.641522  -0.5611178  -0.04510897107299574
-0.641522  -0.4808311  -0.03853128500716157
-0.641522  -0.4005277  -0.03131340583683486
-0.641522  -0.3212371  -0.025323028238667018
-0.641522  -0.24091759999999998  -0.016601669194467455
-0.641522  -0.16063650000000002  -0.010056665280773607
-0.641522  -0.08037691  -0.0012459495746303094
-0.641522  -3.054735e-5  0.008741481035130545
-0.641522  0.08030756  0.021946834778752096
-0.641522  0.1605981  0.04378152979751086
-0.641522  0.24095840000000002  0.05311121500259664
-0.641522  0.3211761  0.058717023786056324
-0.641522  0.40048279999999997  0.06796576647005806
-0.641522  0.48081060000000003  0.07524894941445831
-0.641522  0.5611078  0.08032874187662022
-0.641522  0.6415377999999999  0.08937742235127787
-0.641522  0.721835  0.09637205689665103
-0.641522  0.8021064  0.10128797912662356
-0.641522  0.8824392  0.11007492750813261
-0.641522  0.9628194  0.1154883669013482
-0.641522  1.042182  0.12065274205699701
-0.641522  1.122482  0.12977135401147427
-0.641522  1.202826  0.1331467370971804
-0.641522  1.283218  0.1401298343649399
-0.641522  1.363525  0.14851479908885976
-0.641522  1.443879  0.15068651868397115
-0.641522  1.524171  0.15806733463759265
-0.641522  1.6045530000000001  0.1652118896377173
-0.641522  1.68388  0.16775455610994597
-0.641522  1.764172  0.17568294071343063
-0.641522  1.844704  0.18309044057081744
-0.641522  1.924924  0.18487126068042847
-0.641522  2.005094  0.19275805338566976
-0.7218202  -0.7218202  -0.059409130000000004
-0.7218202  -0.641522  -0.05324568789683344
-0.7218202  -0.5611178  -0.04596129437100477
-0.7218202  -0.4808311  -0.03955490878255839
-0.7218202  -0.4005277  -0.03225642127044012
-0.7218202  -0.3212371  -0.024546397754625485
-0.7218202  -0.24091759999999998  -0.01855244952526454
-0.7218202  -0.16063650000000002  -0.009159504788111941
-0.7218202  -0.08037691  -0.0019943974086629413
-0.7218202  -3.054735e-5  0.006462448770732957
-0.7218202  0.08030756  0.025077006805435918
-0.7218202  0.1605981  0.04298662870367139
-0.7218202  0.24095840000000002  0.05154492443658029
-0.7218202  0.3211761  0.06092660154023164
-0.7218202  0.40048279999999997  0.06771366871436905
-0.7218202  0.48081060000000003  0.07274655063115208
-0.7218202  0.5611078  0.08281703516973121
-0.7218202  0.6415377999999999  0.08820925226334371
-0.7218202  0.721835  0.09442843802888272
-0.7218202  0.8021064  0.10318062932775139
-0.7218202  0.8824392  0.10862395775685876
-0.7218202  0.9628194  0.11375288763902185
-0.7218202  1.042182  0.12263466209912544
-0.7218202  1.122482  0.12723614358663243
-0.7218202  1.202826  0.13258393726270976
-0.7218202  1.283218  0.14207231430927986
-0.7218202  1.363525  0.1460620065287485
-0.7218202  1.443879  0.1514870059219067
-0.7218202  1.524171  0.1602114909663671
-0.7218202  1.6045530000000001  0.16261465396306807
-0.7218202  1.68388  0.16844376488902918
-0.7218202  1.764172  0.1766904560862538
-0.7218202  1.844704  0.1797545842781469
-0.7218202  1.924924  0.18641697958241038
-0.7218202  2.005094  0.19250080627611874
-0.8020535  -0.8020535  -0.06723536
-0.8020535  -0.7218202  -0.06051201862506483
-0.8020535  -0.641522  -0.05452887285530929
-0.8020535  -0.5611178  -0.04662459798562416
-0.8020535  -0.4808311  -0.040440356760831186
-0.8020535  -0.4005277  -0.033306749926890575
-0.8020535  -0.3212371  -0.024973631624357746
-0.8020535  -0.24091759999999998  -0.01920363305954549
-0.8020535  -0.16063650000000002  -0.010280287176380281
-0.8020535  -0.08037691  -0.0015095510001429478
-0.8020535  -3.054735e-5  0.005545260953465481
-0.8020535  0.08030756  0.022384178948713057
-0.8020535  0.1605981  0.04305731186435165
-0.8020535  0.24095840000000002  0.0500553406457098
-0.8020535  0.3211761  0.05956607864227719
-0.8020535  0.40048279999999997  0.06810859216158598
-0.8020535  0.48081060000000003  0.07269723798412527
-0.8020535  0.5611078  0.08132965452047072
-0.8020535  0.6415377999999999  0.08915959730192326
-0.8020535  0.721835  0.09322908677415022
-0.8020535  0.8021064  0.10248552814038984
-0.8020535  0.8824392  0.10812984980383984
-0.8020535  0.9628194  0.11356003752426323
-0.8020535  1.042182  0.12263029499986926
-0.8020535  1.122482  0.12798035394558058
-0.8020535  1.202826  0.13211189799189155
-0.8020535  1.283218  0.14177268277638738
-0.8020535  1.363525  0.14653453193882657
-0.8020535  1.443879  0.15013370378072582
-0.8020535  1.524171  0.1588814639007349
-0.8020535  1.6045530000000001  0.1641991745296109
-0.8020535  1.68388  0.16701997858858064
-0.8020535  1.764172  0.17517914670880552
-0.8020535  1.844704  0.18123931149007494
-0.8020535  1.924924  0.1847466439560408
-0.8020535  2.005094  0.1922437670832758
-0.8821235000000001  -0.8821235000000001  -0.07473959000000001
-0.8821235000000001  -0.8020535  -0.06867189119075501
-0.8821235000000001  -0.7218202  -0.06109444854293237
-0.8821235000000001  -0.641522  -0.05520671202974565
-0.8821235000000001  -0.5611178  -0.0475799253074115
-0.8821235000000001  -0.4808311  -0.040882209047301596
-0.8821235000000001  -0.4005277  -0.033892962030616966
-0.8821235000000001  -0.3212371  -0.025885484318214552
-0.8821235000000001  -0.24091759999999998  -0.01962597744621055
-0.8821235000000001  -0.16063650000000002  -0.0111632601488933
-0.8821235000000001  -0.08037691  -0.0015917307098153057
-0.8821235000000001  -3.054735e-5  0.005201973485762559
-0.8821235000000001  0.08030756  0.023835472441251344
-0.8821235000000001  0.1605981  0.04370977066975174
-0.8821235000000001  0.24095840000000002  0.049516515238985086
-0.8821235000000001  0.3211761  0.059331203954941146
-0.8821235000000001  0.40048279999999997  0.06762507644354858
-0.8821235000000001  0.48081060000000003  0.07292579873789941
-0.8821235000000001  0.5611078  0.08066817494096375
-0.8821235000000001  0.6415377999999999  0.08871503086671595
-0.8821235000000001  0.721835  0.0938744748690491
-0.8821235000000001  0.8021064  0.1014732723447748
-0.8821235000000001  0.8824392  0.10874264569697316
-0.8821235000000001  0.9628194  0.11272835545521105
-0.8821235000000001  1.042182  0.12153311882362106
-0.8821235000000001  1.122482  0.12810343023666576
-0.8821235000000001  1.202826  0.13201201519528166
-0.8821235000000001  1.283218  0.14040979479719085
-0.8821235000000001  1.363525  0.14637873235967214
-0.8821235000000001  1.443879  0.14995380470646258
-0.8821235000000001  1.524171  0.15856980628786302
-0.8821235000000001  1.6045530000000001  0.16436825567740435
-0.8821235000000001  1.68388  0.16794220586777336
-0.8821235000000001  1.764172  0.17512654085367216
-0.8821235000000001  1.844704  0.18116253667427834
-0.8821235000000001  1.924924  0.18388501987693076
-0.8821235000000001  2.005094  0.19198725104603276
-0.9626577  -0.9626577  -0.08234943
-0.9626577  -0.8821235000000001  -0.07581488920659371
-0.9626577  -0.8020535  -0.0686198351623649
-0.9626577  -0.7218202  -0.0626480726926938
-0.9626577  -0.641522  -0.0548964037992957
-0.9626577  -0.5611178  -0.048314035860765325
-0.9626577  -0.4808311  -0.04155857760891353
-0.9626577  -0.4005277  -0.033648991690154666
-0.9626577  -0.3212371  -0.027459568412112143
-0.9626577  -0.24091759999999998  -0.020128955067103445
-0.9626577  -0.16063650000000002  -0.01047264740208002
-0.9626577  -0.08037691  -0.004370998250700316
-0.9626577  -3.054735e-5  0.006364484134096402
-0.9626577  0.08030756  0.021888759681966165
-0.9626577  0.1605981  0.03965076079581265
-0.9626577  0.24095840000000002  0.05011820892218531
-0.9626577  0.3211761  0.059948631222993494
-0.9626577  0.40048279999999997  0.06517831150365759
-0.9626577  0.48081060000000003  0.07264559642293386
-0.9626577  0.5611078  0.08183045190905562
-0.9626577  0.6415377999999999  0.08618229200162755
-0.9626577  0.721835  0.09430549914401569
-0.9626577  0.8021064  0.10186698795187422
-0.9626577  0.8824392  0.10649881380962503
-0.9626577  0.9628194  0.11372447926439573
-0.9626577  1.042182  0.12224401482836038
-0.9626577  1.122482  0.12593838642478294
-0.9626577  1.202826  0.13355269988210303
-0.9626577  1.283218  0.14083167528869023
-0.9626577  1.363525  0.14365091547865802
-0.9626577  1.443879  0.1516067659408099
-0.9626577  1.524171  0.1589648779092719
-0.9626577  1.6045530000000001  0.161821164085845
-0.9626577  1.68388  0.1690717199411113
-0.9626577  1.764172  0.1762734971059612
-0.9626577  1.844704  0.17843494477949118
-0.9626577  1.924924  0.18412120870068702
-0.9626577  2.005094  0.19172924787572504
-1.0420340000000001  -1.0420340000000001  -0.08934007
-1.0420340000000001  -0.9626577  -0.08284431755748634
-1.0420340000000001  -0.8821235000000001  -0.07649780628216209
-1.0420340000000001  -0.8020535  -0.0699182458959689
-1.0420340000000001  -0.7218202  -0.06300618419074558
-1.0420340000000001  -0.641522  -0.05668853881086393
-1.0420340000000001  -0.5611178  -0.048622245949360064
-1.0420340000000001  -0.4808311  -0.04170928483770557
-1.0420340000000001  -0.4005277  -0.03578059099806062
-1.0420340000000001  -0.3212371  -0.02728110327184556
-1.0420340000000001  -0.24091759999999998  -0.019883180337130983
-1.0420340000000001  -0.16063650000000002  -0.01324776887476395
-1.0420340000000001  -0.08037691  -0.0025317753440537547
-1.0420340000000001  -3.054735e-5  0.0064512397198667835
-1.0420340000000001  0.08030756  0.020979625969988303
-1.0420340000000001  0.1605981  0.04237648981868948
-1.0420340000000001  0.24095840000000002  0.051449941206760455
-1.0420340000000001  0.3211761  0.056709495144873334
-1.0420340000000001  0.40048279999999997  0.06523739125461259
-1.0420340000000001  0.48081060000000003  0.07434183073589999
-1.0420340000000001  0.5611078  0.07939772581588668
-1.0420340000000001  0.6415377999999999  0.08636600421387336
-1.0420340000000001  0.721835  0.09565431914424459
-1.0420340000000001  0.8021064  0.10018812710241448
-1.0420340000000001  0.8824392  0.10687652156273623
-1.0420340000000001  0.9628194  0.11565773876492162
-1.0420340000000001  1.042182  0.11969627083182427
-1.0420340000000001  1.122482  0.12518563718611667
-1.0420340000000001  1.202826  0.1348465293599219
-1.0420340000000001  1.283218  0.13870017432907228
-1.0420340000000001  1.363525  0.14386952864316907
-1.0420340000000001  1.443879  0.15231238876105774
-1.0420340000000001  1.524171  0.1574235377545
-1.0420340000000001  1.6045530000000001  0.16246587047900457
-1.0420340000000001  1.68388  0.1689642394586759
-1.0420340000000001  1.764172  0.17485198285317763
-1.0420340000000001  1.844704  0.17869432911688032
-1.0420340000000001  1.924924  0.18629346906768213
-1.0420340000000001  2.005094  0.19147495420859606
-1.1222370000000002  -1.1222370000000002  -0.09716617
-1.1222370000000002  -1.0420340000000001  -0.09047737871147365
-1.1222370000000002  -0.9626577  -0.0838551806093396
-1.1222370000000002  -0.8821235000000001  -0.07741941349451614
-1.1222370000000002  -0.8020535  -0.07100462110169514
-1.1222370000000002  -0.7218202  -0.06418585969965131
-1.1222370000000002  -0.641522  -0.05638257669232036
-1.1222370000000002  -0.5611178  -0.05002400756143774
-1.1222370000000002  -0.4808311  -0.04347108940862719
-1.1222370000000002  -0.4005277  -0.034432789530362794
-1.1222370000000002  -0.3212371  -0.028590311824066288
-1.1222370000000002  -0.24091759999999998  -0.02163820604274258
-1.1222370000000002  -0.16063650000000002  -0.011632876755946452
-1.1222370000000002  -0.08037691  -0.0039055490037609103
-1.1222370000000002  -3.054735e-5  0.003875601594032285
-1.1222370000000002  0.08030756  0.020484432475196164
-1.1222370000000002  0.1605981  0.041449386317166735
-1.1222370000000002  0.24095840000000002  0.048406238769752405
-1.1222370000000002  0.3211761  0.05754713598982237
-1.1222370000000002  0.40048279999999997  0.06748339747561202
-1.1222370000000002  0.48081060000000003  0.07242087671081449
-1.1222370000000002  0.5611078  0.07844869655850932
-1.1222370000000002  0.6415377999999999  0.08841584408140914
-1.1222370000000002  0.721835  0.09430483079837028
-1.1222370000000002  0.8021064  0.09969041434528612
-1.1222370000000002  0.8824392  0.1078558413619915
-1.1222370000000002  0.9628194  0.11435627373761487
-1.1222370000000002  1.042182  0.11907736874885967
-1.1222370000000002  1.122482  0.12720876985858187
-1.1222370000000002  1.202826  0.1343784575461184
-1.1222370000000002  1.283218  0.13748964575217626
-1.1222370000000002  1.363525  0.1457535293952604
-1.1222370000000002  1.443879  0.15277514009745105
-1.1222370000000002  1.524171  0.15587055455032622
-1.1222370000000002  1.6045530000000001  0.16216000110461565
-1.1222370000000002  1.68388  0.17045445197064452
-1.1222370000000002  1.764172  0.17478833395141574
-1.1222370000000002  1.844704  0.17809734082377435
-1.1222370000000002  1.924924  0.18653634820601886
-1.1222370000000002  2.005094  0.19121801208626554
-1.202593  -1.202593  -0.1044839
-1.202593  -1.1222370000000002  -0.09830376209351012
-1.202593  -1.0420340000000001  -0.09162063326370323
-1.202593  -0.9626577  -0.08497423210534452
-1.202593  -0.8821235000000001  -0.07824012262105685
-1.202593  -0.8020535  -0.07131168972007954
-1.202593  -0.7218202  -0.06475147851506555
-1.202593  -0.641522  -0.05746215423237561
-1.202593  -0.5611178  -0.04975080414615566
-1.202593  -0.4808311  -0.04385870291787471
-1.202593  -0.4005277  -0.03638252089244197
-1.202593  -0.3212371  -0.027495184651952005
-1.202593  -0.24091759999999998  -0.021545514565740206
-1.202593  -0.16063650000000002  -0.013907458978881673
-1.202593  -0.08037691  -0.003037448643350434
-1.202593  -3.054735e-5  0.0038307470608006174
-1.202593  0.08030756  0.02002652849054385
-1.202593  0.1605981  0.04298636176108507
-1.202593  0.24095840000000002  0.050292487270068804
-1.202593  0.3211761  0.05580233557773637
-1.202593  0.40048279999999997  0.06463459531589005
-1.202593  0.48081060000000003  0.07345933852601036
-1.202593  0.5611078  0.07845725843355383
-1.202593  0.6415377999999999  0.08628322744292835
-1.202593  0.721835  0.09489345441362014
-1.202593  0.8021064  0.09908710761676648
-1.202593  0.8824392  0.10619648689324761
-1.202593  0.9628194  0.1151727830372578
-1.202593  1.042182  0.11952153621809289
-1.202593  1.122482  0.12410251841173216
-1.202593  1.202826  0.13424774172466492
-1.202593  1.283218  0.14015857462087253
-1.202593  1.363525  0.14350374531936586
-1.202593  1.443879  0.1513942043893317
-1.202593  1.524171  0.15882562778725762
-1.202593  1.6045530000000001  0.1616143643196664
-1.202593  1.68388  0.16771426101135137
-1.202593  1.764172  0.17591934488059985
-1.202593  1.844704  0.1783829830120244
-1.202593  1.924924  0.18421253056220036
-1.202593  2.005094  0.1909605798059021
-1.282939  -1.282939  -0.111532
-1.282939  -1.202593  -0.10553309468206523
-1.282939  -1.1222370000000002  -0.09961069296077886
-1.282939  -1.0420340000000001  -0.09241377194613042
-1.282939  -0.9626577  -0.08635155122261347
-1.282939  -0.8821235000000001  -0.0792865797174934
-1.282939  -0.8020535  -0.07179493447809551
-1.282939  -0.7218202  -0.06633357731497759
-1.282939  -0.641522  -0.05800838052674536
-1.282939  -0.5611178  -0.05076490762396733
-1.282939  -0.4808311  -0.045068888183796674
-1.282939  -0.4005277  -0.03641098056042568
-1.282939  -0.3212371  -0.02790424434558757
-1.282939  -0.24091759999999998  -0.022496173594476105
-1.282939  -0.16063650000000002  -0.014347969300409116
-1.282939  -0.08037691  -0.0036048175338027895
-1.282939  -3.054735e-5  0.004301504104698155
-1.282939  0.08030756  0.017810415152729582
-1.282939  0.1605981  0.04071982824750224
-1.282939  0.24095840000000002  0.050889515310714305
-1.282939  0.3211761  0.055911647885774754
-1.282939  0.40048279999999997  0.06350509056669526
-1.282939  0.48081060000000003  0.07366661105123676
-1.282939  0.5611078  0.07890379098160236
-1.282939  0.6415377999999999  0.08493568679588635
-1.282939  0.721835  0.09476341607606131
-1.282939  0.8021064  0.09951464696302002
-1.282939  0.8824392  0.10502418809175018
-1.282939  0.9628194  0.11462166754368192
-1.282939  1.042182  0.12037377121702507
-1.282939  1.122482  0.12454032059714991
-1.282939  1.202826  0.13308316130419043
-1.282939  1.283218  0.140025682005104
-1.282939  1.363525  0.14349088334142962
-1.282939  1.443879  0.1502312210647368
-1.282939  1.524171  0.15851435367163957
-1.282939  1.6045530000000001  0.16252474896876876
-1.282939  1.68388  0.16661157015574304
-1.282939  1.764172  0.17510244780423523
-1.282939  1.844704  0.18113169567269494
-1.282939  1.924924  0.18380208930239858
-1.282939  2.005094  0.19070317956201138
-1.36323  -1.36323  -0.1190982
-1.36323  -1.282939  -0.11334723031769373
-1.36323  -1.202593  -0.10704929622552053
-1.36323  -1.1222370000000002  -0.10004600907421106
-1.36323  -1.0420340000000001  -0.09424188706647506
-1.36323  -0.9626577  -0.08704561998085396
-1.36323  -0.8821235000000001  -0.07981277789151915
-1.36323  -0.8020535  -0.07340681113729275
-1.36323  -0.7218202  -0.06609537414896148
-1.36323  -0.641522  -0.05844605784912469
-1.36323  -0.5611178  -0.052153787747377965
-1.36323  -0.4808311  -0.04451236261095359
-1.36323  -0.4005277  -0.036176279778767285
-1.36323  -0.3212371  -0.0309093499446158
-1.36323  -0.24091759999999998  -0.02213964833693157
-1.36323  -0.16063650000000002  -0.012556212043651094
-1.36323  -0.08037691  -0.005873087379331352
-1.36323  -3.054735e-5  0.002686938010342044
-1.36323  0.08030756  0.021561814075113026
-1.36323  0.1605981  0.041246934433371504
-1.36323  0.24095840000000002  0.04776674182297522
-1.36323  0.3211761  0.055518356260686956
-1.36323  0.40048279999999997  0.06534127295850933
-1.36323  0.48081060000000003  0.07237311750769808
-1.36323  0.5611078  0.07704081401521537
-1.36323  0.6415377999999999  0.08657588536104996
-1.36323  0.721835  0.09440802704515316
-1.36323  0.8021064  0.09814276046549154
-1.36323  0.8824392  0.1060511094826847
-1.36323  0.9628194  0.11432432954317577
-1.36323  1.042182  0.11878242148802974
-1.36323  1.122482  0.12455931527296599
-1.36323  1.202826  0.1337295961959683
-1.36323  1.283218  0.1383279886652755
-1.36323  1.363525  0.14242306983118427
-1.36323  1.443879  0.1510983134111504
-1.36323  1.524171  0.15840867349822987
-1.36323  1.6045530000000001  0.16167238127058456
-1.36323  1.68388  0.1671314792063242
-1.36323  1.764172  0.17541087849875275
-1.36323  1.844704  0.17996968649187098
-1.36323  1.924924  0.18306842841940546
-1.36323  2.005094  0.19044595551872073
-1.4435429999999998  -1.4435429999999998  -0.1268187
-1.4435429999999998  -1.36323  -0.12045782784293373
-1.4435429999999998  -1.282939  -0.1146570529390416
-1.4435429999999998  -1.202593  -0.10783909086239434
-1.4435429999999998  -1.1222370000000002  -0.10093685904962554
-1.4435429999999998  -1.0420340000000001  -0.09477087996281808
-1.4435429999999998  -0.9626577  -0.08806302925868634
-1.4435429999999998  -0.8821235000000001  -0.08016440619894084
-1.4435429999999998  -0.8020535  -0.07448985091369764
-1.4435429999999998  -0.7218202  -0.0674185400683292
-1.4435429999999998  -0.641522  -0.058947975997943304
-1.4435429999999998  -0.5611178  -0.052907614211791174
-1.4435429999999998  -0.4808311  -0.045611064916154485
-1.4435429999999998  -0.4005277  -0.03701561046928858
-1.4435429999999998  -0.3212371  -0.029526394592269013
-1.4435429999999998  -0.24091759999999998  -0.024134730318226553
-1.4435429999999998  -0.16063650000000002  -0.014649394581103238
-1.4435429999999998  -0.08037691  -0.004782142599532638
-1.4435429999999998  -3.054735e-5  0.0022455578787064236
-1.4435429999999998  0.08030756  0.016984092788721594
-1.4435429999999998  0.1605981  0.040253978615685436
-1.4435429999999998  0.24095840000000002  0.04831823625279574
-1.4435429999999998  0.3211761  0.05463356663356838
-1.4435429999999998  0.40048279999999997  0.06391001695538895
-1.4435429999999998  0.48081060000000003  0.0723370322200644
-1.4435429999999998  0.5611078  0.0775436838968184
-1.4435429999999998  0.6415377999999999  0.08494983123469842
-1.4435429999999998  0.721835  0.09360269175224994
-1.4435429999999998  0.8021064  0.09992983691968518
-1.4435429999999998  0.8824392  0.10450020882496125
-1.4435429999999998  0.9628194  0.11325552641394898
-1.4435429999999998  1.042182  0.1207243712872798
-1.4435429999999998  1.122482  0.12476164659945153
-1.4435429999999998  1.202826  0.13069971788174886
-1.4435429999999998  1.283218  0.13944832032177717
-1.4435429999999998  1.363525  0.14438286955112564
-1.4435429999999998  1.443879  0.14865748040537627
-1.4435429999999998  1.524171  0.1562562909182365
-1.4435429999999998  1.6045530000000001  0.16373849126049794
-1.4435429999999998  1.68388  0.16628287470600445
-1.4435429999999998  1.764172  0.17244241143513828
-1.4435429999999998  1.844704  0.18034154088993276
-1.4435429999999998  1.924924  0.18573736076171204
-1.4435429999999998  2.005094  0.19018866099519005
-1.523775  -1.523775  -0.1342849
-1.523775  -1.4435429999999998  -0.1284694352129355
-1.523775  -1.36323  -0.1220965741676373
-1.523775  -1.282939  -0.11548559834464268
-1.523775  -1.202593  -0.10928181656551487
-1.523775  -1.1222370000000002  -0.10252611137403247
-1.523775  -1.0420340000000001  -0.09570191590068168
-1.523775  -0.9626577  -0.08903055807916188
-1.523775  -0.8821235000000001  -0.08131319538238671
-1.523775  -0.8020535  -0.07463537500255008
-1.523775  -0.7218202  -0.0684682334391897
-1.523775  -0.641522  -0.0612125890375851
-1.523775  -0.5611178  -0.05284044564999255
-1.523775  -0.4808311  -0.04671015086986931
-1.523775  -0.4005277  -0.03929469550518469
-1.523775  -0.3212371  -0.02930166439263855
-1.523775  -0.24091759999999998  -0.023125517642009
-1.523775  -0.16063650000000002  -0.01679394461282255
-1.523775  -0.08037691  -0.006027303729019528
-1.523775  -3.054735e-5  0.0041524896159231385
-1.523775  0.08030756  0.017789879598295075
-1.523775  0.1605981  0.03829959387070288
-1.523775  0.24095840000000002  0.04931136858483587
-1.523775  0.3211761  0.057426355006488516
-1.523775  0.40048279999999997  0.062464620200424426
-1.523775  0.48081060000000003  0.07012475575048635
-1.523775  0.5611078  0.07924352011906409
-1.523775  0.6415377999999999  0.08531605567390001
-1.523775  0.721835  0.09043466776418244
-1.523775  0.8021064  0.09963249279303994
-1.523775  0.8824392  0.10756117514706705
-1.523775  0.9628194  0.11164660156475882
-1.523775  1.042182  0.11761299003360895
-1.523775  1.122482  0.12710542780800738
-1.523775  1.202826  0.1316189275974457
-1.523775  1.283218  0.13614823178600513
-1.523775  1.363525  0.14461363471541905
-1.523775  1.443879  0.1522568525770965
-1.523775  1.524171  0.15625840494199986
-1.523775  1.6045530000000001  0.1614315027541465
-1.523775  1.68388  0.16875129284156581
-1.523775  1.764172  0.17409422364232874
-1.523775  1.844704  0.17822154433694634
-1.523775  1.924924  0.18365321460235473
-1.523775  2.005094  0.18993162596708857
-1.6040969999999999  -1.6040969999999999  -0.1417845
-1.6040969999999999  -1.523775  -0.13631772868644126
-1.6040969999999999  -1.4435429999999998  -0.1297473921299327
-1.6040969999999999  -1.36323  -0.12356036934987746
-1.6040969999999999  -1.282939  -0.11726465004747634
-1.6040969999999999  -1.202593  -0.11049968451348778
-1.6040969999999999  -1.1222370000000002  -0.10316054187877896
-1.6040969999999999  -1.0420340000000001  -0.09702208997694872
-1.6040969999999999  -0.9626577  -0.0906444619019281
-1.6040969999999999  -0.8821235000000001  -0.08275262314580564
-1.6040969999999999  -0.8020535  -0.07586040935190276
-1.6040969999999999  -0.7218202  -0.06953637061175322
-1.6040969999999999  -0.641522  -0.061342572654979916
-1.6040969999999999  -0.5611178  -0.05332572761050959
-1.6040969999999999  -0.4808311  -0.04813628532991059
-1.6040969999999999  -0.4005277  -0.04024761653092208
-1.6040969999999999  -0.3212371  -0.030715034704754063
-1.6040969999999999  -0.24091759999999998  -0.02421818428985761
-1.6040969999999999  -0.16063650000000002  -0.017772588063090785
-1.6040969999999999  -0.08037691  -0.007061572108119008
-1.6040969999999999  -3.054735e-5  0.0036159388001799544
-1.6040969999999999  0.08030756  0.015777005397403555
-1.6040969999999999  0.1605981  0.036672583375468394
-1.6040969999999999  0.24095840000000002  0.04823615615098578
-1.6040969999999999  0.3211761  0.056640507048552786
-1.6040969999999999  0.40048279999999997  0.06240340569998789
-1.6040969999999999  0.48081060000000003  0.06876457437885172
-1.6040969999999999  0.5611078  0.07891202166131008
-1.6040969999999999  0.6415377999999999  0.0849635129258509
-1.6040969999999999  0.721835  0.09021327172351545
-1.6040969999999999  0.8021064  0.09814884319319322
-1.6040969999999999  0.8824392  0.10741851449916683
-1.6040969999999999  0.9628194  0.11213554497866703
-1.6040969999999999  1.042182  0.11654880041133461
-1.6040969999999999  1.122482  0.1253538718428241
-1.6040969999999999  1.202826  0.1332121477181124
-1.6040969999999999  1.283218  0.1370013317455612
-1.6040969999999999  1.363525  0.14232312161453012
-1.6040969999999999  1.443879  0.15150277101586182
-1.6040969999999999  1.524171  0.1562806711696022
-1.6040969999999999  1.6045530000000001  0.15985762632292413
-1.6040969999999999  1.68388  0.16693397980656702
-1.6040969999999999  1.764172  0.17353484768114918
-1.6040969999999999  1.844704  0.1796074506137276
-1.6040969999999999  1.924924  0.18274629088978556
-1.6040969999999999  2.005094  0.18967430261073243
-1.683384  -1.683384  -0.1489259
-1.683384  -1.6040969999999999  -0.1432730713368698
-1.683384  -1.523775  -0.13704583607716517
-1.683384  -1.4435429999999998  -0.1309680714162533
-1.683384  -1.36323  -0.12485002476646295
-1.683384  -1.282939  -0.11821559059329759
-1.683384  -1.202593  -0.11112597985567149
-1.683384  -1.1222370000000002  -0.10446810981129089
-1.683384  -1.0420340000000001  -0.09878349385197571
-1.683384  -0.9626577  -0.0914826344419796
-1.683384  -0.8821235000000001  -0.08371386419256138
-1.683384  -0.8020535  -0.07770118598784995
-1.683384  -0.7218202  -0.07066709828700667
-1.683384  -0.641522  -0.06201482687932195
-1.683384  -0.5611178  -0.05505915096470245
-1.683384  -0.4808311  -0.04928518854052071
-1.683384  -0.4005277  -0.039702718199497875
-1.683384  -0.3212371  -0.031214629270408734
-1.683384  -0.24091759999999998  -0.026024864132067543
-1.683384  -0.16063650000000002  -0.018215357286036352
-1.683384  -0.08037691  -0.007162391404502631
-1.683384  -3.054735e-5  0.0021774196949236996
-1.683384  0.08030756  0.016141734385284646
-1.683384  0.1605981  0.0368723798026588
-1.683384  0.24095840000000002  0.0481850523974464
-1.683384  0.3211761  0.0565691278558808
-1.683384  0.40048279999999997  0.06133148677175763
-1.683384  0.48081060000000003  0.06924147267528968
-1.683384  0.5611078  0.0787709253215261
-1.683384  0.6415377999999999  0.08412028125563144
-1.683384  0.721835  0.08943359044907183
-1.683384  0.8021064  0.098465777294744
-1.683384  0.8824392  0.10647342551825932
-1.683384  0.9628194  0.1105387906247291
-1.683384  1.042182  0.11651928646130773
-1.683384  1.122482  0.12550890733188722
-1.683384  1.202826  0.1324544117469181
-1.683384  1.283218  0.1356114482409109
-1.683384  1.363525  0.1414665099738414
-1.683384  1.443879  0.1507626813339042
-1.683384  1.524171  0.15714165893514628
-1.683384  1.6045530000000001  0.16064434690111368
-1.683384  1.68388  0.1662658345058965
-1.683384  1.764172  0.17398041963842115
-1.683384  1.844704  0.17972287134819007
-1.683384  1.924924  0.18295549461674684
-1.683384  2.005094  0.18942029502930505
-1.763663  -1.763663  -0.1565991
-1.763663  -1.683384  -0.15084648744502893
-1.763663  -1.6040969999999999  -0.14484132183448103
-1.763663  -1.523775  -0.13900560496398107
-1.763663  -1.4435429999999998  -0.1327960574800368
-1.763663  -1.36323  -0.12624368204799485
-1.763663  -1.282939  -0.11973894441026163
-1.763663  -1.202593  -0.11313686574955006
-1.763663  -1.1222370000000002  -0.10562257199249826
-1.763663  -1.0420340000000001  -0.09928324466597535
-1.763663  -0.9626577  -0.09357081243306278
-1.763663  -0.8821235000000001  -0.08518255199800591
-1.763663  -0.8020535  -0.07786448379715143
-1.763663  -0.7218202  -0.0720911979858822
-1.763663  -0.641522  -0.06452454686909276
-1.763663  -0.5611178  -0.05557481264512708
-1.763663  -0.4808311  -0.048706890326487444
-1.763663  -0.4005277  -0.04291086054010478
-1.763663  -0.3212371  -0.034119253011881796
-1.763663  -0.24091759999999998  -0.024511428341940287
-1.763663  -0.16063650000000002  -0.01843877918710486
-1.763663  -0.08037691  -0.011288812752351995
-1.763663  -3.054735e-5  0.001209065554157634
-1.763663  0.08030756  0.017155843595994178
-1.763663  0.1605981  0.03560431232699903
-1.763663  0.24095840000000002  0.04405588450565693
-1.763663  0.3211761  0.05426009024931774
-1.763663  0.40048279999999997  0.06312112250917422
-1.763663  0.48081060000000003  0.06863286876776489
-1.763663  0.5611078  0.07487603158557651
-1.763663  0.6415377999999999  0.08488616041099552
-1.763663  0.721835  0.09188799314692248
-1.763663  0.8021064  0.09568812493645083
-1.763663  0.8824392  0.10434548131481078
-1.763663  0.9628194  0.11196233539722655
-1.763663  1.042182  0.11696066592552914
-1.763663  1.122482  0.12260236623537454
-1.763663  1.202826  0.13146898501809065
-1.763663  1.283218  0.13802494446397323
-1.763663  1.363525  0.14189664791200982
-1.763663  1.443879  0.14771438953992394
-1.763663  1.524171  0.15636156856304756
-1.763663  1.6045530000000001  0.16317366540159983
-1.763663  1.68388  0.1656123683184904
-1.763663  1.764172  0.17169056831522927
-1.763663  1.844704  0.1795425574950101
-1.763663  1.924924  0.18508601841065284
-1.763663  2.005094  0.1891631094297817
-1.8440429999999999  -1.8440429999999999  -0.1637382
-1.8440429999999999  -1.763663  -0.15850935757304924
-1.8440429999999999  -1.683384  -0.15270278915733843
-1.8440429999999999  -1.6040969999999999  -0.14688493632592772
-1.8440429999999999  -1.523775  -0.14095009682648493
-1.8440429999999999  -1.4435429999999998  -0.1342986533271201
-1.8440429999999999  -1.36323  -0.12765039581752954
-1.8440429999999999  -1.282939  -0.12158274170025105
-1.8440429999999999  -1.202593  -0.11459389476510691
-1.8440429999999999  -1.1222370000000002  -0.1077042694208885
-1.8440429999999999  -1.0420340000000001  -0.10187360948459281
-1.8440429999999999  -0.9626577  -0.09469498959765728
-1.8440429999999999  -0.8821235000000001  -0.08681254874894775
-1.8440429999999999  -0.8020535  -0.07999046032878646
-1.8440429999999999  -0.7218202  -0.07404348374386321
-1.8440429999999999  -0.641522  -0.0657918198065561
-1.8440429999999999  -0.5611178  -0.05732842981789522
-1.8440429999999999  -0.4808311  -0.05118611136189184
-1.8440429999999999  -0.4005277  -0.043753206433674384
-1.8440429999999999  -0.3212371  -0.03422854066877688
-1.8440429999999999  -0.24091759999999998  -0.026574383753713106
-1.8440429999999999  -0.16063650000000002  -0.020713520758568218
-1.8440429999999999  -0.08037691  -0.010920482598304462
-1.8440429999999999  -3.054735e-5  0.0005275143251866685
-1.8440429999999999  0.08030756  0.015823640455960287
-1.8440429999999999  0.1605981  0.033623026904886735
-1.8440429999999999  0.24095840000000002  0.0431227675523146
-1.8440429999999999  0.3211761  0.05376138688485438
-1.8440429999999999  0.40048279999999997  0.06183851021093681
-1.8440429999999999  0.48081060000000003  0.06685526947482621
-1.8440429999999999  0.5611078  0.07495085368154379
-1.8440429999999999  0.6415377999999999  0.08383917681335472
-1.8440429999999999  0.721835  0.08901983093914224
-1.8440429999999999  0.8021064  0.09539938610395249
-1.8440429999999999  0.8824392  0.1049633333349127
-1.8440429999999999  0.9628194  0.11093611080552483
-1.8440429999999999  1.042182  0.11636332814431337
-1.8440429999999999  1.122482  0.12172924214461875
-1.8440429999999999  1.202826  0.13110737828139832
-1.8440429999999999  1.283218  0.13844233952016907
-1.8440429999999999  1.363525  0.14179001547902093
-1.8440429999999999  1.443879  0.14736864076363804
-1.8440429999999999  1.524171  0.1556992679662613
-1.8440429999999999  1.6045530000000001  0.1625102322886401
-1.8440429999999999  1.68388  0.16539110082212172
-1.8440429999999999  1.764172  0.17133267027028412
-1.8440429999999999  1.844704  0.1795416323531334
-1.8440429999999999  1.924924  0.18507673993185844
-1.8440429999999999  2.005094  0.18890560026188363
-1.9243540000000001  -1.9243540000000001  -0.1710884
-1.9243540000000001  -1.8440429999999999  -0.1657915920562936
-1.9243540000000001  -1.763663  -0.16054728886399125
-1.9243540000000001  -1.683384  -0.15452868933793426
-1.9243540000000001  -1.6040969999999999  -0.14875306564810542
-1.9243540000000001  -1.523775  -0.14261598878006398
-1.9243540000000001  -1.4435429999999998  -0.13615322968110916
-1.9243540000000001  -1.36323  -0.1300052987060608
-1.9243540000000001  -1.282939  -0.12396473666525284
-1.9243540000000001  -1.202593  -0.11594620573639375
-1.9243540000000001  -1.1222370000000002  -0.11006638254092536
-1.9243540000000001  -1.0420340000000001  -0.1042055717004121
-1.9243540000000001  -0.9626577  -0.09605999936723128
-1.9243540000000001  -0.8821235000000001  -0.08828673289844548
-1.9243540000000001  -0.8020535  -0.08245229397432714
-1.9243540000000001  -0.7218202  -0.07576799368672414
-1.9243540000000001  -0.641522  -0.06631677648969814
-1.9243540000000001  -0.5611178  -0.05995783978282539
-1.9243540000000001  -0.4808311  -0.053701242874617465
-1.9243540000000001  -0.4005277  -0.04486858837587639
-1.9243540000000001  -0.3212371  -0.03566892774983458
-1.9243540000000001  -0.24091759999999998  -0.02970764911296753
-1.9243540000000001  -0.16063650000000002  -0.02277690104314688
-1.9243540000000001  -0.08037691  -0.01152387656139429
-1.9243540000000001  -3.054735e-5  -0.0010226621369428981
-1.9243540000000001  0.08030756  0.011607433207154523
-1.9243540000000001  0.1605981  0.03213815839559696
-1.9243540000000001  0.24095840000000002  0.04405576704015842
-1.9243540000000001  0.3211761  0.05326319416245853
-1.9243540000000001  0.40048279999999997  0.05844953058785751
-1.9243540000000001  0.48081060000000003  0.06561330626333918
-1.9243540000000001  0.5611078  0.07601917016849309
-1.9243540000000001  0.6415377999999999  0.08154954753015517
-1.9243540000000001  0.721835  0.08652273147342895
-1.9243540000000001  0.8021064  0.09620832867088987
-1.9243540000000001  0.8824392  0.10449507719935502
-1.9243540000000001  0.9628194  0.10874202347569321
-1.9243540000000001  1.042182  0.11535402702048747
-1.9243540000000001  1.122482  0.12360443972908183
-1.9243540000000001  1.202826  0.13091324119525957
-1.9243540000000001  1.283218  0.13373936479320378
-1.9243540000000001  1.363525  0.1411292080887361
-1.9243540000000001  1.443879  0.14939324489386074
-1.9243540000000001  1.524171  0.1550832723655596
-1.9243540000000001  1.6045530000000001  0.15879942021726867
-1.9243540000000001  1.68388  0.16574893139113694
-1.9243540000000001  1.764172  0.1744360207108902
-1.9243540000000001  1.844704  0.1787734007783924
-1.9243540000000001  1.924924  0.18240237790291053
-1.9243540000000001  2.005094  0.18861590166116207
-2.0046939999999998  -2.0046939999999998  -0.1784717
-2.0046939999999998  -1.9243540000000001  -0.17349705874521248
-2.0046939999999998  -1.8440429999999999  -0.16722217245446788
-2.0046939999999998  -1.763663  -0.16229760734517962
-2.0046939999999998  -1.683384  -0.15622139562070886
-2.0046939999999998  -1.6040969999999999  -0.15076185981618584
-2.0046939999999998  -1.523775  -0.14506011640451108
-2.0046939999999998  -1.4435429999999998  -0.13810440913286992
-2.0046939999999998  -1.36323  -0.13221182761604158
-2.0046939999999998  -1.282939  -0.12587177873800226
-2.0046939999999998  -1.202593  -0.11823816413258972
-2.0046939999999998  -1.1222370000000002  -0.11220369591743706
-2.0046939999999998  -1.0420340000000001  -0.10652616787736988
-2.0046939999999998  -0.9626577  -0.09802471626545844
-2.0046939999999998  -0.8821235000000001  -0.09085478747846801
-2.0046939999999998  -0.8020535  -0.08483919827885238
-2.0046939999999998  -0.7218202  -0.07781621626105209
-2.0046939999999998  -0.641522  -0.06873767920044024
-2.0046939999999998  -0.5611178  -0.0626055307484395
-2.0046939999999998  -0.4808311  -0.05607057973627158
-2.0046939999999998  -0.4005277  -0.047048914147565055
-2.0046939999999998  -0.3212371  -0.03799705367818095
-2.0046939999999998  -0.24091759999999998  -0.03188002718141192
-2.0046939999999998  -0.16063650000000002  -0.024471780734640534
-2.0046939999999998  -0.08037691  -0.013927719508896312
-2.0046939999999998  -3.054735e-5  -0.0031791634397930544
-2.0046939999999998  0.08030756  0.010794842695976392
-2.0046939999999998  0.1605981  0.030085422591934013
-2.0046939999999998  0.24095840000000002  0.04116481189811859
-2.0046939999999998  0.3211761  0.05120381806782711
-2.0046939999999998  0.40048279999999997  0.057261707471245704
-2.0046939999999998  0.48081060000000003  0.06401919850134302
-2.0046939999999998  0.5611078  0.07364713992136332
-2.0046939999999998  0.6415377999999999  0.08088227818470015
-2.0046939999999998  0.721835  0.08640181766052457
-2.0046939999999998  0.8021064  0.09443806092341163
-2.0046939999999998  0.8824392  0.10243437674158674
-2.0046939999999998  0.9628194  0.10877699644126596
-2.0046939999999998  1.042182  0.11332478754478123
-2.0046939999999998  1.122482  0.12160258721320444
-2.0046939999999998  1.202826  0.12936663198813053
-2.0046939999999998  1.283218  0.13537996307658595
-2.0046939999999998  1.363525  0.13976960914261288
-2.0046939999999998  1.443879  0.148154641760105
-2.0046939999999998  1.524171  0.1553150122480016
-2.0046939999999998  1.6045530000000001  0.16001373526331156
-2.0046939999999998  1.68388  0.16442948685548833
-2.0046939999999998  1.764172  0.17220786036103458
-2.0046939999999998  1.844704  0.1789824104944332
-2.0046939999999998  1.924924  0.18283318525876063
-2.0046939999999998  2.005094  0.18697391340790276
