1.924924  1.924924  0.19628310000000002
1.924924  1.964907  0.1985702
1.924924  2.005094  0.20102509999999998
1.844704  1.844704  0.1913019
1.844704  1.899257  0.1947859
1.844704  1.953132  0.19785329999999998
1.844704  2.0050440000000003  0.2011895
1.764172  1.764172  0.1859457
1.764172  1.818781  0.1890519
1.764172  1.872886  0.19205329999999998
1.764172  1.926677  0.1969365
1.764172  1.9814990000000001  0.1984163
1.764172  2.005165  0.2005252
1.68388  1.68388  0.1799615
1.68388  1.7384929999999998  0.1839506
1.68388  1.792339  0.1871532
1.68388  1.846426  0.1913704
1.68388  1.901225  0.1930421
1.68388  1.955066  0.1979938
1.68388  2.0050440000000003  0.20094779999999998
1.6045530000000001  1.6045530000000001  0.17504820000000001
1.6045530000000001  1.658161  0.178132
1.6045530000000001  1.712081  0.18223889999999998
1.6045530000000001  1.766874  0.1850149
1.6045530000000001  1.820751  0.1901363
1.6045530000000001  1.87476  0.1912846
1.6045530000000001  1.929577  0.19590159999999998
1.6045530000000001  1.983464  0.1993041
1.6045530000000001  2.005151  0.2007174
1.524171  1.524171  0.1694707
1.524171  1.577878  0.1725191
1.524171  1.631724  0.1765011
1.524171  1.686562  0.17927
1.524171  1.7404490000000001  0.18382690000000002
1.524171  1.794279  0.1859225
1.524171  1.849318  0.1910609
1.524171  1.9031500000000001  0.1933593
1.524171  1.957031  0.1970576
1.524171  2.005042  0.20081849999999998
1.443879  1.443879  0.16326670000000001
1.443879  1.4974770000000002  0.1672206
1.443879  1.551418  0.17052420000000001
1.443879  1.606266  0.173736
1.443879  1.660124  0.1783109
1.443879  1.714024  0.18095789999999998
1.443879  1.7688320000000002  0.1846453
1.443879  1.822691  0.1891678
1.443879  1.8766980000000002  0.19092720000000002
1.443879  1.9315440000000001  0.1959511
1.443879  1.985387  0.1985265
1.443879  2.005149  0.1998011
1.363525  1.363525  0.15718970000000002
1.363525  1.417165  0.16109459999999998
1.363525  1.472026  0.1644101
1.363525  1.5259090000000002  0.1683025
1.363525  1.579844  0.17184319999999997
1.363525  1.634651  0.176316
1.363525  1.6885160000000001  0.17880780000000002
1.363525  1.742391  0.183747
1.363525  1.797207  0.1862228
1.363525  1.8512639999999998  0.1891015
1.363525  1.905105  0.19450009999999998
1.363525  1.959939  0.1959891
1.363525  2.005033  0.2000856
1.283218  1.283218  0.150837
1.283218  1.3368520000000002  0.1549341
1.283218  1.391714  0.1582709
1.283218  1.445609  0.16169089999999997
1.283218  1.499455  0.1664472
1.283218  1.554328  0.1692719
1.283218  1.6081990000000002  0.1735244
1.283218  1.6620730000000001  0.1780408
1.283218  1.716934  0.17977800000000002
1.283218  1.7707709999999999  0.1842934
1.283218  1.824632  0.187846
1.283218  1.8796169999999999  0.1904762
1.283218  1.933455  0.1955315
1.283218  1.987319  0.1983023
1.283218  2.005124  0.19930969999999998
1.202826  1.202826  0.144927
1.202826  1.257506  0.14849500000000002
1.202826  1.311396  0.151992
1.202826  1.365248  0.15646790000000002
1.202826  1.4191369999999999  0.15969629999999999
1.202826  1.473955  0.1645507
1.202826  1.527843  0.16675969999999998
1.202826  1.581765  0.1713598
1.202826  1.636594  0.17565129999999998
1.202826  1.690513  0.1772264
1.202826  1.7443389999999999  0.18229610000000002
1.202826  1.799127  0.1861392
1.202826  1.8531710000000001  0.1880033
1.202826  1.907019  0.1935644
1.202826  1.9618740000000001  0.19610729999999998
1.202826  2.00502  0.1989688
1.122482  1.122482  0.1387553
1.122482  1.177079  0.14207039999999999
1.122482  1.2311210000000001  0.1459897
1.122482  1.284931  0.1501596
1.122482  1.339787  0.1532812
1.122482  1.393671  0.1582532
1.122482  1.447523  0.1606636
1.122482  1.5023499999999999  0.16538499999999998
1.122482  1.5563019999999999  0.16949419999999998
1.122482  1.610134  0.171366
1.122482  1.66496  0.1769117
1.122482  1.718876  0.1801295
1.122482  1.772697  0.18240199999999998
1.122482  1.827532  0.1886567
1.122482  1.8815419999999998  0.190807
1.122482  1.935417  0.1930033
1.122482  1.990229  0.19895049999999997
1.122482  2.005109  0.19840929999999998
1.042182  1.042182  0.1319542
1.042182  1.096787  0.1355839
1.042182  1.150652  0.1391256
1.042182  1.204531  0.14368979999999998
1.042182  1.259479  0.14676150000000002
1.042182  1.3133009999999998  0.1522973
1.042182  1.367169  0.1541617
1.042182  1.422048  0.1596004
1.042182  1.475894  0.1629872
1.042182  1.529775  0.1654483
1.042182  1.5847149999999999  0.1714506
1.042182  1.638516  0.1733832
1.042182  1.6924169999999998  0.1770576
1.042182  1.7472249999999998  0.1825522
1.042182  1.801055  0.18412969999999998
1.042182  1.855086  0.1880722
1.042182  1.909924  0.1931541
1.042182  1.963793  0.1942818
1.042182  2.004985  0.19868039999999998
0.9628194  0.9628194  0.12514589999999998
0.9628194  1.016492  0.12882909999999997
0.9628194  1.0703520000000002  0.132598
0.9628194  1.12518  0.137364
0.9628194  1.1790399999999999  0.14020929999999998
0.9628194  1.233077  0.14584029999999998
0.9628194  1.287852  0.14823
0.9628194  1.341716  0.15266809999999997
0.9628194  1.3955840000000002  0.15691629999999998
0.9628194  1.449442  0.15968809999999997
0.9628194  1.5042840000000002  0.1644212
0.9628194  1.5582049999999998  0.1686338
0.9628194  1.61206  0.1703101
0.9628194  1.6668969999999999  0.1758382
0.9628194  1.720783  0.1799132
0.9628194  1.774596  0.1812319
0.9628194  1.829463  0.1869354
0.9628194  1.883488  0.1901855
0.9628194  1.93728  0.1920232
0.9628194  1.992136  0.197374
0.9628194  2.0050619999999997  0.1974476
0.8824392  0.8824392  0.11850870000000001
0.8824392  0.9361147999999999  0.12264320000000001
0.8824392  0.9899885  0.12649739999999998
0.8824392  1.044878  0.12981890000000001
0.8824392  1.09876  0.13490059999999998
0.8824392  1.152604  0.1380787
0.8824392  1.2074529999999999  0.142134
0.8824392  1.261403  0.1473265
0.8824392  1.315251  0.1492618
0.8824392  1.370086  0.1544684
0.8824392  1.4239929999999998  0.1585105
0.8824392  1.477827  0.1602735
0.8824392  1.5326790000000001  0.16590349999999998
0.8824392  1.586594  0.1699454
0.8824392  1.6404480000000001  0.171606
0.8824392  1.695336  0.1774372
0.8824392  1.7491780000000001  0.181055
0.8824392  1.802975  0.1828346
0.8824392  1.8579700000000001  0.189014
0.8824392  1.911819  0.1920018
0.8824392  1.965682  0.1934576
0.8824392  2.004949  0.1980738
0.8021064  0.8021064  0.1113767
0.8021064  0.8557583  0.11538989999999999
0.8021064  0.9095986  0.1192482
0.8021064  0.9645165  0.12410129999999998
0.8021064  1.018477  0.12742689999999998
0.8021064  1.0723260000000001  0.1319034
0.8021064  1.1271179999999998  0.1361364
0.8021064  1.180982  0.13937460000000002
0.8021064  1.234998  0.1446959
0.8021064  1.289782  0.1479001
0.8021064  1.3436489999999999  0.1510949
0.8021064  1.397565  0.1566087
0.8021064  1.452356  0.15917869999999998
0.8021064  1.506208  0.16173
0.8021064  1.560124  0.1684187
0.8021064  1.614977  0.1712582
0.8021064  1.6688219999999998  0.1739469
0.8021064  1.722724  0.1798174
0.8021064  1.7775139999999998  0.1821409
0.8021064  1.83138  0.18448219999999999
0.8021064  1.885384  0.19028679999999998
0.8021064  1.940242  0.19304169999999998
0.8021064  1.994054  0.1952094
0.8021064  2.005021  0.1965867
0.721835  0.721835  0.10485069999999999
0.721835  0.7754357  0.1087847
0.721835  0.8302782999999999  0.1127279
0.721835  0.8842327  0.1167119
0.721835  0.9380658  0.1207846
0.721835  0.992889  0.1255626
0.721835  1.0468140000000001  0.128183
0.721835  1.100695  0.1336725
0.721835  1.155514  0.1372195
0.721835  1.209385  0.140445
0.721835  1.263363  0.146417
0.721835  1.317209  0.1491767
0.721835  1.3720080000000001  0.1518012
0.721835  1.425878  0.1582566
0.721835  1.479775  0.1608311
0.721835  1.534605  0.16316479999999997
0.721835  1.58852  0.1699017
0.721835  1.6424100000000001  0.1729264
0.721835  1.697228  0.17491969999999998
0.721835  1.7510709999999998  0.1808579
0.721835  1.804905  0.1837106
0.721835  1.8598869999999998  0.1854595
0.721835  1.913751  0.1913356
0.721835  1.9676  0.1950126
0.721835  2.004911  0.196467
0.6415377999999999  0.6415377999999999  0.09768671999999999
0.6415377999999999  0.6951793000000001  0.1015309
0.6415377999999999  0.7500087  0.1056807
0.6415377999999999  0.8038293  0.1103947
0.6415377999999999  0.8577026  0.11412
0.6415377999999999  0.9125315  0.1180064
0.6415377999999999  0.9664642  0.12307910000000001
0.6415377999999999  1.02038  0.1257262
0.6415377999999999  1.075237  0.1310365
0.6415377999999999  1.129053  0.1356851
0.6415377999999999  1.182915  0.13756200000000002
0.6415377999999999  1.2379090000000001  0.142828
0.6415377999999999  1.291711  0.1476376
0.6415377999999999  1.345594  0.1500799
0.6415377999999999  1.400426  0.154191
0.6415377999999999  1.454287  0.16010429999999998
0.6415377999999999  1.508155  0.1617422
0.6415377999999999  1.5630229999999998  0.1656839
0.6415377999999999  1.616892  0.1717485
0.6415377999999999  1.670734  0.1725339
0.6415377999999999  1.725594  0.1775968
0.6415377999999999  1.779417  0.183249
0.6415377999999999  1.833287  0.18438729999999998
0.6415377999999999  1.8873440000000001  0.1880675
0.6415377999999999  1.942102  0.1936195
0.6415377999999999  1.99596  0.19593
0.6415377999999999  2.004988  0.1966592
0.5611078  0.5611078  0.09061294
0.5611078  0.614757  0.0944627
0.5611078  0.6696738  0.09878859
0.5611078  0.7235479  0.1029971
0.5611078  0.7774097000000001  0.1073447
0.5611078  0.8322484  0.1108032
0.5611078  0.8861  0.1163274
0.5611078  0.940012  0.11930029999999998
0.5611078  0.9948421  0.1233495
0.5611078  1.048752  0.1287537
0.5611078  1.10264  0.1319482
0.5611078  1.157472  0.1361203
0.5611078  1.211344  0.1417205
0.5611078  1.2652670000000001  0.1441553
0.5611078  1.320103  0.14766479999999998
0.5611078  1.373962  0.153875
0.5611078  1.427815  0.15583209999999997
0.5611078  1.48266  0.15894419999999998
0.5611078  1.536797  0.1652264
0.5611078  1.590435  0.16815419999999998
0.5611078  1.645267  0.1702108
0.5611078  1.699164  0.1764847
0.5611078  1.753004  0.1802749
0.5611078  1.807799  0.1809457
0.5611078  1.86181  0.187129
0.5611078  1.9156469999999999  0.19083699999999998
0.5611078  1.970484  0.19296349999999998
0.5611078  2.004886  0.19641099999999997
0.48081060000000003  0.48081060000000003  0.08297394000000001
0.48081060000000003  0.5354116  0.0874981
0.48081060000000003  0.5893052  0.09213964
0.48081060000000003  0.6432606  0.09573572
0.48081060000000003  0.6981047  0.1001472
0.48081060000000003  0.7519340999999999  0.1046034
0.48081060000000003  0.8057799999999999  0.1082241
0.48081060000000003  0.8606214999999999  0.11387989999999999
0.48081060000000003  0.9144935000000001  0.11749949999999999
0.48081060000000003  0.9684046  0.1210854
0.48081060000000003  1.023315  0.1262684
0.48081060000000003  1.077222  0.1298432
0.48081060000000003  1.131021  0.1333377
0.48081060000000003  1.184846  0.138695
0.48081060000000003  1.239836  0.1422879
0.48081060000000003  1.2936210000000001  0.14484909999999998
0.48081060000000003  1.347494  0.1502687
0.48081060000000003  1.402426  0.15506060000000002
0.48081060000000003  1.456216  0.1568993
0.48081060000000003  1.5100660000000001  0.1619993
0.48081060000000003  1.5649469999999999  0.16705530000000002
0.48081060000000003  1.618805  0.1678321
0.48081060000000003  1.672647  0.1722319
0.48081060000000003  1.727518  0.1785987
0.48081060000000003  1.781336  0.180929
0.48081060000000003  1.835212  0.1830906
0.48081060000000003  1.890174  0.1894776
0.48081060000000003  1.94401  0.1914101
0.48081060000000003  1.997921  0.19406879999999999
0.48081060000000003  2.004946  0.1958106
0.40048279999999997  0.40048279999999997  0.07554457999999999
0.40048279999999997  0.4550863  0.08003518
0.40048279999999997  0.5089691000000001  0.08398885
0.40048279999999997  0.5628414  0.08882978999999999
0.40048279999999997  0.6178223  0.09276339
0.40048279999999997  0.6716431  0.09856384
0.40048279999999997  0.7255466  0.101353
0.40048279999999997  0.7803157  0.10603309999999999
0.40048279999999997  0.8341828  0.11107739999999999
0.40048279999999997  0.8880466  0.1137786
0.40048279999999997  0.9429554  0.1187625
0.40048279999999997  0.9968077  0.1241825
0.40048279999999997  1.050705  0.12670030000000002
0.40048279999999997  1.105564  0.130643
0.40048279999999997  1.159389  0.1367076
0.40048279999999997  1.213277  0.1396897
0.40048279999999997  1.268251  0.1423084
0.40048279999999997  1.322038  0.1485658
0.40048279999999997  1.375891  0.1519144
0.40048279999999997  1.430705  0.1537388
0.40048279999999997  1.484581  0.15945949999999998
0.40048279999999997  1.538514  0.1645788
0.40048279999999997  1.5933320000000002  0.16572409999999999
0.40048279999999997  1.647213  0.170762
0.40048279999999997  1.7010809999999998  0.1762062
0.40048279999999997  1.755839  0.1786772
0.40048279999999997  1.809696  0.1807079
0.40048279999999997  1.863737  0.1869409
0.40048279999999997  1.9175440000000001  0.19073669999999998
0.40048279999999997  1.972402  0.19154480000000002
0.40048279999999997  2.004844  0.19621429999999998
0.3211761  0.3211761  0.06798247
0.3211761  0.3747775  0.07234550999999999
0.3211761  0.4286267  0.07708832
0.3211761  0.4825277  0.08130605
0.3211761  0.5373616  0.0865629
0.3211761  0.5912418  0.08974220999999999
0.3211761  0.6452236  0.09456843
0.3211761  0.7000461  0.100176
0.3211761  0.7538488999999999  0.103086
0.3211761  0.8077462000000001  0.1082586
0.3211761  0.8625649  0.1130578
0.3211761  0.9164275000000001  0.11546429999999999
0.3211761  0.970407  0.1199028
0.3211761  1.025229  0.12582580000000002
0.3211761  1.079137  0.1287671
0.3211761  1.13297  0.1319278
0.3211761  1.187759  0.1384453
0.3211761  1.241767  0.1415551
0.3211761  1.29558  0.1445388
0.3211761  1.350404  0.1497193
0.3211761  1.4042750000000002  0.1546498
0.3211761  1.458143  0.15572049999999998
0.3211761  1.512965  0.1612879
0.3211761  1.5668810000000002  0.1668451
0.3211761  1.620748  0.1683657
0.3211761  1.675549  0.1715446
0.3211761  1.729455  0.17755479999999998
0.3211761  1.783255  0.1803748
0.3211761  1.838104  0.1827955
0.3211761  1.892167  0.1881686
0.3211761  1.945964  0.1929039
0.3211761  2.000787  0.1942871
0.3211761  2.004913  0.1952125
0.24095840000000002  0.24095840000000002  0.06057216
0.24095840000000002  0.294452  0.06530195
0.24095840000000002  0.3483489  0.06956122999999999
0.24095840000000002  0.40317430000000004  0.07371614
0.24095840000000002  0.4570473  0.07903735
0.24095840000000002  0.5109329  0.08403415
0.24095840000000002  0.5657817  0.08688763
0.24095840000000002  0.6197607  0.09264808000000001
0.24095840000000002  0.6735955  0.09747436999999999
0.24095840000000002  0.7284167  0.1003689
0.24095840000000002  0.7822692  0.1056632
0.24095840000000002  0.8361635  0.1103001
0.24095840000000002  0.8909507  0.11248409999999999
0.24095840000000002  0.9449107999999999  0.1182231
0.24095840000000002  0.9987245  0.12378199999999999
0.24095840000000002  1.053596  0.12665690000000002
0.24095840000000002  1.107503  0.12969429999999998
0.24095840000000002  1.161325  0.135761
0.24095840000000002  1.2151939999999999  0.13977689999999998
0.24095840000000002  1.2700989999999999  0.1415323
0.24095840000000002  1.3239539999999999  0.1469778
0.24095840000000002  1.377809  0.1521466
0.24095840000000002  1.432637  0.1539303
0.24095840000000002  1.486507  0.1584746
0.24095840000000002  1.540435  0.1645585
0.24095840000000002  1.595261  0.1671213
0.24095840000000002  1.6491  0.1692504
0.24095840000000002  1.702999  0.1756461
0.24095840000000002  1.757761  0.17938629999999997
0.24095840000000002  1.8116199999999998  0.1809198
0.24095840000000002  1.865657  0.18509820000000002
0.24095840000000002  1.920712  0.19078930000000002
0.24095840000000002  1.974277  0.1924421
0.24095840000000002  2.00479  0.1953529
0.1605981  0.1605981  0.05225398
0.1605981  0.2142268  0.057124089999999995
0.1605981  0.2680313  0.061566909999999996
0.1605981  0.3229376  0.06622436000000001
0.1605981  0.3767361  0.07045091
0.1605981  0.4305717  0.07686979
0.1605981  0.4854605  0.08008743
0.1605981  0.5393450000000001  0.08417849
0.1605981  0.5932023000000001  0.09052549
0.1605981  0.6481431  0.09471083
0.1605981  0.7020073  0.09760154
0.1605981  0.7558061  0.1031716
0.1605981  0.810645  0.107476
0.1605981  0.8645126000000001  0.1102235
0.1605981  0.9183696  0.1158974
0.1605981  0.9732546  0.1208129
0.1605981  1.0271679999999999  0.1241197
0.1605981  1.081081  0.1272914
0.1605981  1.135894  0.1333335
0.1605981  1.189708  0.1374215
0.1605981  1.24369  0.139846
0.1605981  1.2984749999999998  0.1436812
0.1605981  1.3523230000000002  0.1508236
0.1605981  1.406201  0.15288770000000002
0.1605981  1.4610589999999999  0.15521369999999998
0.1605981  1.514886  0.16200009999999998
0.1605981  1.568805  0.1665434
0.1605981  1.623623  0.1669131
0.1605981  1.677462  0.1713366
0.1605981  1.731349  0.1781636
0.1605981  1.785185  0.1803477
0.1605981  1.840023  0.181642
0.1605981  1.893996  0.1877835
0.1605981  1.9478469999999999  0.1931244
0.1605981  2.002703  0.1941779
0.1605981  2.004853  0.1945335
0.08030756  0.08030756  0.04349857
0.08030756  0.133908  0.04848868
0.08030756  0.18874950000000001  0.05369789
0.08030756  0.242598  0.05885042
0.08030756  0.2964253  0.06409023999999999
0.08030756  0.3513057  0.06754284
0.08030756  0.4051612  0.07310884
0.08030756  0.4590129  0.07799836
0.08030756  0.5128817999999999  0.08106419
0.08030756  0.5677487999999999  0.08651971
0.08030756  0.6217016  0.09189233000000001
0.08030756  0.6755325  0.09471336999999999
0.08030756  0.7305422  0.09914199
0.08030756  0.7842017  0.1056507
0.08030756  0.838067  0.108992
0.08030756  0.8928975  0.1119696
0.08030756  0.946832  0.11764379999999999
0.08030756  1.0006789999999999  0.1227559
0.08030756  1.055562  0.12520599999999998
0.08030756  1.109451  0.1297514
0.08030756  1.16327  0.13547510000000001
0.08030756  1.218101  0.13921309999999998
0.08030756  1.2720319999999998  0.140993
0.08030756  1.325914  0.1458551
0.08030756  1.3807239999999998  0.1524627
0.08030756  1.434549  0.1539924
0.08030756  1.488413  0.15750740000000002
0.08030756  1.5433130000000002  0.16343799999999997
0.08030756  1.597176  0.1674849
0.08030756  1.6510239999999998  0.16852379999999997
0.08030756  1.705891  0.1739906
0.08030756  1.7596880000000001  0.17989819999999998
0.08030756  1.8135329999999998  0.1814021
0.08030756  1.868527  0.1838033
0.08030756  1.922356  0.1894996
0.08030756  1.976218  0.1943832
0.08030756  2.004733  0.1942281
-3.054735e-5  -3.054735e-5  0.03411141
-3.054735e-5  0.053625900000000004  0.039603929999999996
-3.054735e-5  0.1084243  0.04547166
-3.054735e-5  0.1623037  0.049740559999999996
-3.054735e-5  0.2161763  0.05630027
-3.054735e-5  0.270984  0.06031551
-3.054735e-5  0.3249013  0.06477648999999999
-3.054735e-5  0.37871069999999996  0.07100191
-3.054735e-5  0.433528  0.07434614
-3.054735e-5  0.48741019999999996  0.07823684
-3.054735e-5  0.5412863  0.08413378
-3.054735e-5  0.5960713  0.08994572
-3.054735e-5  0.6500847  0.09247206999999999
-3.054735e-5  0.703982  0.09680818
-3.054735e-5  0.7587273  0.1031958
-3.054735e-5  0.8125974  0.1066358
-3.054735e-5  0.8664537  0.10972749999999999
-3.054735e-5  0.9212895  0.1151268
-3.054735e-5  0.975229  0.12022229999999999
-3.054735e-5  1.029135  0.12291590000000001
-3.054735e-5  1.0830050000000002  0.1262503
-3.054735e-5  1.137818  0.1330607
-3.054735e-5  1.19168  0.1366732
-3.054735e-5  1.2456010000000002  0.13893019999999998
-3.054735e-5  1.300408  0.14327489999999998
-3.054735e-5  1.354303  0.1500052
-3.054735e-5  1.408122  0.1518306
-3.054735e-5  1.4629770000000002  0.1547975
-3.054735e-5  1.51681  0.16090949999999998
-3.054735e-5  1.570735  0.16541999999999998
-3.054735e-5  1.625562  0.1670548
-3.054735e-5  1.679385  0.1715613
-3.054735e-5  1.733264  0.1774093
-3.054735e-5  1.788058  0.179457
-3.054735e-5  1.8419320000000001  0.1817944
-3.054735e-5  1.8959000000000001  0.186682
-3.054735e-5  1.950763  0.1916116
-3.054735e-5  2.004614  0.1933678
-0.08037691  -0.08037691  0.01874452
-0.08037691  -0.026726530000000002  0.02427633
-0.08037691  0.028129809999999998  0.03158677
-0.08037691  0.08200989  0.04168074
-0.08037691  0.13586789999999999  0.04620482
-0.08037691  0.1907199  0.05219542
-0.08037691  0.2445665  0.05754661999999999
-0.08037691  0.2984326  0.06170093000000001
-0.08037691  0.353246  0.06681047
-0.08037691  0.4070862  0.07300757
-0.08037691  0.4609818  0.07660957
-0.08037691  0.515808  0.07992541
-0.08037691  0.5696911  0.08580723
-0.08037691  0.6236502  0.09116637
-0.08037691  0.6784511  0.09461103
-0.08037691  0.7323145  0.09848621
-0.08037691  0.7861583000000001  0.1044392
-0.08037691  0.8410103  0.10939850000000001
-0.08037691  0.8948539  0.1115992
-0.08037691  0.948785  0.1157913
-0.08037691  1.003634  0.12253679999999999
-0.08037691  1.057487  0.1251561
-0.08037691  1.111377  0.1282942
-0.08037691  1.166183  0.13346349999999998
-0.08037691  1.220026  0.1394372
-0.08037691  1.273984  0.1413969
-0.08037691  1.328798  0.14503970000000002
-0.08037691  1.382684  0.15187769999999998
-0.08037691  1.4365050000000001  0.1553229
-0.08037691  1.491332  0.1574202
-0.08037691  1.545255  0.160104
-0.08037691  1.5991289999999998  0.166816
-0.08037691  1.652955  0.1703543
-0.08037691  1.707806  0.1724076
-0.08037691  1.7616189999999998  0.1765259
-0.08037691  1.815442  0.1833309
-0.08037691  1.8704580000000002  0.1851959
-0.08037691  1.924289  0.1872663
-0.08037691  1.978144  0.19153240000000002
-0.08037691  2.004682  0.1935348
-0.16063650000000002  -0.16063650000000002  -0.002747883
-0.16063650000000002  -0.1060517  0.002224486
-0.16063650000000002  -0.05218122  0.008218707
-0.16063650000000002  0.001710132  0.013701119999999999
-0.16063650000000002  0.05651558  0.02344384
-0.16063650000000002  0.1103749  0.037546979999999994
-0.16063650000000002  0.1642928  0.048028919999999996
-0.16063650000000002  0.2191213  0.05490928
-0.16063650000000002  0.27293150000000005  0.05946029
-0.16063650000000002  0.3268609  0.06302072
-0.16063650000000002  0.3806662  0.06946047999999999
-0.16063650000000002  0.4354635  0.07494703
-0.16063650000000002  0.4893572  0.07784503
-0.16063650000000002  0.5432461  0.08247139
-0.16063650000000002  0.5980778  0.08873906
-0.16063650000000002  0.6520327  0.09337169000000001
-0.16063650000000002  0.7058785000000001  0.09635481
-0.16063650000000002  0.7606766  0.100918
-0.16063650000000002  0.8145517  0.1070773
-0.16063650000000002  0.8684135  0.1104692
-0.16063650000000002  0.923304  0.11330459999999999
-0.16063650000000002  0.9771263  0.11859399999999999
-0.16063650000000002  1.031047  0.1245707
-0.16063650000000002  1.085931  0.1268311
-0.16063650000000002  1.1397570000000001  0.1301129
-0.16063650000000002  1.193609  0.13652489999999998
-0.16063650000000002  1.248559  0.1413149
-0.16063650000000002  1.302327  0.142508
-0.16063650000000002  1.356182  0.1466487
-0.16063650000000002  1.4110250000000002  0.15359409999999998
-0.16063650000000002  1.464915  0.1571102
-0.16063650000000002  1.5187739999999998  0.1577618
-0.16063650000000002  1.573641  0.1635048
-0.16063650000000002  1.627469  0.1693482
-0.16063650000000002  1.681334  0.1716312
-0.16063650000000002  1.736164  0.1731817
-0.16063650000000002  1.789993  0.1799105
-0.16063650000000002  1.8439619999999999  0.1848582
-0.16063650000000002  1.898812  0.1868791
-0.16063650000000002  1.9526620000000001  0.188865
-0.16063650000000002  2.004574  0.1936094
-0.24091759999999998  -0.24091759999999998  -0.011925950000000001
-0.24091759999999998  -0.1863019  -0.0071892200000000005
-0.24091759999999998  -0.1324332  -0.0023214
-0.24091759999999998  -0.0786371  0.00311239
-0.24091759999999998  -0.0237988  0.009974693
-0.24091759999999998  0.03012143  0.01556115
-0.24091759999999998  0.08395972  0.02842666
-0.24091759999999998  0.13881030000000003  0.04466746
-0.24091759999999998  0.1928937  0.050280359999999996
-0.24091759999999998  0.2465125  0.055387969999999995
-0.24091759999999998  0.3013215  0.06215301
-0.24091759999999998  0.3552081  0.06728904
-0.24091759999999998  0.4090303  0.070313
-0.24091759999999998  0.46394029999999997  0.07482038
-0.24091759999999998  0.5177632999999999  0.08130546
-0.24091759999999998  0.5716346  0.08586777
-0.24091759999999998  0.6265649  0.08907055
-0.24091759999999998  0.6803953  0.09389639999999999
-0.24091759999999998  0.734265  0.09963950999999999
-0.24091759999999998  0.7890906  0.103656
-0.24091759999999998  0.8429299  0.10681729999999999
-0.24091759999999998  0.8967828  0.1118325
-0.24091759999999998  0.9507014  0.11758289999999999
-0.24091759999999998  1.005574  0.1207211
-0.24091759999999998  1.059433  0.1238667
-0.24091759999999998  1.113313  0.12968659999999999
-0.24091759999999998  1.168116  0.1343891
-0.24091759999999998  1.221962  0.1371307
-0.24091759999999998  1.275893  0.1402409
-0.24091759999999998  1.330735  0.1468176
-0.24091759999999998  1.3846189999999998  0.15043289999999998
-0.24091759999999998  1.438442  0.1516814
-0.24091759999999998  1.493255  0.1571246
-0.24091759999999998  1.5471759999999999  0.1634545
-0.24091759999999998  1.6010229999999999  0.1672444
-0.24091759999999998  1.655849  0.1680168
-0.24091759999999998  1.709738  0.1727392
-0.24091759999999998  1.763555  0.1781851
-0.24091759999999998  1.818375  0.1816606
-0.24091759999999998  1.872349  0.18288369999999998
-0.24091759999999998  1.9262059999999999  0.1875318
-0.24091759999999998  1.98104  0.1938577
-0.24091759999999998  2.0046530000000002  0.1937233
-0.3212371  -0.3212371  -0.020580579999999998
-0.3212371  -0.266578  -0.01560814
-0.3212371  -0.212756  -0.01083502
-0.3212371  -0.1588799  -0.006672566
-0.3212371  -0.1040522  -0.0002971374
-0.3212371  -0.05021584  0.005184561
-0.3212371  0.003683957  0.0103955
-0.3212371  0.05853575  0.020259640000000002
-0.3212371  0.1123703  0.03666255
-0.3212371  0.1662377  0.04634783
-0.3212371  0.2210555  0.05190478
-0.3212371  0.2748972  0.0592206
-0.3212371  0.32880329999999997  0.06401188
-0.3212371  0.38360489999999997  0.06752029999999999
-0.3212371  0.4374368  0.07210207
-0.3212371  0.4913209  0.07861808
-0.3212371  0.5461616  0.08329616999999999
-0.3212371  0.6000291  0.08621503
-0.3212371  0.6539954  0.09126247
-0.3212371  0.7088279  0.0968546
-0.3212371  0.7626234  0.10027689999999999
-0.3212371  0.8164901999999999  0.1037985
-0.3212371  0.8713055000000001  0.1088479
-0.3212371  0.9252311999999999  0.114487
-0.3212371  0.979071  0.1185441
-0.3212371  1.033973  0.1209795
-0.3212371  1.087878  0.1270626
-0.3212371  1.1417  0.1330329
-0.3212371  1.196529  0.1351415
-0.3212371  1.250472  0.1369736
-0.3212371  1.304268  0.1433953
-0.3212371  1.359128  0.1492501
-0.3212371  1.41296  0.1510135
-0.3212371  1.46682  0.1538214
-0.3212371  1.521652  0.1596704
-0.3212371  1.575586  0.1655424
-0.3212371  1.6293900000000001  0.1662419
-0.3212371  1.68326  0.1698201
-0.3212371  1.738097  0.17568999999999999
-0.3212371  1.7919159999999998  0.1806153
-0.3212371  1.8459349999999999  0.1821209
-0.3212371  1.900728  0.184665
-0.3212371  1.954618  0.18988729999999998
-0.3212371  2.004539  0.1949098
-0.4005277  -0.4005277  -0.02841003
-0.4005277  -0.3469171  -0.0243859
-0.4005277  -0.29299169999999997  -0.019779559999999998
-0.4005277  -0.2382093  -0.01358795
-0.4005277  -0.1843554  -0.009266702
-0.4005277  -0.1304821  -0.004697563
-0.4005277  -0.07575739000000001  0.002167353
-0.4005277  -0.02183432  0.0077128069999999995
-0.4005277  0.03207033  0.01404617
-0.4005277  0.08690424000000001  0.02739272
-0.4005277  0.1407484  0.04372729
-0.4005277  0.1946476  0.04930913
-0.4005277  0.2484836  0.05379286
-0.4005277  0.3033007  0.059777939999999995
-0.4005277  0.3571979  0.06635758
-0.4005277  0.4109896  0.07047976
-0.4005277  0.4658698  0.07357013999999999
-0.4005277  0.5197435  0.07920614999999999
-0.4005277  0.5735897999999999  0.0853402
-0.4005277  0.6285167  0.08972327
-0.4005277  0.6824199999999999  0.09187819
-0.4005277  0.7361949  0.09762105
-0.4005277  0.791011  0.1039653
-0.4005277  0.8448901  0.1074696
-0.4005277  0.8987342  0.1101647
-0.4005277  0.9536422999999999  0.1147904
-0.4005277  1.007541  0.12124109999999999
-0.4005277  1.0613620000000001  0.1251903
-0.4005277  1.116228  0.12788480000000002
-0.4005277  1.1700789999999999  0.1318027
-0.4005277  1.2239010000000001  0.1379285
-0.4005277  1.278818  0.1421889
-0.4005277  1.332675  0.1433472
-0.4005277  1.386527  0.1486332
-0.4005277  1.441366  0.15505639999999998
-0.4005277  1.4951869999999998  0.1578426
-0.4005277  1.549104  0.1592336
-0.4005277  1.603976  0.1639812
-0.4005277  1.657783  0.1689611
-0.4005277  1.711664  0.17405829999999997
-0.4005277  1.7664469999999999  0.17575929999999998
-0.4005277  1.8203070000000001  0.1792052
-0.4005277  1.874291  0.1848706
-0.4005277  1.9291189999999998  0.1888744
-0.4005277  1.982956  0.1898004
-0.4005277  2.004626  0.1926241
-0.4808311  -0.4808311  -0.03640467
-0.4808311  -0.4272035  -0.031753649999999994
-0.4808311  -0.3733244  -0.02732346
-0.4808311  -0.3185096  -0.02249087
-0.4808311  -0.26460849999999997  -0.017759669999999998
-0.4808311  -0.2108024  -0.01219744
-0.4808311  -0.1559609  -0.007276688
-0.4808311  -0.10209099999999999  -0.002754986
-0.4808311  -0.04825285  0.004158449
-0.4808311  0.006617593000000001  0.011094199999999999
-0.4808311  0.06044782  0.01811786
-0.4808311  0.1143048  0.033694089999999996
-0.4808311  0.169159  0.04674064
-0.4808311  0.22302780000000003  0.0524235
-0.4808311  0.27686130000000003  0.056064699999999995
-0.4808311  0.331743  0.06043373
-0.4808311  0.38559390000000004  0.0664103
-0.4808311  0.43939999999999996  0.07332482
-0.4808311  0.49423480000000003  0.07737611999999999
-0.4808311  0.548098  0.08038551000000001
-0.4808311  0.6019922  0.08566178
-0.4808311  0.6569029000000001  0.09250525
-0.4808311  0.7107637  0.0962073
-0.4808311  0.7645837  0.09921628
-0.4808311  0.8194283  0.1038047
-0.4808311  0.8732572000000001  0.1102249
-0.4808311  0.9272241  0.1136429
-0.4808311  0.9810196999999999  0.1161011
-0.4808311  1.035899  0.12130819999999999
-0.4808311  1.089799  0.1280654
-0.4808311  1.143644  0.1308048
-0.4808311  1.198461  0.1327014
-0.4808311  1.252421  0.1378951
-0.4808311  1.3064529999999999  0.14472549999999998
-0.4808311  1.361027  0.1472675
-0.4808311  1.414904  0.1484305
-0.4808311  1.468755  0.1535187
-0.4808311  1.523599  0.1606339
-0.4808311  1.5775329999999999  0.1637239
-0.4808311  1.631332  0.1651949
-0.4808311  1.686164  0.16894109999999998
-0.4808311  1.740026  0.1757801
-0.4808311  1.7938230000000002  0.1799566
-0.4808311  1.848885  0.1805516
-0.4808311  1.902695  0.1842937
-0.4808311  1.9565029999999999  0.18864930000000002
-0.4808311  2.00452  0.1929704
-0.5611178  -0.5611178  -0.04435108
-0.5611178  -0.5074987  -0.039830599999999994
-0.5611178  -0.4536499  -0.03533418
-0.5611178  -0.3988003  -0.030156429999999998
-0.5611178  -0.3448191  -0.02654268
-0.5611178  -0.2910231  -0.02084397
-0.5611178  -0.2362382  -0.01561287
-0.5611178  -0.18238659999999998  -0.011071260000000001
-0.5611178  -0.12850720000000002  -0.005608088
-0.5611178  -0.07368679  0.000835007
-0.5611178  -0.01986344  0.007422615
-0.5611178  0.03402248  0.01297861
-0.5611178  0.08886502  0.02600622
-0.5611178  0.1427177  0.04272733
-0.5611178  0.1966054  0.04957665
-0.5611178  0.2513803  0.05367786
-0.5611178  0.3052295  0.058125409999999995
-0.5611178  0.35913819999999996  0.06463234999999999
-0.5611178  0.413933  0.07092923
-0.5611178  0.467823  0.07400843
-0.5611178  0.5216828  0.07768121
-0.5611178  0.5765306  0.08326320000000001
-0.5611178  0.6304706999999999  0.08936082
-0.5611178  0.684299  0.09320895
-0.5611178  0.7391266000000001  0.09579572
-0.5611178  0.7929877000000001  0.1017935
-0.5611178  0.8468448  0.1078247
-0.5611178  0.9016470000000001  0.1112984
-0.5611178  0.9555627  0.1135962
-0.5611178  1.009476  0.1180813
-0.5611178  1.064288  0.125119
-0.5611178  1.118173  0.12892789999999998
-0.5611178  1.1720409999999999  0.1312505
-0.5611178  1.2268240000000001  0.1350822
-0.5611178  1.280739  0.1416315
-0.5611178  1.334606  0.14631
-0.5611178  1.3894490000000002  0.1481671
-0.5611178  1.4433  0.1509555
-0.5611178  1.497136  0.1580403
-0.5611178  1.551041  0.1622802
-0.5611178  1.605852  0.1648079
-0.5611178  1.659714  0.1670615
-0.5611178  1.713588  0.1727644
-0.5611178  1.768404  0.1783445
-0.5611178  1.822239  0.17974690000000001
-0.5611178  1.876203  0.1815724
-0.5611178  1.931019  0.18649369999999998
-0.5611178  1.984858  0.19234389999999998
-0.5611178  2.004598  0.19228189999999998
-0.641522  -0.641522  -0.051947429999999996
-0.641522  -0.5877996000000001  -0.04766001
-0.641522  -0.5329575999999999  -0.04241899
-0.641522  -0.4790541  -0.03838229
-0.641522  -0.4252043  -0.03325073
-0.641522  -0.3704016  -0.02901439
-0.641522  -0.3165573  -0.02490701
-0.641522  -0.2626356  -0.01881128
-0.641522  -0.2078528  -0.01327913
-0.641522  -0.1539735  -0.00947942
-0.641522  -0.1000854  -0.003729598
-0.641522  -0.04530474  0.0034601659999999998
-0.641522  0.008581091  0.009912186
-0.641522  0.06240924  0.01700884
-0.641522  0.11725870000000001  0.03338366
-0.641522  0.1711578  0.045663720000000005
-0.641522  0.224976  0.05184603
-0.641522  0.2788003  0.05571173
-0.641522  0.3336985  0.059840449999999996
-0.641522  0.3875304  0.06640729
-0.641522  0.44136329999999996  0.07282849999999999
-0.641522  0.4962072  0.07623036
-0.641522  0.550061  0.07929722
-0.641522  0.6039323000000001  0.08466619
-0.641522  0.6588472000000001  0.09123831
-0.641522  0.7127106  0.09584928
-0.641522  0.766535  0.09832155
-0.641522  0.8213758  0.10305650000000001
-0.641522  0.87522  0.10943009999999999
-0.641522  0.9291  0.114046
-0.641522  0.983933  0.11668669999999999
-0.641522  1.037892  0.1201908
-0.641522  1.091745  0.12725750000000002
-0.641522  1.146561  0.1313325
-0.641522  1.200415  0.1330015
-0.641522  1.254305  0.1363478
-0.641522  1.309123  0.1432914
-0.641522  1.362969  0.1484857
-0.641522  1.416866  0.1498572
-0.641522  1.4716690000000001  0.15214239999999998
-0.641522  1.525523  0.1582028
-0.641522  1.579439  0.1640847
-0.641522  1.634251  0.16631189999999998
-0.641522  1.6880950000000001  0.168042
-0.641522  1.741974  0.1728186
-0.641522  1.79675  0.1795418
-0.641522  1.850749  0.18337900000000001
-0.641522  1.904595  0.1838311
-0.641522  1.9594690000000001  0.1872466
-0.641522  2.0045  0.19280879999999997
-0.7218202  -0.7218202  -0.059409130000000004
-0.7218202  -0.6681888  -0.05529339
-0.7218202  -0.6133601999999999  -0.05092971
-0.7218202  -0.5593759  -0.04580487
-0.7218202  -0.505533  -0.04115095
-0.7218202  -0.4506929  -0.0375339
-0.7218202  -0.3968369  -0.031884899999999994
-0.7218202  -0.3429818  -0.026190849999999998
-0.7218202  -0.2880865  -0.022246600000000002
-0.7218202  -0.2342653  -0.01792784
-0.7218202  -0.1804051  -0.01133597
-0.7218202  -0.1255896  -0.005387399
-0.7218202  -0.0717275  -0.001269461
-0.7218202  -0.017887709999999998  0.004065587
-0.7218202  0.03696103  0.01319979
-0.7218202  0.09083240000000001  0.02802531
-0.7218202  0.1447337  0.0406596
-0.7218202  0.19951660000000002  0.04602546
-0.7218202  0.2533539  0.05300388
-0.7218202  0.3071835  0.059475339999999995
-0.7218202  0.3620682  0.06486186999999999
-0.7218202  0.4158979  0.06874132999999999
-0.7218202  0.46976409999999996  0.07177636
-0.7218202  0.524605  0.07758591999999999
-0.7218202  0.5784942  0.08503076
-0.7218202  0.6324229  0.08757193
-0.7218202  0.6872706  0.09123619000000001
-0.7218202  0.7410995  0.0963623
-0.7218202  0.794903  0.1024982
-0.7218202  0.84878  0.10685389999999999
-0.7218202  0.9036164999999999  0.1096767
-0.7218202  0.9575137  0.1132696
-0.7218202  1.011422  0.1196218
-0.7218202  1.0662719999999999  0.12471619999999999
-0.7218202  1.120109  0.127124
-0.7218202  1.1739680000000001  0.1293531
-0.7218202  1.228781  0.1359907
-0.7218202  1.282697  0.14202320000000002
-0.7218202  1.336546  0.1451075
-0.7218202  1.391381  0.1469009
-0.7218202  1.4452349999999998  0.15161229999999998
-0.7218202  1.4990809999999999  0.158441
-0.7218202  1.55395  0.16171919999999998
-0.7218202  1.607798  0.16273289999999999
-0.7218202  1.661665  0.166425
-0.7218202  1.7164970000000002  0.1721329
-0.7218202  1.7703140000000002  0.1771916
-0.7218202  1.8241859999999999  0.17858939999999998
-0.7218202  1.879121  0.1816846
-0.7218202  1.9329770000000002  0.187192
-0.7218202  1.986814  0.19249560000000002
-0.7218202  2.004576  0.19134579999999998
-0.8020535  -0.8020535  -0.06723536
-0.8020535  -0.7474936  -0.06273014
-0.8020535  -0.693673  -0.05814547
-0.8020535  -0.6398126  -0.05438519
-0.8020535  -0.5858194999999999  -0.04914241
-0.8020535  -0.5309891999999999  -0.0436955
-0.8020535  -0.4771327  -0.04016289
-0.8020535  -0.42326139999999995  -0.03554997
-0.8020535  -0.36843830000000005  -0.03002712
-0.8020535  -0.3145732  -0.02438969
-0.8020535  -0.2606689  -0.02080645
-0.8020535  -0.20589369999999999  -0.0159158
-0.8020535  -0.15197819999999998  -0.009241744999999999
-0.8020535  -0.09815658999999999  -0.0030485390000000003
-0.8020535  -0.0433471  0.0014877979999999998
-0.8020535  0.01059556  0.007095677
-0.8020535  0.06440237  0.01743421
-0.8020535  0.1192131  0.03522679
-0.8020535  0.17307830000000002  0.04469090999999999
-0.8020535  0.2269491  0.0487624
-0.8020535  0.2817353  0.05436572
-0.8020535  0.3356692  0.06134002999999999
-0.8020535  0.38954300000000003  0.06734813
-0.8020535  0.4443042  0.0702035
-0.8020535  0.4981709  0.07420212
-0.8020535  0.5520149  0.08023785
-0.8020535  0.606866  0.08668967
-0.8020535  0.660833  0.09029866
-0.8020535  0.714674  0.09264296
-0.8020535  0.7694913  0.09819757999999999
-0.8020535  0.8233269  0.1049409
-0.8020535  0.8771526000000001  0.10781550000000001
-0.8020535  0.9320949000000001  0.1112699
-0.8020535  0.9859112999999999  0.1157752
-0.8020535  1.039807  0.12238339999999999
-0.8020535  1.094668  0.1272932
-0.8020535  1.1485340000000002  0.1285113
-0.8020535  1.202363  0.1320694
-0.8020535  1.25724  0.1385453
-0.8020535  1.311119  0.14465509999999998
-0.8020535  1.364925  0.1465855
-0.8020535  1.418779  0.1484388
-0.8020535  1.4736040000000001  0.15282189999999998
-0.8020535  1.5274770000000002  0.1592031
-0.8020535  1.581385  0.163376
-0.8020535  1.6362  0.16511130000000002
-0.8020535  1.690049  0.1674579
-0.8020535  1.7439069999999999  0.17279160000000002
-0.8020535  1.798691  0.1789627
-0.8020535  1.852701  0.18157679999999998
-0.8020535  1.906582  0.18373050000000002
-0.8020535  1.961363  0.1873147
-0.8020535  2.004493  0.1916637
-0.8821235000000001  -0.8821235000000001  -0.07473959000000001
-0.8821235000000001  -0.8277591  -0.07047234999999999
-0.8821235000000001  -0.7739002  -0.06666414999999999
-0.8821235000000001  -0.7201013  -0.06094674
-0.8821235000000001  -0.6652402  -0.05708558
-0.8821235000000001  -0.6112190000000001  -0.05271903
-0.8821235000000001  -0.5574089  -0.04723542
-0.8821235000000001  -0.5025901  -0.04247451
-0.8821235000000001  -0.4487159  -0.03849908
-0.8821235000000001  -0.39487130000000004  -0.03333475
-0.8821235000000001  -0.3399973  -0.02752658
-0.8821235000000001  -0.2860909  -0.02302835
-0.8821235000000001  -0.2323073  -0.01885065
-0.8821235000000001  -0.17746610000000002  -0.01328025
-0.8821235000000001  -0.1235956  -0.0064225919999999995
-0.8821235000000001  -0.06976260999999999  -0.0005697228999999999
-0.8821235000000001  -0.01495266  0.003502282
-0.8821235000000001  0.03912836  0.011328949999999999
-0.8821235000000001  0.09278763999999999  0.02760513
-0.8821235000000001  0.1466439  0.04175684
-0.8821235000000001  0.2014962  0.04645046
-0.8821235000000001  0.2553333  0.05084553
-0.8821235000000001  0.3092374  0.05792165
-0.8821235000000001  0.36403030000000003  0.06398132000000001
-0.8821235000000001  0.4178557  0.06909897999999999
-0.8821235000000001  0.4717457  0.07223336999999999
-0.8821235000000001  0.5265512999999999  0.0766778
-0.8821235000000001  0.5804415  0.08276664
-0.8821235000000001  0.6344833  0.08817155
-0.8821235000000001  0.6891986000000001  0.09221589000000001
-0.8821235000000001  0.7430438  0.09529881999999999
-0.8821235000000001  0.7968671  0.1009476
-0.8821235000000001  0.8517055  0.1063201
-0.8821235000000001  0.9055886000000001  0.1104115
-0.8821235000000001  0.9594813  0.1124487
-0.8821235000000001  1.014342  0.11776249999999999
-0.8821235000000001  1.068215  0.12460619999999999
-0.8821235000000001  1.122062  0.128082
-0.8821235000000001  1.176898  0.13044129999999998
-0.8821235000000001  1.230867  0.1341678
-0.8821235000000001  1.284627  0.1405424
-0.8821235000000001  1.339456  0.1456509
-0.8821235000000001  1.3933579999999999  0.1471926
-0.8821235000000001  1.447181  0.1502267
-0.8821235000000001  1.502015  0.1556084
-0.8821235000000001  1.555973  0.16247160000000002
-0.8821235000000001  1.609749  0.1645738
-0.8821235000000001  1.6645699999999999  0.16675030000000002
-0.8821235000000001  1.718454  0.1705954
-0.8821235000000001  1.772267  0.17584339999999998
-0.8821235000000001  1.8271089999999999  0.18057779999999998
-0.8821235000000001  1.88109  0.18197349999999998
-0.8821235000000001  1.934898  0.1845038
-0.8821235000000001  1.989731  0.1888286
-0.8821235000000001  2.004579  0.191127
-0.9626577  -0.9626577  -0.08234943
-0.9626577  -0.9080225000000001  -0.07767571
-0.9626577  -0.8541771  -0.07376855
-0.9626577  -0.8002945  -0.06847158
-0.9626577  -0.7455250999999999  -0.06454074
-0.9626577  -0.6916755000000001  -0.06021405
-0.9626577  -0.6378275999999999  -0.05455153
-0.9626577  -0.5828826  -0.04991176
-0.9626577  -0.5290167  -0.04610513
-0.9626577  -0.47516210000000003  -0.041038309999999995
-0.9626577  -0.4202925  -0.035358480000000005
-0.9626577  -0.366438  -0.03075939
-0.9626577  -0.3126064  -0.026764120000000002
-0.9626577  -0.2577324  -0.02218354
-0.9626577  -0.203929  -0.01495553
-0.9626577  -0.1500254  -0.009411839
-0.9626577  -0.09516821  -0.005814036
-0.9626577  -0.04135806  -0.00035209259999999996
-0.9626577  0.01249612  0.008581501
-0.9626577  0.06733533  0.01855954
-0.9626577  0.1211729  0.03280776
-0.9626577  0.1750581  0.04161871
-0.9626577  0.22989510000000002  0.048625409999999994
-0.9626577  0.2836895  0.056849170000000004
-0.9626577  0.33762020000000004  0.06127977999999999
-0.9626577  0.39242540000000004  0.06454396
-0.9626577  0.4462477  0.06883671
-0.9626577  0.5001494  0.07474312999999999
-0.9626577  0.5549486  0.08135548000000001
-0.9626577  0.6088242  0.08426743
-0.9626577  0.6627527  0.08764019999999999
-0.9626577  0.7166201999999999  0.09378132
-0.9626577  0.7714485  0.09948752
-0.9626577  0.8252843000000001  0.10351740000000001
-0.9626577  0.8791633000000001  0.1062746
-0.9626577  0.9339963  0.10990589999999999
-0.9626577  0.9878418  0.11705049999999999
-0.9626577  1.0417560000000001  0.1222118
-0.9626577  1.096614  0.12484980000000001
-0.9626577  1.150479  0.1274178
-0.9626577  1.204322  0.1337055
-0.9626577  1.2591880000000002  0.139977
-0.9626577  1.313014  0.1414937
-0.9626577  1.366872  0.14387629999999998
-0.9626577  1.4218089999999999  0.149256
-0.9626577  1.475573  0.15505729999999998
-0.9626577  1.5294210000000001  0.1593048
-0.9626577  1.584297  0.1609321
-0.9626577  1.6381459999999999  0.16352599999999998
-0.9626577  1.692022  0.1699553
-0.9626577  1.7468240000000002  0.1750251
-0.9626577  1.800644  0.1783362
-0.9626577  1.8546500000000001  0.1787114
-0.9626577  1.909442  0.18256589999999998
-0.9626577  1.963305  0.1886741
-0.9626577  2.004481  0.1910367
-1.0420340000000001  -1.0420340000000001  -0.08934007
-1.0420340000000001  -0.9883529999999999  -0.08474291
-1.0420340000000001  -0.9344953  -0.08080101
-1.0420340000000001  -0.8796245  -0.07629567999999999
-1.0420340000000001  -0.8257778  -0.07215023999999999
-1.0420340000000001  -0.771918  -0.06704236
-1.0420340000000001  -0.7171582  -0.06262116000000001
-1.0420340000000001  -0.6632726  -0.05839802
-1.0420340000000001  -0.6092862  -0.05418292
-1.0420340000000001  -0.5554222999999999  -0.04806485
-1.0420340000000001  -0.5006221  -0.0431569
-1.0420340000000001  -0.4467581  -0.03931809
-1.0420340000000001  -0.3928396  -0.0351116
-1.0420340000000001  -0.3380816  -0.029166459999999998
-1.0420340000000001  -0.2841458  -0.022799959999999998
-1.0420340000000001  -0.2303337  -0.01901888
-1.0420340000000001  -0.1755078  -0.014907960000000001
-1.0420340000000001  -0.1216127  -0.008577795000000001
-1.0420340000000001  -0.06779628  -0.0009024607
-1.0420340000000001  -0.012983890000000001  0.005124164
-1.0420340000000001  0.04088799  0.01131531
-1.0420340000000001  0.09473426  0.02488554
-1.0420340000000001  0.1496211  0.040265039999999995
-1.0420340000000001  0.2034574  0.048348569999999993
-1.0420340000000001  0.2572649  0.052721769999999994
-1.0420340000000001  0.3121635  0.055860589999999995
-1.0420340000000001  0.366007  0.06133138
-1.0420340000000001  0.41981670000000004  0.06734001
-1.0420340000000001  0.47466590000000003  0.07380294
-1.0420340000000001  0.5285224  0.0779665
-1.0420340000000001  0.5823986999999999  0.08053264
-1.0420340000000001  0.6373278  0.08590621
-1.0420340000000001  0.6911638  0.09273107
-1.0420340000000001  0.7450131999999999  0.09756387999999999
-1.0420340000000001  0.7997963  0.10003709999999999
-1.0420340000000001  0.8536522999999999  0.1037132
-1.0420340000000001  0.9075114  0.1097518
-1.0420340000000001  0.962407  0.1156242
-1.0420340000000001  1.016303  0.1185484
-1.0420340000000001  1.070165  0.1209707
-1.0420340000000001  1.124996  0.12543189999999999
-1.0420340000000001  1.178839  0.1324439
-1.0420340000000001  1.232807  0.1372609
-1.0420340000000001  1.2875750000000001  0.1388815
-1.0420340000000001  1.341421  0.1411672
-1.0420340000000001  1.395293  0.1483321
-1.0420340000000001  1.44914  0.15271859999999998
-1.0420340000000001  1.503938  0.1565825
-1.0420340000000001  1.557855  0.1586922
-1.0420340000000001  1.611709  0.1630537
-1.0420340000000001  1.666517  0.16696460000000002
-1.0420340000000001  1.720412  0.1730856
-1.0420340000000001  1.774205  0.1751992
-1.0420340000000001  1.829046  0.17793299999999998
-1.0420340000000001  1.8830360000000002  0.18120150000000002
-1.0420340000000001  1.936829  0.1876079
-1.0420340000000001  1.99167  0.19145800000000002
-1.0420340000000001  2.004566  0.1910638
-1.1222370000000002  -1.1222370000000002  -0.09716617
-1.1222370000000002  -1.068703  -0.0927075
-1.1222370000000002  -1.014858  -0.08821506999999999
-1.1222370000000002  -0.9599698  -0.08363931
-1.1222370000000002  -0.9060379000000001  -0.07956033
-1.1222370000000002  -0.8521913  -0.07470147999999999
-1.1222370000000002  -0.7973598  -0.0706327
-1.1222370000000002  -0.7435551  -0.06622997
-1.1222370000000002  -0.6896945  -0.06102968
-1.1222370000000002  -0.6349006  -0.055776889999999996
-1.1222370000000002  -0.5809027999999999  -0.05155284
-1.1222370000000002  -0.5270034  -0.04754137
-1.1222370000000002  -0.4722246  -0.04266234
-1.1222370000000002  -0.4183341  -0.03606417
-1.1222370000000002  -0.3645029  -0.031353799999999994
-1.1222370000000002  -0.30966269999999996  -0.02776575
-1.1222370000000002  -0.2557603  -0.023278609999999998
-1.1222370000000002  -0.20195490000000002  -0.01655782
-1.1222370000000002  -0.14710030000000002  -0.01002246
-1.1222370000000002  -0.09324885000000001  -0.0050949820000000005
-1.1222370000000002  -0.039394710000000006  -0.0006016101
-1.1222370000000002  0.01446383  0.006017634
-1.1222370000000002  0.06930047  0.01724881
-1.1222370000000002  0.1231652  0.03472257
-1.1222370000000002  0.17699700000000002  0.043541739999999995
-1.1222370000000002  0.2318553  0.04758224999999999
-1.1222370000000002  0.2856436  0.05328847
-1.1222370000000002  0.3395736  0.05986487
-1.1222370000000002  0.39444850000000004  0.06692029
-1.1222370000000002  0.44822480000000003  0.07031748
-1.1222370000000002  0.5020829  0.07369344
-1.1222370000000002  0.5569116000000001  0.07805115
-1.1222370000000002  0.610776  0.08488501999999999
-1.1222370000000002  0.6647145000000001  0.09097758
-1.1222370000000002  0.7195703999999999  0.09415905999999999
-1.1222370000000002  0.7734009  0.09673469999999999
-1.1222370000000002  0.8272415  0.1025758
-1.1222370000000002  0.8820548  0.10781669999999999
-1.1222370000000002  0.9359404  0.1130699
-1.1222370000000002  0.9898146  0.1152527
-1.1222370000000002  1.044695  0.11925949999999999
-1.1222370000000002  1.098557  0.12463179999999999
-1.1222370000000002  1.152423  0.130706
-1.1222370000000002  1.207234  0.13466389999999998
-1.1222370000000002  1.261131  0.1357344
-1.1222370000000002  1.314969  0.1405661
-1.1222370000000002  1.369786  0.1464153
-1.1222370000000002  1.423657  0.1516408
-1.1222370000000002  1.4774990000000001  0.1539364
-1.1222370000000002  1.532338  0.15626330000000002
-1.1222370000000002  1.586242  0.1606446
-1.1222370000000002  1.640089  0.1656472
-1.1222370000000002  1.6949480000000001  0.1715234
-1.1222370000000002  1.748783  0.17438889999999999
-1.1222370000000002  1.8025799999999998  0.175089
-1.1222370000000002  1.857538  0.1791785
-1.1222370000000002  1.911429  0.1852179
-1.1222370000000002  1.965245  0.18962690000000001
-1.1222370000000002  2.004459  0.1898944
-1.202593  -1.202593  -0.1044839
-1.202593  -1.148962  -0.10014809999999999
-1.202593  -1.095157  -0.09635865999999998
-1.202593  -1.0402829999999998  -0.09147175
-1.202593  -0.9863905999999999  -0.08689029
-1.202593  -0.9325220000000001  -0.08251551
-1.202593  -0.8776092  -0.07784867
-1.202593  -0.8237936  -0.07302523
-1.202593  -0.7699436  -0.0688621
-1.202593  -0.7151768  -0.06416195
-1.202593  -0.6613344  -0.059398719999999995
-1.202593  -0.6073253999999999  -0.05417917
-1.202593  -0.5524811999999999  -0.04902702
-1.202593  -0.4984732  -0.04506503
-1.202593  -0.4447928  -0.04120883
-1.202593  -0.3899626  -0.03522069
-1.202593  -0.3361164  -0.02886735
-1.202593  -0.28217939999999997  -0.02422675
-1.202593  -0.22740180000000002  -0.020473090000000003
-1.202593  -0.17354499999999998  -0.015525109999999998
-1.202593  -0.1196772  -0.008300603
-1.202593  -0.0648595  -0.00130043
-1.202593  -0.011044449999999999  0.002699697
-1.202593  0.04284594  0.009910838
-1.202593  0.09768089  0.02527824
-1.202593  0.15153550000000002  0.0413188
-1.202593  0.20541489999999998  0.04728638
-1.202593  0.26022300000000004  0.051663770000000005
-1.202593  0.3141251  0.05515806
-1.202593  0.3679808  0.06071899
-1.202593  0.422753  0.06722994
-1.202593  0.47662740000000003  0.0731023
-1.202593  0.5304854  0.0771841
-1.202593  0.5853185  0.07981774
-1.202593  0.6393028000000001  0.08602841
-1.202593  0.6931507  0.0923161
-1.202593  0.7469380999999999  0.09667611
-1.202593  0.8017505  0.09906502
-1.202593  0.8556088  0.102976
-1.202593  0.9094483  0.1095911
-1.202593  0.9643618  0.1152955
-1.202593  1.018277  0.1179651
-1.202593  1.0721120000000002  0.1216245
-1.202593  1.126951  0.1245008
-1.202593  1.180778  0.1318822
-1.202593  1.2347439999999998  0.13716899999999999
-1.202593  1.289521  0.1404782
-1.202593  1.3433510000000002  0.1418473
-1.202593  1.397226  0.146851
-1.202593  1.4520540000000002  0.152179
-1.202593  1.505877  0.1581266
-1.202593  1.559778  0.15945710000000002
-1.202593  1.614625  0.1622123
-1.202593  1.668442  0.1657845
-1.202593  1.722337  0.1731355
-1.202593  1.777131  0.1765701
-1.202593  1.8309849999999999  0.17782889999999998
-1.202593  1.884988  0.1802959
-1.202593  1.939838  0.18568600000000002
-1.202593  1.993609  0.19153749999999997
-1.202593  2.00455  0.1907721
-1.282939  -1.282939  -0.111532
-1.282939  -1.229352  -0.10769959999999999
-1.282939  -1.174438  -0.103185
-1.282939  -1.120598  -0.09947732000000001
-1.282939  -1.066719  -0.09419448000000001
-1.282939  -1.011879  -0.09024029
-1.282939  -0.9579738999999999  -0.08595981999999999
-1.282939  -0.9040494  -0.08125001999999999
-1.282939  -0.8492567  -0.07638836
-1.282939  -0.7953811  -0.07124052
-1.282939  -0.7415651  -0.06798634
-1.282939  -0.687735  -0.06326516
-1.282939  -0.6329228  -0.057124129999999995
-1.282939  -0.578934  -0.052040319999999994
-1.282939  -0.5250978000000001  -0.04844962
-1.282939  -0.4702646  -0.044130130000000004
-1.282939  -0.41637029999999997  -0.038183199999999994
-1.282939  -0.3625211  -0.03220287
-1.282939  -0.30766899999999997  -0.02667758
-1.282939  -0.25380189999999997  -0.02356782
-1.282939  -0.1999996  -0.01873274
-1.282939  -0.14513800000000002  -0.01250566
-1.282939  -0.09129027  -0.00484139
-1.282939  -0.03742807  0.0010784479999999999
-1.282939  0.017387720000000002  0.006521429
-1.282939  0.07125060000000001  0.01521706
-1.282939  0.1250736  0.03259342
-1.282939  0.1799224  0.043882779999999996
-1.282939  0.2338215  0.05036656
-1.282939  0.28762079999999995  0.05366994
-1.282939  0.3425017  0.05769616
-1.282939  0.3963461  0.06300196
-1.282939  0.45017619999999997  0.06999863
-1.282939  0.5049909  0.07604909
-1.282939  0.5588727  0.07876568
-1.282939  0.6127413  0.08231596
-1.282939  0.6676345  0.08755054999999999
-1.282939  0.7214933  0.09473257
-1.282939  0.7753318  0.09855826000000001
-1.282939  0.8301534  0.10077979999999999
-1.282939  0.8841259  0.1052033
-1.282939  0.9379171000000001  0.11187729999999999
-1.282939  0.9927203  0.1173682
-1.282939  1.046627  0.12061050000000001
-1.282939  1.100518  0.12355729999999998
-1.282939  1.155355  0.12650509999999998
-1.282939  1.209209  0.1338156
-1.282939  1.263123  0.1387319
-1.282939  1.316929  0.1418232
-1.282939  1.3717409999999999  0.14398629999999998
-1.282939  1.42559  0.1481719
-1.282939  1.4794749999999999  0.1543365
-1.282939  1.534307  0.1592124
-1.282939  1.5881910000000001  0.1619914
-1.282939  1.6420340000000002  0.1639641
-1.282939  1.6968969999999999  0.1677517
-1.282939  1.7507139999999999  0.1737536
-1.282939  1.804526  0.17862699999999998
-1.282939  1.859517  0.1818567
-1.282939  1.913328  0.1831962
-1.282939  1.967177  0.1867751
-1.282939  2.004462  0.1910832
-1.36323  -1.36323  -0.1190982
-1.36323  -1.309589  -0.11538699999999999
-1.36323  -1.254785  -0.11112449999999999
-1.36323  -1.200877  -0.1069061
-1.36323  -1.147012  -0.10208149999999999
-1.36323  -1.0921910000000001  -0.09766837
-1.36323  -1.038306  -0.09395484999999999
-1.36323  -0.9843951  -0.08919627999999999
-1.36323  -0.9295603  -0.08364777999999999
-1.36323  -0.8756829  -0.0792889
-1.36323  -0.8218268000000001  -0.07490838999999999
-1.36323  -0.7669297  -0.07066336
-1.36323  -0.713195  -0.06522678
-1.36323  -0.6593258  -0.05994367
-1.36323  -0.6043682  -0.05572513
-1.36323  -0.5505236  -0.05126878
-1.36323  -0.4966672  -0.04615396
-1.36323  -0.44184640000000003  -0.04014955
-1.36323  -0.38795549999999995  -0.035055249999999996
-1.36323  -0.3341346  -0.03200661
-1.36323  -0.27925510000000003  -0.02703061
-1.36323  -0.2254248  -0.02016074
-1.36323  -0.1715632  -0.01365078
-1.36323  -0.11772010000000001  -0.00899399
-1.36323  -0.0628726  -0.004441641
-1.36323  -0.009056891000000001  0.0015156999999999998
-1.36323  0.04479785  0.01049197
-1.36323  0.09963367  0.02786009
-1.36323  0.1534994  0.04009679
-1.36323  0.2073843  0.04467619
-1.36323  0.26214909999999997  0.04949931999999999
-1.36323  0.3160817  0.054988390000000005
-1.36323  0.36990069999999997  0.0614633
-1.36323  0.42471030000000004  0.0682939
-1.36323  0.4785585  0.07221472999999999
-1.36323  0.5324249999999999  0.07491624
-1.36323  0.5872747  0.07935666
-1.36323  0.6412198  0.08653904999999999
-1.36323  0.6950778000000001  0.09225528
-1.36323  0.7499036  0.09610403000000001
-1.36323  0.803702  0.09823703
-1.36323  0.8575825  0.1032663
-1.36323  0.9123742  0.1098312
-1.36323  0.9662983  0.1146146
-1.36323  1.020207  0.1176333
-1.36323  1.075044  0.12030869999999999
-1.36323  1.128905  0.1251621
-1.36323  1.182757  0.1317819
-1.36323  1.237665  0.13673369999999999
-1.36323  1.2914510000000001  0.1386613
-1.36323  1.345341  0.1411924
-1.36323  1.4001510000000001  0.1455577
-1.36323  1.454011  0.15229189999999998
-1.36323  1.507851  0.15716370000000002
-1.36323  1.562694  0.1606367
-1.36323  1.616576  0.1620777
-1.36323  1.670401  0.1660235
-1.36323  1.7252550000000002  0.17144959999999998
-1.36323  1.779074  0.1767773
-1.36323  1.832916  0.1795297
-1.36323  1.886905  0.1805843
-1.36323  1.94171  0.18425519999999998
-1.36323  1.9955440000000002  0.1893123
-1.36323  2.004536  0.19003330000000002
-1.4435429999999998  -1.4435429999999998  -0.1268187
-1.4435429999999998  -1.389916  -0.12257509999999999
-1.4435429999999998  -1.335087  -0.1182332
-1.4435429999999998  -1.281221  -0.11452520000000001
-1.4435429999999998  -1.227267  -0.1098795
-1.4435429999999998  -1.172464  -0.1052613
-1.4435429999999998  -1.118614  -0.1006347
-1.4435429999999998  -1.064684  -0.0962913
-1.4435429999999998  -1.009939  -0.092559
-1.4435429999999998  -0.9560244999999999  -0.08741739
-1.4435429999999998  -0.9021028  -0.08181557
-1.4435429999999998  -0.8472786  -0.07761443999999999
-1.4435429999999998  -0.7934082  -0.07384362
-1.4435429999999998  -0.7395775  -0.06918007
-1.4435429999999998  -0.6847772999999999  -0.06348186
-1.4435429999999998  -0.6309345  -0.05794265
-1.4435429999999998  -0.5769675  -0.05416163
-1.4435429999999998  -0.5221286  -0.0497539
-1.4435429999999998  -0.4682885  -0.044313639999999994
-1.4435429999999998  -0.4143872  -0.038508650000000005
-1.4435429999999998  -0.3595929  -0.03265513
-1.4435429999999998  -0.3056482  -0.02833142
-1.4435429999999998  -0.2518306  -0.02509293
-1.4435429999999998  -0.1970547  -0.01977825
-1.4435429999999998  -0.1431234  -0.012264869999999999
-1.4435429999999998  -0.08931754  -0.00564275
-1.4435429999999998  -0.0344858  -0.0011387209999999999
-1.4435429999999998  0.019360099999999998  0.004887073
-1.4435429999999998  0.07321355  0.01490128
-1.4435429999999998  0.12805070000000002  0.03397974
-1.4435429999999998  0.1819057  0.04313661
-1.4435429999999998  0.23575790000000002  0.04792017
-1.4435429999999998  0.2905493  0.051583399999999995
-1.4435429999999998  0.344449  0.05708307
-1.4435429999999998  0.398306  0.06366264
-1.4435429999999998  0.4531255  0.07010967
-1.4435429999999998  0.5069703  0.07422613
-1.4435429999999998  0.5608162999999999  0.07752068999999999
-1.4435429999999998  0.6146908  0.08200434000000001
-1.4435429999999998  0.6695713  0.08805444999999999
-1.4435429999999998  0.7234537  0.09375308
-1.4435429999999998  0.7772795  0.09865249999999999
-1.4435429999999998  0.8320953  0.1014175
-1.4435429999999998  0.8859471  0.104796
-1.4435429999999998  0.9398462  0.1108524
-1.4435429999999998  0.9946708  0.1165054
-1.4435429999999998  1.048575  0.1212124
-1.4435429999999998  1.102462  0.12355879999999998
-1.4435429999999998  1.157287  0.12683719999999998
-1.4435429999999998  1.211156  0.131439
-1.4435429999999998  1.265024  0.1377215
-1.4435429999999998  1.319839  0.14294869999999998
-1.4435429999999998  1.3737080000000002  0.1448844
-1.4435429999999998  1.427549  0.1475326
-1.4435429999999998  1.482361  0.15117329999999998
-1.4435429999999998  1.536226  0.1574907
-1.4435429999999998  1.590128  0.162826
-1.4435429999999998  1.644935  0.16593829999999998
-1.4435429999999998  1.69884  0.1667944
-1.4435429999999998  1.752665  0.1713986
-1.4435429999999998  1.807439  0.17653539999999998
-1.4435429999999998  1.861429  0.1817764
-1.4435429999999998  1.9152550000000002  0.1852956
-1.4435429999999998  1.9700920000000002  0.1872396
-1.4435429999999998  2.004442  0.19085909999999998
-1.523775  -1.523775  -0.1342849
-1.523775  -1.46922  -0.1303213
-1.523775  -1.415345  -0.12638649999999998
-1.523775  -1.36148  -0.1219544
-1.523775  -1.306649  -0.11727259999999999
-1.523775  -1.252859  -0.1132093
-1.523775  -1.1988889999999999  -0.1089769
-1.523775  -1.14405  -0.1046696
-1.523775  -1.090231  -0.09938558
-1.523775  -1.036227  -0.09524664000000001
-1.523775  -0.9814633  -0.09047985
-1.523775  -0.9276008  -0.08628664
-1.523775  -0.8737151  -0.08049988
-1.523775  -0.8198527  -0.07609231
-1.523775  -0.7649929  -0.07154881
-1.523775  -0.7112232  -0.0675845
-1.523775  -0.6573762000000001  -0.06301827
-1.523775  -0.6024191  -0.05657943
-1.523775  -0.5485648999999999  -0.05181717
-1.523775  -0.49471210000000004  -0.047693559999999996
-1.523775  -0.43987580000000004  -0.043664259999999996
-1.523775  -0.3860318  -0.037576120000000005
-1.523775  -0.3321816  -0.03044821
-1.523775  -0.2772755  -0.02520938
-1.523775  -0.2234711  -0.0219845
-1.523775  -0.1695875  -0.01775168
-1.523775  -0.1147584  -0.01126879
-1.523775  -0.06091105  -0.003266622
-1.523775  -0.007093096  0.0033220679999999996
-1.523775  0.04772766  0.01061754
-1.523775  0.1016353  0.02328577
-1.523775  0.1555166  0.03727851
-1.523775  0.2103023  0.045410839999999994
-1.523775  0.2641262  0.05188462
-1.523775  0.31805130000000004  0.057185400000000004
-1.523775  0.372855  0.06028785
-1.523775  0.42668740000000005  0.06469396
-1.523775  0.48053199999999996  0.07009548
-1.523775  0.5353653  0.07621734
-1.523775  0.5892415999999999  0.08229966999999999
-1.523775  0.6431626  0.0854191
-1.523775  0.6980181  0.08841199000000001
-1.523775  0.7517881999999999  0.09332279
-1.523775  0.8056570000000001  0.1000292
-1.523775  0.860495  0.1058793
-1.523775  0.9143357999999999  0.109611
-1.523775  0.9682517  0.11194760000000001
-1.523775  1.023169  0.1154031
-1.523775  1.07703  0.1222677
-1.523775  1.130843  0.1278566
-1.523775  1.184696  0.1307147
-1.523775  1.239632  0.13325659999999998
-1.523775  1.293401  0.1369322
-1.523775  1.347266  0.1430285
-1.523775  1.402097  0.1484558
-1.523775  1.455962  0.1531869
-1.523775  1.509801  0.15565859999999998
-1.523775  1.564657  0.1577113
-1.523775  1.618525  0.1627198
-1.523775  1.672372  0.1676694
-1.523775  1.727203  0.17329460000000002
-1.523775  1.78102  0.1746699
-1.523775  1.834891  0.1777124
-1.523775  1.889836  0.1801413
-1.523775  1.943672  0.1855006
-1.523775  1.997776  0.19056779999999998
-1.523775  2.0045319999999998  0.18999570000000002
-1.6040969999999999  -1.6040969999999999  -0.1417845
-1.6040969999999999  -1.54949  -0.1381521
-1.6040969999999999  -1.495609  -0.13424629999999999
-1.6040969999999999  -1.441815  -0.1296094
-1.6040969999999999  -1.386986  -0.12535380000000002
-1.6040969999999999  -1.333099  -0.1212944
-1.6040969999999999  -1.279254  -0.11696609999999999
-1.6040969999999999  -1.224329  -0.1124603
-1.6040969999999999  -1.17039  -0.1075439
-1.6040969999999999  -1.1166610000000001  -0.1026902
-1.6040969999999999  -1.0617999999999999  -0.09851916
-1.6040969999999999  -1.007973  -0.09436671999999999
-1.6040969999999999  -0.9540582000000001  -0.08986519999999999
-1.6040969999999999  -0.8991444000000001  -0.08449669
-1.6040969999999999  -0.8453106  -0.07907782000000001
-1.6040969999999999  -0.791467  -0.07507144
-1.6040969999999999  -0.7366508  -0.0708595
-1.6040969999999999  -0.6828107  -0.06565834999999999
-1.6040969999999999  -0.6289851999999999  -0.06002465
-1.6040969999999999  -0.5740097  -0.05430921
-1.6040969999999999  -0.5201876  -0.05072675
-1.6040969999999999  -0.46633949999999996  -0.04698356
-1.6040969999999999  -0.411468  -0.041574440000000004
-1.6040969999999999  -0.3576376  -0.03478639
-1.6040969999999999  -0.30369029999999997  -0.02906226
-1.6040969999999999  -0.2488938  -0.02479163
-1.6040969999999999  -0.1951043  -0.020562630000000002
-1.6040969999999999  -0.1412206  -0.015741839999999997
-1.6040969999999999  -0.08736497  -0.008053828
-1.6040969999999999  -0.0325152  -0.0002568644
-1.6040969999999999  0.02132318  0.0064565989999999995
-1.6040969999999999  0.07519923  0.01455243
-1.6040969999999999  0.1299857  0.030463030000000002
-1.6040969999999999  0.1838533  0.04046959
-1.6040969999999999  0.23771530000000002  0.04784569
-1.6040969999999999  0.292499  0.05413924
-1.6040969999999999  0.3465652  0.05848868
-1.6040969999999999  0.4002619  0.06238803
-1.6040969999999999  0.455067  0.06594581999999999
-1.6040969999999999  0.5089283  0.07217116
-1.6040969999999999  0.5627749  0.07908766
-1.6040969999999999  0.6177391  0.08373667
-1.6040969999999999  0.6715599  0.08635809
-1.6040969999999999  0.7254006000000001  0.09051917
-1.6040969999999999  0.7802074  0.09516316999999999
-1.6040969999999999  0.8340567  0.1025685
-1.6040969999999999  0.8879047000000001  0.10785310000000001
-1.6040969999999999  0.9428146000000001  0.1115717
-1.6040969999999999  0.9966252  0.11318479999999999
-1.6040969999999999  1.050518  0.1173453
-1.6040969999999999  1.105395  0.1231285
-1.6040969999999999  1.159227  0.1299428
-1.6040969999999999  1.2131020000000001  0.13380440000000002
-1.6040969999999999  1.268163  0.1364954
-1.6040969999999999  1.321803  0.1385534
-1.6040969999999999  1.375635  0.1435907
-1.6040969999999999  1.4304659999999998  0.1503782
-1.6040969999999999  1.484323  0.1536989
-1.6040969999999999  1.5382449999999999  0.15700530000000001
-1.6040969999999999  1.5930609999999998  0.159113
-1.6040969999999999  1.646895  0.1630666
-1.6040969999999999  1.700783  0.1686143
-1.6040969999999999  1.7555429999999999  0.17275
-1.6040969999999999  1.809385  0.17806070000000002
-1.6040969999999999  1.8634570000000001  0.1803498
-1.6040969999999999  1.917233  0.18236129999999998
-1.6040969999999999  1.97204  0.18578029999999998
-1.6040969999999999  2.004444  0.1897783
-1.683384  -1.683384  -0.1489259
-1.683384  -1.629806  -0.1450505
-1.683384  -1.575949  -0.1412965
-1.683384  -1.52204  -0.13691199999999998
-1.683384  -1.46726  -0.13272389999999998
-1.683384  -1.413411  -0.1287236
-1.683384  -1.359534  -0.12455650000000001
-1.683384  -1.304737  -0.1198884
-1.683384  -1.250886  -0.1156976
-1.683384  -1.196932  -0.110611
-1.683384  -1.14213  -0.10592499999999999
-1.683384  -1.08827  -0.1022607
-1.683384  -1.0344069999999999  -0.09818866
-1.683384  -0.9795191999999999  -0.0931967
-1.683384  -0.9255967  -0.08738087
-1.683384  -0.8717394  -0.08284189
-1.683384  -0.8169421  -0.07882553
-1.683384  -0.7630401  -0.07476519999999999
-1.683384  -0.709247  -0.06937517
-1.683384  -0.6544398  -0.06339113
-1.683384  -0.6004338  -0.057803419999999994
-1.683384  -0.5465836000000001  -0.054093579999999995
-1.683384  -0.4917884  -0.05026287
-1.683384  -0.437902  -0.04458575
-1.683384  -0.38407789999999997  -0.03756006
-1.683384  -0.3292411  -0.03191935
-1.683384  -0.2753142  -0.02833696
-1.683384  -0.2215238  -0.02467074
-1.683384  -0.1666725  -0.01890108
-1.683384  -0.1128116  -0.01143568
-1.683384  -0.058960790000000006  -0.004299503
-1.683384  -0.0041555939999999994  0.001662816
-1.683384  0.049692560000000004  0.008288322
-1.683384  0.1035412  0.02264002
-1.683384  0.1584009  0.03643754
-1.683384  0.21228989999999998  0.0449538
-1.683384  0.2660732  0.05082611
-1.683384  0.3209578  0.05655014
-1.683384  0.3748077  0.05955337
-1.683384  0.4286461  0.06336246
-1.683384  0.4825004  0.06942643
-1.683384  0.5373230999999999  0.07618026
-1.683384  0.5911953999999999  0.08176203
-1.683384  0.6451584  0.08433426
-1.683384  0.6999624  0.08775532
-1.683384  0.7537612  0.09221683
-1.683384  0.8076295  0.09911840999999999
-1.683384  0.8624545  0.1048552
-1.683384  0.9163002  0.10850639999999999
-1.683384  0.9702354000000001  0.1109097
-1.683384  1.025084  0.11493149999999999
-1.683384  1.078992  0.1206377
-1.683384  1.1328070000000001  0.1266336
-1.683384  1.187637  0.13156210000000002
-1.683384  1.241626  0.13371039999999998
-1.683384  1.295358  0.13620590000000002
-1.683384  1.3502  0.1401553
-1.683384  1.404067  0.1463552
-1.683384  1.457915  0.15218199999999998
-1.683384  1.512764  0.1566066
-1.683384  1.566644  0.1581603
-1.683384  1.6204690000000002  0.161697
-1.683384  1.6752989999999999  0.16553649999999998
-1.683384  1.729192  0.17084509999999997
-1.683384  1.78298  0.17562609999999998
-1.683384  1.837833  0.17935210000000001
-1.683384  1.891871  0.18141359999999998
-1.683384  1.9456479999999998  0.1840562
-1.683384  2.000489  0.1880597
-1.683384  2.00456  0.1894088
-1.763663  -1.763663  -0.1565991
-1.763663  -1.710125  -0.1528477
-1.763663  -1.656254  -0.1487751
-1.763663  -1.601431  -0.1446451
-1.763663  -1.5475750000000001  -0.1407137
-1.763663  -1.4936690000000001  -0.1368015
-1.763663  -1.438866  -0.1324191
-1.763663  -1.3850429999999998  -0.1278908
-1.763663  -1.331172  -0.1238698
-1.763663  -1.276342  -0.1191894
-1.763663  -1.22241  -0.1147861
-1.763663  -1.1685519999999998  -0.1103265
-1.763663  -1.113732  -0.10486380000000001
-1.763663  -1.059829  -0.10045
-1.763663  -1.006005  -0.09688956
-1.763663  -0.9511468  -0.09252956999999999
-1.763663  -0.8972238  -0.08672679
-1.763663  -0.8433517  -0.08135766
-1.763663  -0.7895139  -0.07687772
-1.763663  -0.7347019  -0.0731309
-1.763663  -0.6808094  -0.0684495
-1.763663  -0.6270402  -0.06300081
-1.763663  -0.5720983  -0.05668274
-1.763663  -0.5182291  -0.05135578
-1.763663  -0.4643815  -0.047482289999999996
-1.763663  -0.4095175  -0.043718309999999996
-1.763663  -0.355665  -0.03896845
-1.763663  -0.3017199  -0.03157877
-1.763663  -0.2469857  -0.02506895
-1.763663  -0.19314109999999998  -0.0203042
-1.763663  -0.1392701  -0.01689104
-1.763663  -0.08442024000000001  -0.0118003
-1.763663  -0.030574570000000002  -0.004014281000000001
-1.763663  0.02326466  0.005623903
-1.763663  0.07813407  0.016631129999999997
-1.763663  0.1319459  0.031007879999999995
-1.763663  0.1858236  0.038593619999999995
-1.763663  0.2406973  0.04402698
-1.763663  0.2944611  0.05049787
-1.763663  0.348372  0.05782973
-1.763663  0.403187  0.06334384
-1.763663  0.4570482  0.06732182
-1.763663  0.510894  0.07051115
-1.763663  0.5657292  0.07536397
-1.763663  0.619681  0.08246116999999999
-1.763663  0.6735142  0.08814033
-1.763663  0.7283335  0.09231845
-1.763663  0.7821823000000001  0.09446659
-1.763663  0.8360764  0.09801006999999999
-1.763663  0.8908481  0.10529720000000001
-1.763663  0.9447684000000001  0.1106164
-1.763663  0.9986007  0.1144508
-1.763663  1.053469  0.1176922
-1.763663  1.10737  0.1213353
-1.763663  1.161224  0.1259594
-1.763663  1.2150999999999998  0.1328001
-1.763663  1.269944  0.1372042
-1.763663  1.3237860000000001  0.140257
-1.763663  1.377618  0.1427117
-1.763663  1.432458  0.1464449
-1.763663  1.486322  0.15321559999999998
-1.763663  1.540227  0.1576074
-1.763663  1.59506  0.1627272
-1.763663  1.648893  0.1644517
-1.763663  1.702771  0.1665687
-1.763663  1.757567  0.1710453
-1.763663  1.8113800000000002  0.1767253
-1.763663  1.865386  0.1810195
-1.763663  1.920234  0.1848945
-1.763663  1.974033  0.1858623
-1.763663  2.004504  0.1894148
-1.8440429999999999  -1.8440429999999999  -0.1637382
-1.8440429999999999  -1.790387  -0.160056
-1.8440429999999999  -1.736539  -0.15685939999999998
-1.8440429999999999  -1.6816849999999999  -0.1525733
-1.8440429999999999  -1.6278920000000001  -0.1485581
-1.8440429999999999  -1.5740429999999999  -0.14479240000000002
-1.8440429999999999  -1.519167  -0.1405865
-1.8440429999999999  -1.465313  -0.1360942
-1.8440429999999999  -1.411474  -0.1316541
-1.8440429999999999  -1.356633  -0.1271281
-1.8440429999999999  -1.30276  -0.1231036
-1.8440429999999999  -1.24896  -0.11885939999999999
-1.8440429999999999  -1.194043  -0.11382489999999999
-1.8440429999999999  -1.140183  -0.10909479999999999
-1.8440429999999999  -1.08633  -0.1051014
-1.8440429999999999  -1.031493  -0.1010428
-1.8440429999999999  -0.9775617999999999  -0.09620933999999999
-1.8440429999999999  -0.9237122000000001  -0.09053942999999999
-1.8440429999999999  -0.8688464  -0.08566257999999999
-1.8440429999999999  -0.8149702  -0.08099659
-1.8440429999999999  -0.7610983  -0.07687300999999999
-1.8440429999999999  -0.7063242000000001  -0.07271981999999999
-1.8440429999999999  -0.6524688  -0.06700798000000001
-1.8440429999999999  -0.5985153  -0.06102352
-1.8440429999999999  -0.543686  -0.0557994
-1.8440429999999999  -0.48984679999999997  -0.05184415
-1.8440429999999999  -0.43591820000000003  -0.04790225
-1.8440429999999999  -0.3811422  -0.04133325
-1.8440429999999999  -0.327308  -0.03493892
-1.8440429999999999  -0.2733831  -0.02881392
-1.8440429999999999  -0.219575  -0.025211039999999997
-1.8440429999999999  -0.1647346  -0.021088189999999996
-1.8440429999999999  -0.11084480000000001  -0.01524263
-1.8440429999999999  -0.056995510000000006  -0.007421172
-1.8440429999999999  -0.0021780569999999997  0.000206155
-1.8440429999999999  0.051643470000000004  0.008315676
-1.8440429999999999  0.1054895  0.022742
-1.8440429999999999  0.1603773  0.033586639999999994
-1.8440429999999999  0.2142329  0.03969442
-1.8440429999999999  0.2680362  0.04666579
-1.8440429999999999  0.3229428  0.0539742
-1.8440429999999999  0.3767598  0.06025597
-1.8440429999999999  0.4306039  0.06350673999999999
-1.8440429999999999  0.4854367  0.06723459
-1.8440429999999999  0.5393073  0.07208086999999999
-1.8440429999999999  0.5931569  0.07931302
-1.8440429999999999  0.6480757  0.08437251
-1.8440429999999999  0.7019401000000001  0.0879117
-1.8440429999999999  0.7557255  0.09096908999999999
-1.8440429999999999  0.8105522  0.09629069
-1.8440429999999999  0.864421  0.1030165
-1.8440429999999999  0.9182703  0.108442
-1.8440429999999999  0.9731464  0.11154839999999999
-1.8440429999999999  1.027064  0.1157096
-1.8440429999999999  1.0809659999999999  0.1177048
-1.8440429999999999  1.1357629999999999  0.1231266
-1.8440429999999999  1.1896220000000002  0.1297277
-1.8440429999999999  1.243577  0.134898
-1.8440429999999999  1.2983230000000001  0.13953580000000002
-1.8440429999999999  1.352183  0.14123940000000001
-1.8440429999999999  1.4060530000000002  0.1440155
-1.8440429999999999  1.460894  0.1490361
-1.8440429999999999  1.51472  0.1546729
-1.8440429999999999  1.568634  0.1607421
-1.8440429999999999  1.623451  0.1632945
-1.8440429999999999  1.6772829999999999  0.16504270000000001
-1.8440429999999999  1.731186  0.16837929999999998
-1.8440429999999999  1.78498  0.173267
-1.8440429999999999  1.839827  0.17912599999999998
-1.8440429999999999  1.8937940000000002  0.18347789999999997
-1.8440429999999999  1.947634  0.18611260000000002
-1.8440429999999999  2.00252  0.1879161
-1.8440429999999999  2.004609  0.18890559999999998
-1.9243540000000001  -1.9243540000000001  -0.1710884
-1.9243540000000001  -1.870749  -0.1675929
-1.9243540000000001  -1.81584  -0.1639137
-1.9243540000000001  -1.7620019999999998  -0.1604331
-1.9243540000000001  -1.708176  -0.156507
-1.9243540000000001  -1.65338  -0.15215399999999998
-1.9243540000000001  -1.599509  -0.1484276
-1.9243540000000001  -1.545654  -0.1444076
-1.9243540000000001  -1.491729  -0.13986479999999998
-1.9243540000000001  -1.4368859999999999  -0.1356312
-1.9243540000000001  -1.383108  -0.1315418
-1.9243540000000001  -1.3292460000000001  -0.1273436
-1.9243540000000001  -1.274404  -0.1232392
-1.9243540000000001  -1.2204760000000001  -0.1174601
-1.9243540000000001  -1.1666189999999999  -0.1132482
-1.9243540000000001  -1.111791  -0.1093492
-1.9243540000000001  -1.0579290000000001  -0.1054892
-1.9243540000000001  -1.0040850000000001  -0.1007525
-1.9243540000000001  -0.9491951000000001  -0.09458875
-1.9243540000000001  -0.8952903  -0.08928360999999999
-1.9243540000000001  -0.841422  -0.08577533
-1.9243540000000001  -0.7865914  -0.08117633999999999
-1.9243540000000001  -0.7327598000000001  -0.07687368
-1.9243540000000001  -0.6788936999999999  -0.07085242
-1.9243540000000001  -0.6240997  -0.06442182
-1.9243540000000001  -0.5701253000000001  -0.0606083
-1.9243540000000001  -0.5162862  -0.05690419
-1.9243540000000001  -0.46146550000000003  -0.05176054
-1.9243540000000001  -0.4075956  -0.04572819
-1.9243540000000001  -0.3537216  -0.038842089999999996
-1.9243540000000001  -0.29882960000000003  -0.033765939999999994
-1.9243540000000001  -0.2450308  -0.02999833
-1.9243540000000001  -0.1910864  -0.025979949999999998
-1.9243540000000001  -0.13634200000000002  -0.01976486
-1.9243540000000001  -0.08248698  -0.01181982
-1.9243540000000001  -0.02860896  -0.004518192
-1.9243540000000001  0.02621329  0.002647502
-1.9243540000000001  0.08008831000000001  0.01155671
-1.9243540000000001  0.1339227  0.02731818
-1.9243540000000001  0.1887604  0.03614831
-1.9243540000000001  0.24260759999999998  0.04427228
-1.9243540000000001  0.296422  0.050720119999999994
-1.9243540000000001  0.3513342  0.055791799999999996
-1.9243540000000001  0.40519439999999995  0.05874522
-1.9243540000000001  0.4590363  0.0627399
-1.9243540000000001  0.51285  0.07052994
-1.9243540000000001  0.5677133  0.07670157
-1.9243540000000001  0.6216423999999999  0.08033435
-1.9243540000000001  0.6754865999999999  0.08335193999999999
-1.9243540000000001  0.7304955  0.08726789
-1.9243540000000001  0.7841327  0.09426071
-1.9243540000000001  0.8379958000000001  0.1000141
-1.9243540000000001  0.8928083  0.1053526
-1.9243540000000001  0.9467536  0.10773319999999999
-1.9243540000000001  1.000594  0.1112542
-1.9243540000000001  1.055458  0.1166715
-1.9243540000000001  1.109334  0.1221126
-1.9243540000000001  1.163196  0.1284735
-1.9243540000000001  1.218043  0.1317324
-1.9243540000000001  1.271935  0.13306959999999998
-1.9243540000000001  1.3258130000000001  0.13671329999999998
-1.9243540000000001  1.3805820000000002  0.1430957
-1.9243540000000001  1.434434  0.1485243
-1.9243540000000001  1.4882870000000001  0.1531284
-1.9243540000000001  1.5431700000000002  0.1560284
-1.9243540000000001  1.597041  0.1583319
-1.9243540000000001  1.6508900000000002  0.162375
-1.9243540000000001  1.705733  0.16817890000000002
-1.9243540000000001  1.7595399999999999  0.1740269
-1.9243540000000001  1.813382  0.1778583
-1.9243540000000001  1.868349  0.1793459
-1.9243540000000001  1.9222139999999999  0.1822628
-1.9243540000000001  1.976053  0.1855461
-1.9243540000000001  2.004542  0.1886159
-2.0046939999999998  -2.0046939999999998  -0.1784717
-2.0046939999999998  -1.9510889999999999  -0.1751074
-2.0046939999999998  -1.896259  -0.1718048
-2.0046939999999998  -1.8423409999999998  -0.1670728
-2.0046939999999998  -1.788451  -0.16419899999999998
-2.0046939999999998  -1.733694  -0.1599988
-2.0046939999999998  -1.679804  -0.1559526
-2.0046939999999998  -1.625969  -0.1521461
-2.0046939999999998  -1.571131  -0.1486755
-2.0046939999999998  -1.517219  -0.1445596
-2.0046939999999998  -1.463377  -0.13971799999999998
-2.0046939999999998  -1.4085640000000001  -0.13525869999999998
-2.0046939999999998  -1.354704  -0.1316388
-2.0046939999999998  -1.3008499999999998  -0.1272865
-2.0046939999999998  -1.246048  -0.12295789999999998
-2.0046939999999998  -1.192077  -0.117096
-2.0046939999999998  -1.138264  -0.1132335
-2.0046939999999998  -1.083421  -0.1097096
-2.0046939999999998  -1.029568  -0.10556729999999999
-2.0046939999999998  -0.9756514  -0.09932079
-2.0046939999999998  -0.921765  -0.09394582
-2.0046939999999998  -0.8668932  -0.08966721
-2.0046939999999998  -0.8130544  -0.08554497999999999
-2.0046939999999998  -0.7591793  -0.08208852999999999
-2.0046939999999998  -0.7043933  -0.07582331
-2.0046939999999998  -0.6505179000000001  -0.0695028
-2.0046939999999998  -0.5965482  -0.06491256000000001
-2.0046939999999998  -0.5417101  -0.06134181
-2.0046939999999998  -0.4878938  -0.056834260000000004
-2.0046939999999998  -0.43402019999999997  -0.051008979999999995
-2.0046939999999998  -0.37920370000000003  -0.04452762
-2.0046939999999998  -0.3253569  -0.038349909999999994
-2.0046939999999998  -0.2714384  -0.033731849999999994
-2.0046939999999998  -0.2166592  -0.030408169999999998
-2.0046939999999998  -0.16278389999999998  -0.024733059999999998
-2.0046939999999998  -0.10891809999999999  -0.018179079999999997
-2.0046939999999998  -0.05407123  -0.010009349999999998
-2.0046939999999998  -0.0001986364  -0.003200846
-2.0046939999999998  0.05363841  0.003743836
-2.0046939999999998  0.1084382  0.018232250000000002
-2.0046939999999998  0.16231379999999998  0.03047531
-2.0046939999999998  0.2161823  0.03719715
-2.0046939999999998  0.2709813  0.0459727
-2.0046939999999998  0.3248978  0.05159168
-2.0046939999999998  0.3787511  0.05608825
-2.0046939999999998  0.4335516  0.059047340000000004
-2.0046939999999998  0.48742250000000004  0.0647148
-2.0046939999999998  0.5412614  0.07143438999999999
-2.0046939999999998  0.5960449999999999  0.07754242
-2.0046939999999998  0.6500482  0.08150706999999999
-2.0046939999999998  0.7039271  0.08480048999999999
-2.0046939999999998  0.7586803999999999  0.08969654
-2.0046939999999998  0.8125502  0.09557837999999999
-2.0046939999999998  0.8663875000000001  0.1010505
-2.0046939999999998  0.9212326000000001  0.1057789
-2.0046939999999998  0.9751647  0.109667
-2.0046939999999998  1.02905  0.1121722
-2.0046939999999998  1.082923  0.1169006
-2.0046939999999998  1.137753  0.1234177
-2.0046939999999998  1.1916300000000002  0.12832659999999999
-2.0046939999999998  1.24555  0.1333354
-2.0046939999999998  1.300312  0.1363078
-2.0046939999999998  1.354223  0.1387785
-2.0046939999999998  1.408026  0.1445111
-2.0046939999999998  1.462875  0.1500851
-2.0046939999999998  1.516705  0.15484499999999998
-2.0046939999999998  1.570624  0.15823939999999997
-2.0046939999999998  1.625426  0.1611053
-2.0046939999999998  1.67927  0.1640016
-2.0046939999999998  1.733148  0.1690024
-2.0046939999999998  1.787935  0.17466310000000002
-2.0046939999999998  1.8417940000000002  0.1788059
-2.0046939999999998  1.895775  0.1820802
-2.0046939999999998  1.9505940000000002  0.1834963
-2.0046939999999998  2.004459  0.1869739
