2.0050060000000003  2.0050060000000003  0.1886775
1.924923  1.924923  0.18601800000000002
1.924923  2.0050060000000003  0.1886775
1.844714  1.844714  0.1832182
1.844714  1.924923  0.18627731019307733
1.844714  2.0050060000000003  0.18836505360291977
1.764193  1.764193  0.1802435
1.764193  1.844714  0.18288362227607002
1.764193  1.924923  0.18586402897440782
1.764193  2.0050060000000003  0.18854109177014736
1.683897  1.683897  0.1768257
1.683897  1.764193  0.1794365071342874
1.683897  1.844714  0.18351655830698385
1.683897  1.924923  0.1865234306336583
1.683897  2.0050060000000003  0.18812633797232234
1.604571  1.604571  0.17297729999999997
1.604571  1.683897  0.1766715053184996
1.604571  1.764193  0.1790210735105016
1.604571  1.844714  0.18389890170150658
1.604571  1.924923  0.18663876203725704
1.604571  2.0050060000000003  0.18786153806454323
1.524189  1.524189  0.1682689
1.524189  1.604571  0.17284291686612566
1.524189  1.683897  0.1756592322520376
1.524189  1.764193  0.18052885952018588
1.524189  1.844714  0.18261883183446456
1.524189  1.924923  0.18486637550542412
1.524189  2.0050060000000003  0.18997393770816298
1.443901  1.443901  0.1639532
1.443901  1.524189  0.16870029580035448
1.443901  1.604571  0.17156508836130854
1.443901  1.683897  0.1762791222531657
1.443901  1.764193  0.1804904366639097
1.443901  1.844714  0.18199351722119173
1.443901  1.924923  0.18551718204017753
1.443901  2.0050060000000003  0.19026267758421003
1.3635540000000002  1.3635540000000002  0.15930999999999998
1.3635540000000002  1.443901  0.16413924363999205
1.3635540000000002  1.524189  0.16705608917331363
1.3635540000000002  1.604571  0.17247727652146388
1.3635540000000002  1.683897  0.17669941100939895
1.3635540000000002  1.764193  0.17877478306940833
1.3635540000000002  1.844714  0.18232031907108576
1.3635540000000002  1.924923  0.18658807757442863
1.3635540000000002  2.0050060000000003  0.18896446018555046
1.283241  1.283241  0.154272
1.283241  1.3635540000000002  0.15900127887243928
1.283241  1.443901  0.16276330169626146
1.283241  1.524189  0.1681183719044701
1.283241  1.604571  0.17069334851674228
1.283241  1.683897  0.17460184241395182
1.283241  1.764193  0.17994029840393372
1.283241  1.844714  0.18382460164975417
1.283241  1.924923  0.18493906528077456
1.283241  2.0050060000000003  0.1884637911123921
1.20285  1.20285  0.14844369999999998
1.20285  1.283241  0.15388354674399693
1.20285  1.3635540000000002  0.15705478637235706
1.20285  1.443901  0.1634703657428736
1.20285  1.524189  0.16740839370327393
1.20285  1.604571  0.17029859946354062
1.20285  1.683897  0.17513598558821875
1.20285  1.764193  0.18041249095106318
1.20285  1.844714  0.18382414641691558
1.20285  1.924923  0.18459984511547795
1.20285  2.0050060000000003  0.189010549076408
1.1225070000000001  1.1225070000000001  0.1423996
1.1225070000000001  1.20285  0.14754194638264395
1.1225070000000001  1.283241  0.15208618191928425
1.1225070000000001  1.3635540000000002  0.15773989268715863
1.1225070000000001  1.443901  0.16095781787566743
1.1225070000000001  1.524189  0.16684788157697128
1.1225070000000001  1.604571  0.17230825280434708
1.1225070000000001  1.683897  0.17562341837150033
1.1225070000000001  1.764193  0.17775386348616132
1.1225070000000001  1.844714  0.18138327314481678
1.1225070000000001  1.924923  0.18737397129667288
1.1225070000000001  2.0050060000000003  0.18923355126087893
1.042177  1.042177  0.1370574
1.042177  1.1225070000000001  0.1417784180969851
1.042177  1.20285  0.14681928094404506
1.042177  1.283241  0.15107945982817023
1.042177  1.3635540000000002  0.1574073203357545
1.042177  1.443901  0.16209720020452456
1.042177  1.524189  0.16581405524190745
1.042177  1.604571  0.16910717747778684
1.042177  1.683897  0.1759170937693171
1.042177  1.764193  0.18057469018696998
1.042177  1.844714  0.181949095443111
1.042177  1.924923  0.18436370999469656
1.042177  2.0050060000000003  0.18961760000066546
0.9628468  0.9628468  0.12997599999999998
0.9628468  1.042177  0.1352303994380021
0.9628468  1.1225070000000001  0.14128952892670432
0.9628468  1.20285  0.1452617118988813
0.9628468  1.283241  0.1511139362953427
0.9628468  1.3635540000000002  0.15735978570002437
0.9628468  1.443901  0.16114261256826304
0.9628468  1.524189  0.16440861313909608
0.9628468  1.604571  0.17010130356356337
0.9628468  1.683897  0.1765141264813531
0.9628468  1.764193  0.18015599225681692
0.9628468  1.844714  0.18103295826564703
0.9628468  1.924923  0.18426387359181734
0.9628468  2.0050060000000003  0.18958513518993517
0.88247  0.88247  0.1237269
0.88247  0.9628468  0.1290019788431682
0.88247  1.042177  0.1328527911323906
0.88247  1.1225070000000001  0.14055045845267122
0.88247  1.20285  0.14527895658335585
0.88247  1.283241  0.14905006158972622
0.88247  1.3635540000000002  0.15538985825894172
0.88247  1.443901  0.16208740840764532
0.88247  1.524189  0.16701917764345448
0.88247  1.604571  0.16881947254897503
0.88247  1.683897  0.172546146167081
0.88247  1.764193  0.17791829285351152
0.88247  1.844714  0.18379119558800017
0.88247  1.924923  0.187056776815442
0.88247  2.0050060000000003  0.1895522420723191
0.8021436  0.8021436  0.11674169999999999
0.8021436  0.88247  0.12237872845617948
0.8021436  0.9628468  0.1269333181749442
0.8021436  1.042177  0.1323389049463328
0.8021436  1.1225070000000001  0.1395310367573163
0.8021436  1.20285  0.1441761595247365
0.8021436  1.283241  0.14879768961971376
0.8021436  1.3635540000000002  0.15409361686395112
0.8021436  1.443901  0.16100688395305698
0.8021436  1.524189  0.16620495570220073
0.8021436  1.604571  0.16934530217705704
0.8021436  1.683897  0.17247128478871787
0.8021436  1.764193  0.1779686181157275
0.8021436  1.844714  0.18378766480272485
0.8021436  1.924923  0.18737269805883652
0.8021436  2.0050060000000003  0.18951936958022092
0.7218692999999999  0.7218692999999999  0.1091201
0.7218692999999999  0.8021436  0.11419959238845918
0.7218692999999999  0.88247  0.12123812013683168
0.7218692999999999  0.9628468  0.12575375788276685
0.7218692999999999  1.042177  0.13082704918295346
0.7218692999999999  1.1225070000000001  0.13871100635657088
0.7218692999999999  1.20285  0.14419324089579982
0.7218692999999999  1.283241  0.14776867349543563
0.7218692999999999  1.3635540000000002  0.15340567071076125
0.7218692999999999  1.443901  0.15992087417552056
0.7218692999999999  1.524189  0.16664693795362145
0.7218692999999999  1.604571  0.17185527136017148
0.7218692999999999  1.683897  0.17313872754466947
0.7218692999999999  1.764193  0.17625253619946749
0.7218692999999999  1.844714  0.18147060812926644
0.7218692999999999  1.924923  0.18634400580118038
0.7218692999999999  2.0050060000000003  0.18948651840934266
0.641568  0.641568  0.1019547
0.641568  0.7218692999999999  0.10712376642594323
0.641568  0.8021436  0.11420390646584817
0.641568  0.88247  0.11898446763061774
0.641568  0.9628468  0.12395983477730863
0.641568  1.042177  0.13099012878722346
0.641568  1.1225070000000001  0.13758892295453812
0.641568  1.20285  0.1429134245431508
0.641568  1.283241  0.1461063848346925
0.641568  1.3635540000000002  0.15279269785366062
0.641568  1.443901  0.1604670084458022
0.641568  1.524189  0.1658637809271212
0.641568  1.604571  0.1699263902352704
0.641568  1.683897  0.1730699496841501
0.641568  1.764193  0.17701414188695672
0.641568  1.844714  0.18241669556620632
0.641568  1.924923  0.1873942032203516
0.641568  2.0050060000000003  0.18945365618907978
0.5611337  0.5611337  0.09428352
0.5611337  0.641568  0.09999189791396224
0.5611337  0.7218692999999999  0.10580577737334575
0.5611337  0.8021436  0.11030973091516733
0.5611337  0.88247  0.11824929663163296
0.5611337  0.9628468  0.12459590669591476
0.5611337  1.042177  0.12837029655280102
0.5611337  1.1225070000000001  0.13454987801986157
0.5611337  1.20285  0.1413474603336064
0.5611337  1.283241  0.14862613917498335
0.5611337  1.3635540000000002  0.15489930902895208
0.5611337  1.443901  0.15845993306141004
0.5611337  1.524189  0.16271683566223122
0.5611337  1.604571  0.1679386226518797
0.5611337  1.683897  0.17433297840131567
0.5611337  1.764193  0.18028278179795992
0.5611337  1.844714  0.18320176222655205
0.5611337  1.924923  0.18492579274771487
0.5611337  2.0050060000000003  0.1894207395403669
0.4808344  0.4808344  0.0865782
0.4808344  0.5611337  0.09125999804927919
0.4808344  0.641568  0.09809692825616052
0.4808344  0.7218692999999999  0.10470301422788862
0.4808344  0.8021436  0.10932080462707536
0.4808344  0.88247  0.11592719455560338
0.4808344  0.9628468  0.12406966477217721
0.4808344  1.042177  0.1285269505974767
0.4808344  1.1225070000000001  0.13367245029786626
0.4808344  1.20285  0.14004657755587646
0.4808344  1.283241  0.14751594934055026
0.4808344  1.3635540000000002  0.154129875874198
0.4808344  1.443901  0.1598908837012861
0.4808344  1.524189  0.162214785294257
0.4808344  1.604571  0.16683515566494211
0.4808344  1.683897  0.17323868421431554
0.4808344  1.764193  0.1791783466160614
0.4808344  1.844714  0.18405668738324354
0.4808344  1.924923  0.1861957995211578
0.4808344  2.0050060000000003  0.18938787813857696
0.4005058  0.4005058  0.07839841
0.4005058  0.4808344  0.08360078940404118
0.4005058  0.5611337  0.08963188157098648
0.4005058  0.641568  0.097570357670325
0.4005058  0.7218692999999999  0.10179380462123637
0.4005058  0.8021436  0.10825970251590389
0.4005058  0.88247  0.11592482739546266
0.4005058  0.9628468  0.12192365037328166
0.4005058  1.042177  0.12747760358566973
0.4005058  1.1225070000000001  0.1322475990217952
0.4005058  1.20285  0.13953310413351183
0.4005058  1.283241  0.14734726712379145
0.4005058  1.3635540000000002  0.15351026111830723
0.4005058  1.443901  0.15778804713955114
0.4005058  1.524189  0.1621226414716581
0.4005058  1.604571  0.1671507288561433
0.4005058  1.683897  0.17417533649370867
0.4005058  1.764193  0.1803652314722945
0.4005058  1.844714  0.18223283488664777
0.4005058  1.924923  0.1851762862304429
0.4005058  2.0050060000000003  0.18935500474615857
0.3211813  0.3211813  0.06985664999999999
0.3211813  0.4005058  0.07560837870453363
0.3211813  0.4808344  0.08219175743808245
0.3211813  0.5611337  0.0872797186467117
0.3211813  0.641568  0.09411407350408503
0.3211813  0.7218692999999999  0.10166573752733671
0.3211813  0.8021436  0.10863950938537036
0.3211813  0.88247  0.11370598062101749
0.3211813  0.9628468  0.11898567119700763
0.3211813  1.042177  0.126566942764629
0.3211813  1.1225070000000001  0.13377211175442716
0.3211813  1.20285  0.14155825233963057
0.3211813  1.283241  0.1463211094475811
0.3211813  1.3635540000000002  0.1507518353764804
0.3211813  1.443901  0.15546232847990515
0.3211813  1.524189  0.16269458579497187
0.3211813  1.604571  0.1693909572473015
0.3211813  1.683897  0.17586608862017572
0.3211813  1.764193  0.17845864554485488
0.3211813  1.844714  0.18077817157224493
0.3211813  1.924923  0.18408737854923254
0.3211813  2.0050060000000003  0.18932254226807613
0.2409745  0.2409745  0.06162765
0.2409745  0.3211813  0.06790583855339385
0.2409745  0.4005058  0.07303184022245525
0.2409745  0.4808344  0.07925100712442612
0.2409745  0.5611337  0.08673606559661565
0.2409745  0.641568  0.09462322997522268
0.2409745  0.7218692999999999  0.09988406963591154
0.2409745  0.8021436  0.10548058192198455
0.2409745  0.88247  0.11222526024331438
0.2409745  0.9628468  0.1202317336180018
0.2409745  1.042177  0.12677923532495508
0.2409745  1.1225070000000001  0.13348565121155218
0.2409745  1.20285  0.1387995157922309
0.2409745  1.283241  0.14371931722743161
0.2409745  1.3635540000000002  0.15081558080015023
0.2409745  1.443901  0.15847385711486597
0.2409745  1.524189  0.16457948557989424
0.2409745  1.604571  0.16994874258493403
0.2409745  1.683897  0.17314851494658273
0.2409745  1.764193  0.17546401088556665
0.2409745  1.844714  0.18074027787358218
0.2409745  1.924923  0.18575568651430058
0.2409745  2.0050060000000003  0.18928971872065936
0.1606068  0.1606068  0.05303637
0.1606068  0.2409745  0.05830662959192778
0.1606068  0.3211813  0.06617550922794592
0.1606068  0.4005058  0.07292477375680893
0.1606068  0.4808344  0.07786450135529481
0.1606068  0.5611337  0.08396155231692869
0.1606068  0.641568  0.09083167900292952
0.1606068  0.7218692999999999  0.09912052847556493
0.1606068  0.8021436  0.10634907975841063
0.1606068  0.88247  0.11177950413793929
0.1606068  0.9628468  0.11788825874196897
0.1606068  1.042177  0.12354217782166417
0.1606068  1.1225070000000001  0.13085376367629
0.1606068  1.20285  0.139485792840096
0.1606068  1.283241  0.14682644478224952
0.1606068  1.3635540000000002  0.15226372452018852
0.1606068  1.443901  0.15591145019031247
0.1606068  1.524189  0.16104979452966778
0.1606068  1.604571  0.1666895638525478
0.1606068  1.683897  0.17272194179311096
0.1606068  1.764193  0.17867072848118543
0.1606068  1.844714  0.18427762259603342
0.1606068  1.924923  0.18623175839531178
0.1606068  2.0050060000000003  0.1892568293270951
0.08031898999999999  0.08031898999999999  0.04321958
0.08031898999999999  0.1606068  0.049833895308188485
0.08031898999999999  0.2409745  0.05703447248662989
0.08031898999999999  0.3211813  0.0625619144003373
0.08031898999999999  0.4005058  0.06830324126561632
0.08031898999999999  0.4808344  0.07740280942434866
0.08031898999999999  0.5611337  0.08484390505950781
0.08031898999999999  0.641568  0.09095735706782393
0.08031898999999999  0.7218692999999999  0.09696944185387261
0.08031898999999999  0.8021436  0.10286506175692278
0.08031898999999999  0.88247  0.11060933841810906
0.08031898999999999  0.9628468  0.11805760330007016
0.08031898999999999  1.042177  0.12626801031233975
0.08031898999999999  1.1225070000000001  0.1324183867032425
0.08031898999999999  1.20285  0.1384611768156336
0.08031898999999999  1.283241  0.14280682065756847
0.08031898999999999  1.3635540000000002  0.14895810460068765
0.08031898999999999  1.443901  0.15729707623758732
0.08031898999999999  1.524189  0.16410349003943378
0.08031898999999999  1.604571  0.1691416507482068
0.08031898999999999  1.683897  0.17237518769918264
0.08031898999999999  1.764193  0.17597747180998358
0.08031898999999999  1.844714  0.18009531765313994
0.08031898999999999  1.924923  0.1844927018794328
0.08031898999999999  2.0050060000000003  0.18922397262743218
-2.3563540000000002e-5  -2.3563540000000002e-5  0.03349594
-2.3563540000000002e-5  0.08031898999999999  0.04062540178637231
-2.3563540000000002e-5  0.1606068  0.04627295760875084
-2.3563540000000002e-5  0.2409745  0.05505934683709154
-2.3563540000000002e-5  0.3211813  0.06202798087167883
-2.3563540000000002e-5  0.4005058  0.06881490853272204
-2.3563540000000002e-5  0.4808344  0.07527022371699671
-2.3563540000000002e-5  0.5611337  0.08080923400421923
-2.3563540000000002e-5  0.641568  0.08888433098352494
-2.3563540000000002e-5  0.7218692999999999  0.09712982459285649
-2.3563540000000002e-5  0.8021436  0.10437742151492137
-2.3563540000000002e-5  0.88247  0.11082078506636946
-2.3563540000000002e-5  0.9628468  0.11620732238313457
-2.3563540000000002e-5  1.042177  0.12264536266161039
-2.3563540000000002e-5  1.1225070000000001  0.1310923644036895
-2.3563540000000002e-5  1.20285  0.13755476181228243
-2.3563540000000002e-5  1.283241  0.1454408571139107
-2.3563540000000002e-5  1.3635540000000002  0.150950132290309
-2.3563540000000002e-5  1.443901  0.15520252614197774
-2.3563540000000002e-5  1.524189  0.1603670634868183
-2.3563540000000002e-5  1.604571  0.16594244499806277
-2.3563540000000002e-5  1.683897  0.17176287312632804
-2.3563540000000002e-5  1.764193  0.1786498547160053
-2.3563540000000002e-5  1.844714  0.1835713337343652
-2.3563540000000002e-5  1.924923  0.18648071746651718
-2.3563540000000002e-5  2.0050060000000003  0.18919109352471636
-0.08036938  -0.08036938  0.023129069999999998
-0.08036938  -2.3563540000000002e-5  0.029235166154564698
-0.08036938  0.08031898999999999  0.03714359396625773
-0.08036938  0.1606068  0.043618421795055616
-0.08036938  0.2409745  0.05156638629405776
-0.08036938  0.3211813  0.05961421799168469
-0.08036938  0.4005058  0.0669715729010421
-0.08036938  0.4808344  0.07425823835031979
-0.08036938  0.5611337  0.08183908346912393
-0.08036938  0.641568  0.08740590555555641
-0.08036938  0.7218692999999999  0.09396267228235622
-0.08036938  0.8021436  0.10150597265556846
-0.08036938  0.88247  0.10936674603077888
-0.08036938  0.9628468  0.11731198209454588
-0.08036938  1.042177  0.12464046502686715
-0.08036938  1.1225070000000001  0.1310401412799791
-0.08036938  1.20285  0.1358734536002832
-0.08036938  1.283241  0.1413596960160019
-0.08036938  1.3635540000000002  0.14849750861341826
-0.08036938  1.443901  0.15555330099676376
-0.08036938  1.524189  0.1636798152610916
-0.08036938  1.604571  0.16989519506598852
-0.08036938  1.683897  0.1740362948855188
-0.08036938  1.764193  0.1780399932794864
-0.08036938  1.844714  0.18053571858843348
-0.08036938  1.924923  0.18338369748617153
-0.08036938  2.0050060000000003  0.18915821308669473
-0.1606638  -0.1606638  0.01101921
-0.1606638  -0.08036938  0.016705951762531427
-0.1606638  -2.3563540000000002e-5  0.02553163542728344
-0.1606638  0.08031898999999999  0.033679252382764646
-0.1606638  0.1606068  0.04087564988160253
-0.1606638  0.2409745  0.04863647927930989
-0.1606638  0.3211813  0.05754916364590925
-0.1606638  0.4005058  0.06586413790000471
-0.1606638  0.4808344  0.07369784139252734
-0.1606638  0.5611337  0.08050027231758183
-0.1606638  0.641568  0.08616621944688783
-0.1606638  0.7218692999999999  0.09312740389473374
-0.1606638  0.8021436  0.1000032908513522
-0.1606638  0.88247  0.10800825052526561
-0.1606638  0.9628468  0.116998434758179
-0.1606638  1.042177  0.12440058921821986
-0.1606638  1.1225070000000001  0.13102000559403584
-0.1606638  1.20285  0.13593756742154603
-0.1606638  1.283241  0.14134594672370313
-0.1606638  1.3635540000000002  0.1472291070126879
-0.1606638  1.443901  0.1556251755453297
-0.1606638  1.524189  0.16282423468772494
-0.1606638  1.604571  0.16936798583521426
-0.1606638  1.683897  0.17373751418843847
-0.1606638  1.764193  0.17839821208864237
-0.1606638  1.844714  0.18042932550240146
-0.1606638  1.924923  0.18326091630606625
-0.1606638  2.0050060000000003  0.18912535368197875
-0.24092509999999998  -0.24092509999999998  -0.0012148959999999998
-0.24092509999999998  -0.1606638  0.003734578238882531
-0.24092509999999998  -0.08036938  0.011180915817900108
-0.24092509999999998  -2.3563540000000002e-5  0.019842470794451537
-0.24092509999999998  0.08031898999999999  0.028423883338603323
-0.24092509999999998  0.1606068  0.037149437853082126
-0.24092509999999998  0.2409745  0.046183235831792624
-0.24092509999999998  0.3211813  0.053851593605001816
-0.24092509999999998  0.4005058  0.06302012946144847
-0.24092509999999998  0.4808344  0.07103235761456195
-0.24092509999999998  0.5611337  0.07874352456597795
-0.24092509999999998  0.641568  0.08650344533758139
-0.24092509999999998  0.7218692999999999  0.09288422408504357
-0.24092509999999998  0.8021436  0.0990649428765256
-0.24092509999999998  0.88247  0.10586227818093283
-0.24092509999999998  0.9628468  0.11365591421952344
-0.24092509999999998  1.042177  0.12190990116191003
-0.24092509999999998  1.1225070000000001  0.1308795469321244
-0.24092509999999998  1.20285  0.13689282800849698
-0.24092509999999998  1.283241  0.14404458516812402
-0.24092509999999998  1.3635540000000002  0.14863098735818045
-0.24092509999999998  1.443901  0.15296361034692907
-0.24092509999999998  1.524189  0.15918528048708758
-0.24092509999999998  1.604571  0.16584180574375465
-0.24092509999999998  1.683897  0.1729251873677858
-0.24092509999999998  1.764193  0.17948709826762468
-0.24092509999999998  1.844714  0.1832324615945862
-0.24092509999999998  1.924923  0.1857084279721255
-0.24092509999999998  2.0050060000000003  0.18909250783117454
-0.3212411  -0.3212411  -0.013409599999999999
-0.3212411  -0.24092509999999998  -0.008038848700762958
-0.3212411  -0.1606638  0.0003740672846383471
-0.3212411  -0.08036938  0.007468300255167631
-0.3212411  -2.3563540000000002e-5  0.013755402583171239
-0.3212411  0.08031898999999999  0.02341931547809963
-0.3212411  0.1606068  0.03412719675836067
-0.3212411  0.2409745  0.045481726117053416
-0.3212411  0.3211813  0.05457455691986491
-0.3212411  0.4005058  0.06139359466562369
-0.3212411  0.4808344  0.0684096856843841
-0.3212411  0.5611337  0.07571054853788838
-0.3212411  0.641568  0.08280202837980487
-0.3212411  0.7218692999999999  0.09163367101958537
-0.3212411  0.8021436  0.1010532204338411
-0.3212411  0.88247  0.10804451611562058
-0.3212411  0.9628468  0.1146056926543368
-0.3212411  1.042177  0.12036367496972102
-0.3212411  1.1225070000000001  0.126931411693612
-0.3212411  1.20285  0.1337026940025933
-0.3212411  1.283241  0.14262619048649158
-0.3212411  1.3635540000000002  0.15052589644067557
-0.3212411  1.443901  0.1579674562531328
-0.3212411  1.524189  0.16219856806063782
-0.3212411  1.604571  0.16584013695582264
-0.3212411  1.683897  0.17012939396888851
-0.3212411  1.764193  0.17526607411096215
-0.3212411  1.844714  0.1794992559597689
-0.3212411  1.924923  0.18533321447244872
-0.3212411  2.0050060000000003  0.1890596395951356
-0.400543  -0.400543  -0.023234
-0.400543  -0.3212411  -0.017678192542733343
-0.400543  -0.24092509999999998  -0.011019249379492597
-0.400543  -0.1606638  -0.004200367803902084
-0.400543  -0.08036938  0.002355164590432504
-0.400543  -2.3563540000000002e-5  0.011172945900191241
-0.400543  0.08031898999999999  0.020294605398199436
-0.400543  0.1606068  0.032207609475721696
-0.400543  0.2409745  0.04299484872971234
-0.400543  0.3211813  0.052247364716544495
-0.400543  0.4005058  0.05959788156522435
-0.400543  0.4808344  0.0676466169922381
-0.400543  0.5611337  0.07488975412835924
-0.400543  0.641568  0.08204389146130764
-0.400543  0.7218692999999999  0.09052782642535903
-0.400543  0.8021436  0.0988398317199329
-0.400543  0.88247  0.1079665911694084
-0.400543  0.9628468  0.11529180554502724
-0.400543  1.042177  0.12038433964831222
-0.400543  1.1225070000000001  0.12664173113595656
-0.400543  1.20285  0.13246660798572998
-0.400543  1.283241  0.14137018695514064
-0.400543  1.3635540000000002  0.1482109476090135
-0.400543  1.443901  0.1566953570124264
-0.400543  1.524189  0.16240167547840004
-0.400543  1.604571  0.16826975518569862
-0.400543  1.683897  0.17122060150911167
-0.400543  1.764193  0.17529140125953865
-0.400543  1.844714  0.1789241076015798
-0.400543  1.924923  0.18381780964723243
-0.400543  2.0050060000000003  0.1890271863657973
-0.4808456  -0.4808456  -0.032908019999999996
-0.4808456  -0.400543  -0.028461896531678504
-0.4808456  -0.3212411  -0.021821797119256425
-0.4808456  -0.24092509999999998  -0.014013560431039051
-0.4808456  -0.1606638  -0.00709424509829622
-0.4808456  -0.08036938  -9.933009907292053e-5
-0.4808456  -2.3563540000000002e-5  0.007394519353323685
-0.4808456  0.08031898999999999  0.01683468997004236
-0.4808456  0.1606068  0.02899649680514305
-0.4808456  0.2409745  0.04042602437957313
-0.4808456  0.3211813  0.05071519660115391
-0.4808456  0.4005058  0.05881597932267906
-0.4808456  0.4808344  0.06587338128373636
-0.4808456  0.5611337  0.07304327518411481
-0.4808456  0.641568  0.08092132734798714
-0.4808456  0.7218692999999999  0.08932386226294375
-0.4808456  0.8021436  0.09770020177506952
-0.4808456  0.88247  0.1061602057051692
-0.4808456  0.9628468  0.11441470308932226
-0.4808456  1.042177  0.12143661302079582
-0.4808456  1.1225070000000001  0.12797816925824465
-0.4808456  1.20285  0.1327503635742079
-0.4808456  1.283241  0.1394464093784002
-0.4808456  1.3635540000000002  0.14639906344262518
-0.4808456  1.443901  0.1531710798563061
-0.4808456  1.524189  0.16144201213554477
-0.4808456  1.604571  0.16826335411586085
-0.4808456  1.683897  0.17427749858720162
-0.4808456  1.764193  0.17813292038818246
-0.4808456  1.844714  0.18088398730692395
-0.4808456  1.924923  0.18401190356679348
-0.4808456  2.0050060000000003  0.18899432361352703
-0.5611408  -0.5611408  -0.04272056999999999
-0.5611408  -0.4808456  -0.03702970213936167
-0.5611408  -0.400543  -0.03167370644039202
-0.5611408  -0.3212411  -0.02385837458309759
-0.5611408  -0.24092509999999998  -0.01689563590124496
-0.5611408  -0.1606638  -0.009823650444311197
-0.5611408  -0.08036938  -0.0026622018750212437
-0.5611408  -2.3563540000000002e-5  0.005275810603155852
-0.5611408  0.08031898999999999  0.014215345593891445
-0.5611408  0.1606068  0.02603310762351681
-0.5611408  0.2409745  0.03861582476562764
-0.5611408  0.3211813  0.0498336014873685
-0.5611408  0.4005058  0.057709191507045544
-0.5611408  0.4808344  0.06575498969971857
-0.5611408  0.5611337  0.0727808962391399
-0.5611408  0.641568  0.07964718844207126
-0.5611408  0.7218692999999999  0.08803331364558617
-0.5611408  0.8021436  0.09636937783873883
-0.5611408  0.88247  0.10543165643140943
-0.5611408  0.9628468  0.11408457323280957
-0.5611408  1.042177  0.1210812565140099
-0.5611408  1.1225070000000001  0.12751422810055243
-0.5611408  1.20285  0.13273758800944516
-0.5611408  1.283241  0.1392820463465225
-0.5611408  1.3635540000000002  0.14710186577744333
-0.5611408  1.443901  0.1540260042235291
-0.5611408  1.524189  0.16153288314090083
-0.5611408  1.604571  0.16807948681533666
-0.5611408  1.683897  0.17414360566685047
-0.5611408  1.764193  0.17788398340541436
-0.5611408  1.844714  0.18102767277066847
-0.5611408  1.924923  0.18345168014443744
-0.5611408  2.0050060000000003  0.1889614638896066
-0.6415540999999999  -0.6415540999999999  -0.05183391
-0.6415540999999999  -0.5611408  -0.04696894731985714
-0.6415540999999999  -0.4808456  -0.04005883607511967
-0.6415540999999999  -0.400543  -0.034365442300315074
-0.6415540999999999  -0.3212411  -0.028166892517224443
-0.6415540999999999  -0.24092509999999998  -0.019781715319818465
-0.6415540999999999  -0.1606638  -0.012452810969418016
-0.6415540999999999  -0.08036938  -0.004453070681642412
-0.6415540999999999  -2.3563540000000002e-5  0.004588234979961624
-0.6415540999999999  0.08031898999999999  0.01240025768733402
-0.6415540999999999  0.1606068  0.023098128666940717
-0.6415540999999999  0.2409745  0.03438650475399965
-0.6415540999999999  0.3211813  0.044879335942929394
-0.6415540999999999  0.4005058  0.0559125242511028
-0.6415540999999999  0.4808344  0.06533133100404762
-0.6415540999999999  0.5611337  0.073869353076157
-0.6415540999999999  0.641568  0.08128904409671829
-0.6415540999999999  0.7218692999999999  0.08829364899105814
-0.6415540999999999  0.8021436  0.09477486966221262
-0.6415540999999999  0.88247  0.1018071222817279
-0.6415540999999999  0.9628468  0.1101847871683478
-0.6415540999999999  1.042177  0.11957528455098584
-0.6415540999999999  1.1225070000000001  0.12773203446198292
-0.6415540999999999  1.20285  0.13548284335500907
-0.6415540999999999  1.283241  0.14211037985406735
-0.6415540999999999  1.3635540000000002  0.1477748001028896
-0.6415540999999999  1.443901  0.15251928039175788
-0.6415540999999999  1.524189  0.158379394199324
-0.6415540999999999  1.604571  0.16456273753421585
-0.6415540999999999  1.683897  0.17042636761856975
-0.6415540999999999  1.764193  0.17679103737306728
-0.6415540999999999  1.844714  0.18236156939782305
-0.6415540999999999  1.924923  0.18709247385833291
-0.6415540999999999  2.0050060000000003  0.1889285558348595
-0.721855  -0.721855  -0.06049323
-0.721855  -0.6415540999999999  -0.05585884690889852
-0.721855  -0.5611408  -0.04953645238320486
-0.721855  -0.4808456  -0.04291422713635098
-0.721855  -0.400543  -0.03694528215828301
-0.721855  -0.3212411  -0.03099253114053354
-0.721855  -0.24092509999999998  -0.023297604050336814
-0.721855  -0.1606638  -0.01535179700971797
-0.721855  -0.08036938  -0.0068831776335441
-0.721855  -2.3563540000000002e-5  0.002648519443646379
-0.721855  0.08031898999999999  0.013114662643338373
-0.721855  0.1606068  0.023426474623357726
-0.721855  0.2409745  0.034577764693694356
-0.721855  0.3211813  0.043538567867698
-0.721855  0.4005058  0.052417740256822776
-0.721855  0.4808344  0.06102078038461357
-0.721855  0.5611337  0.06972749550761026
-0.721855  0.641568  0.07968302297482399
-0.721855  0.7218692999999999  0.08933324458669469
-0.721855  0.8021436  0.09692368643439774
-0.721855  0.88247  0.10437721865429095
-0.721855  0.9628468  0.11128730934482277
-0.721855  1.042177  0.11708339653242937
-0.721855  1.1225070000000001  0.12427050865239343
-0.721855  1.20285  0.1307256900026798
-0.721855  1.283241  0.13931466657010344
-0.721855  1.3635540000000002  0.148382597990777
-0.721855  1.443901  0.15469280492066878
-0.721855  1.524189  0.1624558797649516
-0.721855  1.604571  0.16777646301333968
-0.721855  1.683897  0.17209016976734265
-0.721855  1.764193  0.17680989804679995
-0.721855  1.844714  0.18036537108190012
-0.721855  1.924923  0.18325941239514773
-0.721855  2.0050060000000003  0.18889569377829124
-0.8020818000000001  -0.8020818000000001  -0.07022671
-0.8020818000000001  -0.721855  -0.0652255357749731
-0.8020818000000001  -0.6415540999999999  -0.058835974798077555
-0.8020818000000001  -0.5611408  -0.05349271227393187
-0.8020818000000001  -0.4808456  -0.04719185294766443
-0.8020818000000001  -0.400543  -0.03958889753781847
-0.8020818000000001  -0.3212411  -0.03145890852362764
-0.8020818000000001  -0.24092509999999998  -0.024241577977226512
-0.8020818000000001  -0.1606638  -0.017218683642754893
-0.8020818000000001  -0.08036938  -0.010166343906864495
-0.8020818000000001  -2.3563540000000002e-5  -0.0015843471649113561
-0.8020818000000001  0.08031898999999999  0.007869373669641869
-0.8020818000000001  0.1606068  0.019139333931388787
-0.8020818000000001  0.2409745  0.03197031243756913
-0.8020818000000001  0.3211813  0.04337361029472218
-0.8020818000000001  0.4005058  0.05262277902927617
-0.8020818000000001  0.4808344  0.06250196701486652
-0.8020818000000001  0.5611337  0.07155027924609562
-0.8020818000000001  0.641568  0.07945419094485394
-0.8020818000000001  0.7218692999999999  0.08744125962210104
-0.8020818000000001  0.8021436  0.09410202946923667
-0.8020818000000001  0.88247  0.10108976172989262
-0.8020818000000001  0.9628468  0.1088131075756593
-0.8020818000000001  1.042177  0.1165074561864166
-0.8020818000000001  1.1225070000000001  0.12543025325352994
-0.8020818000000001  1.20285  0.13451840179109462
-0.8020818000000001  1.283241  0.14256848687754703
-0.8020818000000001  1.3635540000000002  0.14931236417754842
-0.8020818000000001  1.443901  0.1561177736033794
-0.8020818000000001  1.524189  0.16031960412357144
-0.8020818000000001  1.604571  0.16495093914019796
-0.8020818000000001  1.683897  0.16956499989076979
-0.8020818000000001  1.764193  0.17433234883852783
-0.8020818000000001  1.844714  0.17990313993191098
-0.8020818000000001  1.924923  0.1846881953691005
-0.8020818000000001  2.0050060000000003  0.18886286204614514
-0.8821705  -0.8821705  -0.07909537999999999
-0.8821705  -0.8020818000000001  -0.0744473347547713
-0.8821705  -0.721855  -0.06878253489398574
-0.8821705  -0.6415540999999999  -0.06237477804190105
-0.8821705  -0.5611408  -0.05542037396751049
-0.8821705  -0.4808456  -0.049512036965803155
-0.8821705  -0.400543  -0.042928362278484414
-0.8821705  -0.3212411  -0.036110686287648984
-0.8821705  -0.24092509999999998  -0.028847077365027816
-0.8821705  -0.1606638  -0.019639657070263758
-0.8821705  -0.08036938  -0.010569512964787193
-0.8821705  -2.3563540000000002e-5  -0.0008722649265417692
-0.8821705  0.08031898999999999  0.009532371878911648
-0.8821705  0.1606068  0.020624541126535077
-0.8821705  0.2409745  0.03165714619261044
-0.8821705  0.3211813  0.04232404401278627
-0.8821705  0.4005058  0.049829100076575865
-0.8821705  0.4808344  0.05932802324602823
-0.8821705  0.5611337  0.0673330197848482
-0.8821705  0.641568  0.07616134086267513
-0.8821705  0.7218692999999999  0.08607145417724757
-0.8821705  0.8021436  0.09492972784847913
-0.8821705  0.88247  0.10336907661675973
-0.8821705  0.9628468  0.11141859085588768
-0.8821705  1.042177  0.11832936154263349
-0.8821705  1.1225070000000001  0.12580241299855946
-0.8821705  1.20285  0.13175307220747892
-0.8821705  1.283241  0.1386407099076976
-0.8821705  1.3635540000000002  0.14418383040080052
-0.8821705  1.443901  0.15155656984220126
-0.8821705  1.524189  0.1601460362823195
-0.8821705  1.604571  0.16593627694054636
-0.8821705  1.683897  0.17229550561877913
-0.8821705  1.764193  0.1784473780501025
-0.8821705  1.844714  0.18339355408221605
-0.8821705  1.924923  0.18683886034227987
-0.8821705  2.0050060000000003  0.18883008682955504
-0.9627045000000001  -0.9627045000000001  -0.08806433
-0.9627045000000001  -0.8821705  -0.08323525837230528
-0.9627045000000001  -0.8020818000000001  -0.07849799443416593
-0.9627045000000001  -0.721855  -0.07238575215848438
-0.9627045000000001  -0.6415540999999999  -0.06512029914091783
-0.9627045000000001  -0.5611408  -0.058552122770687255
-0.9627045000000001  -0.4808456  -0.05156654040032758
-0.9627045000000001  -0.400543  -0.04507157110090044
-0.9627045000000001  -0.3212411  -0.03821336951608334
-0.9627045000000001  -0.24092509999999998  -0.03113883246081471
-0.9627045000000001  -0.1606638  -0.023068139097144436
-0.9627045000000001  -0.08036938  -0.013275198438509241
-0.9627045000000001  -2.3563540000000002e-5  -0.0031176976940183684
-0.9627045000000001  0.08031898999999999  0.007593339945120236
-0.9627045000000001  0.1606068  0.018771679185901502
-0.9627045000000001  0.2409745  0.030680801751348963
-0.9627045000000001  0.3211813  0.04174504269473962
-0.9627045000000001  0.4005058  0.049614723242007566
-0.9627045000000001  0.4808344  0.05867174164428455
-0.9627045000000001  0.5611337  0.06632130426953416
-0.9627045000000001  0.641568  0.07473782534628323
-0.9627045000000001  0.7218692999999999  0.08413203060769317
-0.9627045000000001  0.8021436  0.09348467145383307
-0.9627045000000001  0.88247  0.10241559257372157
-0.9627045000000001  0.9628468  0.11182336771990839
-0.9627045000000001  1.042177  0.11883267770493577
-0.9627045000000001  1.1225070000000001  0.12501661621653212
-0.9627045000000001  1.20285  0.13150819154184537
-0.9627045000000001  1.283241  0.13830859715938687
-0.9627045000000001  1.3635540000000002  0.1444584381078468
-0.9627045000000001  1.443901  0.15140161107160588
-0.9627045000000001  1.524189  0.1574868528080184
-0.9627045000000001  1.604571  0.16504019760855876
-0.9627045000000001  1.683897  0.17092290267096547
-0.9627045000000001  1.764193  0.17742798705546617
-0.9627045000000001  1.844714  0.1814854092493105
-0.9627045000000001  1.924923  0.18771709116009036
-0.9627045000000001  2.0050060000000003  0.18879712937996643
-1.042077  -1.042077  -0.09728468
-1.042077  -0.9627045000000001  -0.09246317061124346
-1.042077  -0.8821705  -0.08649173667114243
-1.042077  -0.8020818000000001  -0.08116152654392861
-1.042077  -0.721855  -0.07499456104132765
-1.042077  -0.6415540999999999  -0.06925434762152742
-1.042077  -0.5611408  -0.06251150703596123
-1.042077  -0.4808456  -0.05479939726685191
-1.042077  -0.400543  -0.047182086441991414
-1.042077  -0.3212411  -0.03884934207583199
-1.042077  -0.24092509999999998  -0.030871980708338492
-1.042077  -0.1606638  -0.023099956351991177
-1.042077  -0.08036938  -0.01562743651195182
-1.042077  -2.3563540000000002e-5  -0.006120023009397056
-1.042077  0.08031898999999999  0.002503873573711079
-1.042077  0.1606068  0.01408761769422201
-1.042077  0.2409745  0.02694674389793469
-1.042077  0.3211813  0.03664574902918742
-1.042077  0.4005058  0.04684994175191252
-1.042077  0.4808344  0.05697739960234396
-1.042077  0.5611337  0.06668474011693562
-1.042077  0.641568  0.07625587757073633
-1.042077  0.7218692999999999  0.0855653869313138
-1.042077  0.8021436  0.09453077615767776
-1.042077  0.88247  0.10264826504863898
-1.042077  0.9628468  0.10962586437598056
-1.042077  1.042177  0.11590884024921436
-1.042077  1.1225070000000001  0.12251076932629633
-1.042077  1.20285  0.12999405602719885
-1.042077  1.283241  0.13691152975709092
-1.042077  1.3635540000000002  0.14456074387279189
-1.042077  1.443901  0.15340607417360605
-1.042077  1.524189  0.15992738116877542
-1.042077  1.604571  0.16753027193450112
-1.042077  1.683897  0.1732277731489187
-1.042077  1.764193  0.17853960409395359
-1.042077  1.844714  0.1828384435601973
-1.042077  1.924923  0.18563776577896918
-1.042077  2.0050060000000003  0.18876464725853356
-1.122295  -1.122295  -0.1060627
-1.122295  -1.042077  -0.10199964396819586
-1.122295  -0.9627045000000001  -0.09641259042851427
-1.122295  -0.8821705  -0.09036085483983766
-1.122295  -0.8020818000000001  -0.08463455801087219
-1.122295  -0.721855  -0.07771105073397894
-1.122295  -0.6415540999999999  -0.07227305393708877
-1.122295  -0.5611408  -0.06552098579376
-1.122295  -0.4808456  -0.05903780930983827
-1.122295  -0.400543  -0.05047242184155509
-1.122295  -0.3212411  -0.042309845985132884
-1.122295  -0.24092509999999998  -0.033526832680969794
-1.122295  -0.1606638  -0.025267695969433217
-1.122295  -0.08036938  -0.01617747275207938
-1.122295  -2.3563540000000002e-5  -0.00744503918488018
-1.122295  0.08031898999999999  0.0019074444606430269
-1.122295  0.1606068  0.012577054538104633
-1.122295  0.2409745  0.02402576775859781
-1.122295  0.3211813  0.03550114624024649
-1.122295  0.4005058  0.0447633614488612
-1.122295  0.4808344  0.05530435583562586
-1.122295  0.5611337  0.06505502832830865
-1.122295  0.641568  0.07477570485989417
-1.122295  0.7218692999999999  0.08401992234253824
-1.122295  0.8021436  0.0931303565899218
-1.122295  0.88247  0.10254480167299253
-1.122295  0.9628468  0.10907658646998122
-1.122295  1.042177  0.11708768057791434
-1.122295  1.1225070000000001  0.12351514527926909
-1.122295  1.20285  0.1304397021507413
-1.122295  1.283241  0.1366512574204745
-1.122295  1.3635540000000002  0.14393480980631881
-1.122295  1.443901  0.1521113649949532
-1.122295  1.524189  0.15834791008768564
-1.122295  1.604571  0.16405166200832436
-1.122295  1.683897  0.17073569608481837
-1.122295  1.764193  0.17681885762588156
-1.122295  1.844714  0.18205280004112784
-1.122295  1.924923  0.18726352574702998
-1.122295  2.0050060000000003  0.18873181912766837
-1.202635  -1.202635  -0.11542799999999999
-1.202635  -1.122295  -0.11108105404633078
-1.202635  -1.042077  -0.1054218275837017
-1.202635  -0.9627045000000001  -0.1004812947412789
-1.202635  -0.8821705  -0.09426712909588013
-1.202635  -0.8020818000000001  -0.08927712759130181
-1.202635  -0.721855  -0.08249455195900718
-1.202635  -0.6415540999999999  -0.07555268353369621
-1.202635  -0.5611408  -0.06916695831941892
-1.202635  -0.4808456  -0.06067283685557236
-1.202635  -0.400543  -0.052744590839103364
-1.202635  -0.3212411  -0.044090140044826184
-1.202635  -0.24092509999999998  -0.03601138317976056
-1.202635  -0.1606638  -0.027605456940772266
-1.202635  -0.08036938  -0.018763961351593788
-1.202635  -2.3563540000000002e-5  -0.010876802149634848
-1.202635  0.08031898999999999  -0.0009988834658961616
-1.202635  0.1606068  0.010688848538774349
-1.202635  0.2409745  0.02277256513806243
-1.202635  0.3211813  0.03358243477534832
-1.202635  0.4005058  0.04338328088130453
-1.202635  0.4808344  0.05408005059730993
-1.202635  0.5611337  0.06356588697588639
-1.202635  0.641568  0.07342907771625175
-1.202635  0.7218692999999999  0.08248966108552243
-1.202635  0.8021436  0.09159220623906247
-1.202635  0.88247  0.10154200264601271
-1.202635  0.9628468  0.10869723292174634
-1.202635  1.042177  0.11725155329764275
-1.202635  1.1225070000000001  0.12429325681149096
-1.202635  1.20285  0.1306615770801781
-1.202635  1.283241  0.13697544220174038
-1.202635  1.3635540000000002  0.14426711553348148
-1.202635  1.443901  0.15026458487365418
-1.202635  1.524189  0.15649147114741266
-1.202635  1.604571  0.16412076447201343
-1.202635  1.683897  0.1689712440940457
-1.202635  1.764193  0.1740310157302319
-1.202635  1.844714  0.1809321029465649
-1.202635  1.924923  0.18575438886244686
-1.202635  2.0050060000000003  0.18869894106995425
-1.282989  -1.282989  -0.12490210000000002
-1.282989  -1.202635  -0.12100526923578556
-1.282989  -1.122295  -0.1154593715902299
-1.282989  -1.042077  -0.11122509725210471
-1.282989  -0.9627045000000001  -0.10538255595298249
-1.282989  -0.8821705  -0.09912320937640161
-1.282989  -0.8020818000000001  -0.0923691066866725
-1.282989  -0.721855  -0.08502570608058374
-1.282989  -0.6415540999999999  -0.0784211205828098
-1.282989  -0.5611408  -0.07134745169142791
-1.282989  -0.4808456  -0.06493713563994014
-1.282989  -0.400543  -0.05708820941651422
-1.282989  -0.3212411  -0.0500719711452526
-1.282989  -0.24092509999999998  -0.04121854030749585
-1.282989  -0.1606638  -0.03292683641215137
-1.282989  -0.08036938  -0.022091405061795844
-1.282989  -2.3563540000000002e-5  -0.011394450170109836
-1.282989  0.08031898999999999  -0.0008020658748305019
-1.282989  0.1606068  0.01235365981430002
-1.282989  0.2409745  0.02407076911155299
-1.282989  0.3211813  0.035394015027296895
-1.282989  0.4005058  0.04602621349263022
-1.282989  0.4808344  0.05469300888516024
-1.282989  0.5611337  0.06259351883946405
-1.282989  0.641568  0.07085180131188605
-1.282989  0.7218692999999999  0.07897022424548354
-1.282989  0.8021436  0.08680545706920505
-1.282989  0.88247  0.09600815812237762
-1.282989  0.9628468  0.10408502010741782
-1.282989  1.042177  0.11241018830535643
-1.282989  1.1225070000000001  0.12096617912250442
-1.282989  1.20285  0.13072190618201351
-1.282989  1.283241  0.13850163659217152
-1.282989  1.3635540000000002  0.14691181270484563
-1.282989  1.443901  0.15511435638526097
-1.282989  1.524189  0.16116164101647984
-1.282989  1.604571  0.16720873015807855
-1.282989  1.683897  0.17163510647901223
-1.282989  1.764193  0.17631099947581086
-1.282989  1.844714  0.1799758898650126
-1.282989  1.924923  0.1839737992111694
-1.282989  2.0050060000000003  0.18866605728292962
-1.363244  -1.363244  -0.1348734
-1.363244  -1.282989  -0.13035153169081604
-1.363244  -1.202635  -0.12545219421769746
-1.363244  -1.122295  -0.12051544688320542
-1.363244  -1.042077  -0.11495255200954187
-1.363244  -0.9627045000000001  -0.10943884722415807
-1.363244  -0.8821705  -0.10353334044943763
-1.363244  -0.8020818000000001  -0.0969538865637493
-1.363244  -0.721855  -0.09007559629491348
-1.363244  -0.6415540999999999  -0.08308889954458375
-1.363244  -0.5611408  -0.07480900528121864
-1.363244  -0.4808456  -0.0670716159847501
-1.363244  -0.400543  -0.05922794538676742
-1.363244  -0.3212411  -0.05050045407644292
-1.363244  -0.24092509999999998  -0.04215170917462154
-1.363244  -0.1606638  -0.03312951255480316
-1.363244  -0.08036938  -0.02511863716096462
-1.363244  -2.3563540000000002e-5  -0.015376781674857001
-1.363244  0.08031898999999999  -0.004863795394006544
-1.363244  0.1606068  0.00661448903564343
-1.363244  0.2409745  0.019123314221386516
-1.363244  0.3211813  0.029561057060080605
-1.363244  0.4005058  0.03918627403301225
-1.363244  0.4808344  0.04935475138583849
-1.363244  0.5611337  0.058208343147946595
-1.363244  0.641568  0.06864973429560357
-1.363244  0.7218692999999999  0.078736594885021
-1.363244  0.8021436  0.08794549408285574
-1.363244  0.88247  0.09704544240587601
-1.363244  0.9628468  0.10620484597275613
-1.363244  1.042177  0.11559059012314259
-1.363244  1.1225070000000001  0.12355571570458597
-1.363244  1.20285  0.1311740884826821
-1.363244  1.283241  0.1379228808478078
-1.363244  1.3635540000000002  0.1455930279721289
-1.363244  1.443901  0.15087968373400926
-1.363244  1.524189  0.15759342017417724
-1.363244  1.604571  0.16309370329875617
-1.363244  1.683897  0.16915227521297696
-1.363244  1.764193  0.17520648534779465
-1.363244  1.844714  0.17812028345339515
-1.363244  1.924923  0.18316212169348917
-1.363244  2.0050060000000003  0.18863321401031516
-1.4435440000000002  -1.4435440000000002  -0.1438314
-1.4435440000000002  -1.363244  -0.14060790958032202
-1.4435440000000002  -1.282989  -0.13507571281561578
-1.4435440000000002  -1.202635  -0.1301908302596484
-1.4435440000000002  -1.122295  -0.12497839384702204
-1.4435440000000002  -1.042077  -0.11976762337160352
-1.4435440000000002  -0.9627045000000001  -0.1138556115387119
-1.4435440000000002  -0.8821705  -0.10705868684620391
-1.4435440000000002  -0.8020818000000001  -0.10061322847911519
-1.4435440000000002  -0.721855  -0.09261836140411074
-1.4435440000000002  -0.6415540999999999  -0.08544681318167334
-1.4435440000000002  -0.5611408  -0.07815049999876579
-1.4435440000000002  -0.4808456  -0.07092282704848388
-1.4435440000000002  -0.400543  -0.06386076470738852
-1.4435440000000002  -0.3212411  -0.05618135338672686
-1.4435440000000002  -0.24092509999999998  -0.047284691463170804
-1.4435440000000002  -0.1606638  -0.0397969053968758
-1.4435440000000002  -0.08036938  -0.030360050318967644
-1.4435440000000002  -2.3563540000000002e-5  -0.021309629062297504
-1.4435440000000002  0.08031898999999999  -0.010664252961095558
-1.4435440000000002  0.1606068  0.0019645589449993712
-1.4435440000000002  0.2409745  0.015084316825800432
-1.4435440000000002  0.3211813  0.02579836511988632
-1.4435440000000002  0.4005058  0.03608974628419548
-1.4435440000000002  0.4808344  0.0475048181131144
-1.4435440000000002  0.5611337  0.05737263185320776
-1.4435440000000002  0.641568  0.06822491429826433
-1.4435440000000002  0.7218692999999999  0.07780431708472602
-1.4435440000000002  0.8021436  0.08687517355144228
-1.4435440000000002  0.88247  0.0961119423807464
-1.4435440000000002  0.9628468  0.10266900078038929
-1.4435440000000002  1.042177  0.11136032541226364
-1.4435440000000002  1.1225070000000001  0.11964159832671976
-1.4435440000000002  1.20285  0.1265945910538379
-1.4435440000000002  1.283241  0.13432616483302914
-1.4435440000000002  1.3635540000000002  0.14266308181527357
-1.4435440000000002  1.443901  0.14952887959756886
-1.4435440000000002  1.524189  0.15698858031802498
-1.4435440000000002  1.604571  0.1639571254296878
-1.4435440000000002  1.683897  0.16951866885859512
-1.4435440000000002  1.764193  0.17513683238770394
-1.4435440000000002  1.844714  0.17872134995177413
-1.4435440000000002  1.924923  0.18427028525708625
-1.4435440000000002  2.0050060000000003  0.18860035232205968
-1.5238340000000001  -1.5238340000000001  -0.15203309999999998
-1.5238340000000001  -1.4435440000000002  -0.14843602913388848
-1.5238340000000001  -1.363244  -0.144143324459218
-1.5238340000000001  -1.282989  -0.13927724319652654
-1.5238340000000001  -1.202635  -0.13412521706269875
-1.5238340000000001  -1.122295  -0.12948806761908843
-1.5238340000000001  -1.042077  -0.12331998265434488
-1.5238340000000001  -0.9627045000000001  -0.1169503830565895
-1.5238340000000001  -0.8821705  -0.11030103554155003
-1.5238340000000001  -0.8020818000000001  -0.10348068045009996
-1.5238340000000001  -0.721855  -0.09596629462258
-1.5238340000000001  -0.6415540999999999  -0.08904480371986971
-1.5238340000000001  -0.5611408  -0.08170137823877947
-1.5238340000000001  -0.4808456  -0.07530216855304672
-1.5238340000000001  -0.400543  -0.0680263314209889
-1.5238340000000001  -0.3212411  -0.060385322053702985
-1.5238340000000001  -0.24092509999999998  -0.051615725703803184
-1.5238340000000001  -0.1606638  -0.042493196754484444
-1.5238340000000001  -0.08036938  -0.033327128639397005
-1.5238340000000001  -2.3563540000000002e-5  -0.022521584190727466
-1.5238340000000001  0.08031898999999999  -0.010390320073420408
-1.5238340000000001  0.1606068  0.0018460309525229989
-1.5238340000000001  0.2409745  0.015019183388324921
-1.5238340000000001  0.3211813  0.025812340601859576
-1.5238340000000001  0.4005058  0.03662542226753662
-1.5238340000000001  0.4808344  0.046972905253819565
-1.5238340000000001  0.5611337  0.056111576994280155
-1.5238340000000001  0.641568  0.06566001711382231
-1.5238340000000001  0.7218692999999999  0.07434879991884273
-1.5238340000000001  0.8021436  0.08260459508891323
-1.5238340000000001  0.88247  0.09176320775367543
-1.5238340000000001  0.9628468  0.10012895076920877
-1.5238340000000001  1.042177  0.10728062241142824
-1.5238340000000001  1.1225070000000001  0.11663564843696488
-1.5238340000000001  1.20285  0.1251227006244065
-1.5238340000000001  1.283241  0.13428427332454193
-1.5238340000000001  1.3635540000000002  0.14239562064507977
-1.5238340000000001  1.443901  0.15067256019353473
-1.5238340000000001  1.524189  0.15752266447881472
-1.5238340000000001  1.604571  0.16541080801653338
-1.5238340000000001  1.683897  0.17212806389311738
-1.5238340000000001  1.764193  0.17726401336886483
-1.5238340000000001  1.844714  0.1816690724295537
-1.5238340000000001  1.924923  0.18629158365211734
-1.5238340000000001  2.0050060000000003  0.1885674947261689
-1.604151  -1.604151  -0.1592622
-1.604151  -1.5238340000000001  -0.1558263786636352
-1.604151  -1.4435440000000002  -0.15205926183165344
-1.604151  -1.363244  -0.14773662234521903
-1.604151  -1.282989  -0.1424343589192532
-1.604151  -1.202635  -0.13743885168443642
-1.604151  -1.122295  -0.13142423929332123
-1.604151  -1.042077  -0.12577503621295136
-1.604151  -0.9627045000000001  -0.12009172319695045
-1.604151  -0.8821705  -0.11322769981186029
-1.604151  -0.8020818000000001  -0.10741622876715391
-1.604151  -0.721855  -0.10031272003470293
-1.604151  -0.6415540999999999  -0.0933220454660947
-1.604151  -0.5611408  -0.08635476225049893
-1.604151  -0.4808456  -0.07801327155537675
-1.604151  -0.400543  -0.06960504818545674
-1.604151  -0.3212411  -0.06184146169340041
-1.604151  -0.24092509999999998  -0.05251168143439133
-1.604151  -0.1606638  -0.043679318485028484
-1.604151  -0.08036938  -0.03374377632387805
-1.604151  -2.3563540000000002e-5  -0.022931226802648176
-1.604151  0.08031898999999999  -0.011814552613942497
-1.604151  0.1606068  0.00014910676474549222
-1.604151  0.2409745  0.01301066206694729
-1.604151  0.3211813  0.024421568159478546
-1.604151  0.4005058  0.03443590280101027
-1.604151  0.4808344  0.04451998518940413
-1.604151  0.5611337  0.053361494076042
-1.604151  0.641568  0.06280489889869431
-1.604151  0.7218692999999999  0.07104895648135429
-1.604151  0.8021436  0.07934295807714582
-1.604151  0.88247  0.08792937740035306
-1.604151  0.9628468  0.09637361779586612
-1.604151  1.042177  0.1060998999860295
-1.604151  1.1225070000000001  0.11438381884950537
-1.604151  1.20285  0.12336757032510272
-1.604151  1.283241  0.13381103357522742
-1.604151  1.3635540000000002  0.14253985487733098
-1.604151  1.443901  0.1511845724582164
-1.604151  1.524189  0.15898447431133486
-1.604151  1.604571  0.16495848959392148
-1.604151  1.683897  0.1708610879278659
-1.604151  1.764193  0.176367130091678
-1.604151  1.844714  0.18262960010054152
-1.604151  1.924923  0.18730884801589123
-1.604151  2.0050060000000003  0.1885346260808935
-1.683436  -1.683436  -0.1655992
-1.683436  -1.604151  -0.16251564510992478
-1.683436  -1.5238340000000001  -0.15872381783674072
-1.683436  -1.4435440000000002  -0.15481781336040643
-1.683436  -1.363244  -0.14994750799445597
-1.683436  -1.282989  -0.14481630417878494
-1.683436  -1.202635  -0.14016351029647978
-1.683436  -1.122295  -0.13451258664174395
-1.683436  -1.042077  -0.12829554190247394
-1.683436  -0.9627045000000001  -0.1216831099727165
-1.683436  -0.8821705  -0.11457357497048122
-1.683436  -0.8020818000000001  -0.10789890815907396
-1.683436  -0.721855  -0.10051061022638105
-1.683436  -0.6415540999999999  -0.09266321125065725
-1.683436  -0.5611408  -0.08583281251826981
-1.683436  -0.4808456  -0.07825982898755293
-1.683436  -0.400543  -0.07055268501779753
-1.683436  -0.3212411  -0.06278869794892655
-1.683436  -0.24092509999999998  -0.055187032004366844
-1.683436  -0.1606638  -0.04669596416490027
-1.683436  -0.08036938  -0.03721321678967683
-1.683436  -2.3563540000000002e-5  -0.027945604368713062
-1.683436  0.08031898999999999  -0.01699983858840205
-1.683436  0.1606068  -0.005200455607758653
-1.683436  0.2409745  0.007001817126602268
-1.683436  0.3211813  0.018642313174957174
-1.683436  0.4005058  0.0288821543079262
-1.683436  0.4808344  0.03994677869482776
-1.683436  0.5611337  0.050328370795937896
-1.683436  0.641568  0.05944447808429886
-1.683436  0.7218692999999999  0.07015932424411024
-1.683436  0.8021436  0.08023369343819645
-1.683436  0.88247  0.08958048963641317
-1.683436  0.9628468  0.09885646503336012
-1.683436  1.042177  0.10774690082310516
-1.683436  1.1225070000000001  0.11649718579824599
-1.683436  1.20285  0.12565080079771526
-1.683436  1.283241  0.13384134689047378
-1.683436  1.3635540000000002  0.14243323355988244
-1.683436  1.443901  0.15184752842640376
-1.683436  1.524189  0.15816292103679086
-1.683436  1.604571  0.1645755725481209
-1.683436  1.683897  0.17065169172819966
-1.683436  1.764193  0.17523027619379497
-1.683436  1.844714  0.180170347900973
-1.683436  1.924923  0.1842076952363842
-1.683436  2.0050060000000003  0.1885021797676515
-1.763682  -1.763682  -0.1708213
-1.763682  -1.683436  -0.16804977088793152
-1.763682  -1.604151  -0.1647309592493105
-1.763682  -1.5238340000000001  -0.16010042085584042
-1.763682  -1.4435440000000002  -0.15611652905731271
-1.763682  -1.363244  -0.15118348022230216
-1.763682  -1.282989  -0.14655778223896487
-1.763682  -1.202635  -0.14164427589475323
-1.763682  -1.122295  -0.13562498660602118
-1.763682  -1.042077  -0.1288510430830554
-1.763682  -0.9627045000000001  -0.12251801425551559
-1.763682  -0.8821705  -0.11556334321769936
-1.763682  -0.8020818000000001  -0.10821187108059935
-1.763682  -0.721855  -0.10080704663305126
-1.763682  -0.6415540999999999  -0.09403307638936463
-1.763682  -0.5611408  -0.0873980892544857
-1.763682  -0.4808456  -0.07983129736988316
-1.763682  -0.400543  -0.0722302147434264
-1.763682  -0.3212411  -0.06524905398249871
-1.763682  -0.24092509999999998  -0.0568066243303568
-1.763682  -0.1606638  -0.048055440784242925
-1.763682  -0.08036938  -0.03871047501572342
-1.763682  -2.3563540000000002e-5  -0.028903061948831667
-1.763682  0.08031898999999999  -0.017373463187158066
-1.763682  0.1606068  -0.005506346980815199
-1.763682  0.2409745  0.0063446323621093375
-1.763682  0.3211813  0.01847812341612791
-1.763682  0.4005058  0.02879675632344393
-1.763682  0.4808344  0.04018277327896695
-1.763682  0.5611337  0.048500166760844524
-1.763682  0.641568  0.05978620535564832
-1.763682  0.7218692999999999  0.06994762160355197
-1.763682  0.8021436  0.07903985027232976
-1.763682  0.88247  0.08808494817323395
-1.763682  0.9628468  0.09777683696055425
-1.763682  1.042177  0.10473671348008683
-1.763682  1.1225070000000001  0.11500883045100911
-1.763682  1.20285  0.12338852058388022
-1.763682  1.283241  0.13232543946549946
-1.763682  1.3635540000000002  0.14162307118813686
-1.763682  1.443901  0.14832437944097804
-1.763682  1.524189  0.1564898430412756
-1.763682  1.604571  0.16294674430831216
-1.763682  1.683897  0.169414548598483
-1.763682  1.764193  0.1742563192952063
-1.763682  1.844714  0.17822781600592208
-1.763682  1.924923  0.18270406251310298
-1.763682  2.0050060000000003  0.18846934017816522
-1.844039  -1.844039  -0.1757463
-1.844039  -1.763682  -0.1728107607980657
-1.844039  -1.683436  -0.16881547485764994
-1.844039  -1.604151  -0.1652925032532923
-1.844039  -1.5238340000000001  -0.16174688228211628
-1.844039  -1.4435440000000002  -0.1568574604051487
-1.844039  -1.363244  -0.1533104166362419
-1.844039  -1.282989  -0.14760747267476856
-1.844039  -1.202635  -0.14205342694748943
-1.844039  -1.122295  -0.13558358752406408
-1.844039  -1.042077  -0.12978092844481076
-1.844039  -0.9627045000000001  -0.12304149791141199
-1.844039  -0.8821705  -0.11603069408823473
-1.844039  -0.8020818000000001  -0.10922084517096921
-1.844039  -0.721855  -0.10217803208578621
-1.844039  -0.6415540999999999  -0.09518526452322541
-1.844039  -0.5611408  -0.08782017214319168
-1.844039  -0.4808456  -0.08008954425829318
-1.844039  -0.400543  -0.07336709876319276
-1.844039  -0.3212411  -0.06586749367995877
-1.844039  -0.24092509999999998  -0.05727445854488655
-1.844039  -0.1606638  -0.04881037547628868
-1.844039  -0.08036938  -0.038782118052777856
-1.844039  -2.3563540000000002e-5  -0.029351368128715312
-1.844039  0.08031898999999999  -0.018410039941240873
-1.844039  0.1606068  -0.006217508224550246
-1.844039  0.2409745  0.006475854870039409
-1.844039  0.3211813  0.01801421785572473
-1.844039  0.4005058  0.029144876203704047
-1.844039  0.4808344  0.03980087426180453
-1.844039  0.5611337  0.05095589557567899
-1.844039  0.641568  0.05980477059352019
-1.844039  0.7218692999999999  0.06979059154548456
-1.844039  0.8021436  0.07833351405922145
-1.844039  0.88247  0.08673232295235744
-1.844039  0.9628468  0.09531934051172784
-1.844039  1.042177  0.10449447479032048
-1.844039  1.1225070000000001  0.11127398988250888
-1.844039  1.20285  0.12095104174203429
-1.844039  1.283241  0.13020194823326212
-1.844039  1.3635540000000002  0.13887163854244414
-1.844039  1.443901  0.1477735448381796
-1.844039  1.524189  0.1554945486491735
-1.844039  1.604571  0.16365622979994934
-1.844039  1.683897  0.17053723215033226
-1.844039  1.764193  0.1769326816271151
-1.844039  1.844714  0.1807545693165654
-1.844039  1.924923  0.18662445656352908
-1.844039  2.0050060000000003  0.18843645516343116
-1.924323  -1.924323  -0.1793679
-1.924323  -1.844039  -0.1767440576165374
-1.924323  -1.763682  -0.17308118002264247
-1.924323  -1.683436  -0.16972691202247245
-1.924323  -1.604151  -0.16595887118064803
-1.924323  -1.5238340000000001  -0.16191355917871517
-1.924323  -1.4435440000000002  -0.15790673416027065
-1.924323  -1.363244  -0.15324756784701735
-1.924323  -1.282989  -0.14856023157416157
-1.924323  -1.202635  -0.14280029690627957
-1.924323  -1.122295  -0.13697256101054675
-1.924323  -1.042077  -0.13088872917265176
-1.924323  -0.9627045000000001  -0.12357473006125005
-1.924323  -0.8821705  -0.1170456908241435
-1.924323  -0.8020818000000001  -0.10960719934446224
-1.924323  -0.721855  -0.10205356570163655
-1.924323  -0.6415540999999999  -0.09546947219648318
-1.924323  -0.5611408  -0.0879929666186661
-1.924323  -0.4808456  -0.0803023701746449
-1.924323  -0.400543  -0.07282057723044867
-1.924323  -0.3212411  -0.06580111144077892
-1.924323  -0.24092509999999998  -0.056496638796452954
-1.924323  -0.1606638  -0.04839804265726745
-1.924323  -0.08036938  -0.03967808565723458
-1.924323  -2.3563540000000002e-5  -0.02914380903560186
-1.924323  0.08031898999999999  -0.01897602623590784
-1.924323  0.1606068  -0.007854142355301082
-1.924323  0.2409745  0.0050953029148637615
-1.924323  0.3211813  0.016382660554610778
-1.924323  0.4005058  0.02774092236562996
-1.924323  0.4808344  0.03715404442051207
-1.924323  0.5611337  0.04782211420284941
-1.924323  0.641568  0.05642993540280849
-1.924323  0.7218692999999999  0.06747601163171366
-1.924323  0.8021436  0.07652162369687918
-1.924323  0.88247  0.08777238402099259
-1.924323  0.9628468  0.09640586142059343
-1.924323  1.042177  0.1054420932816547
-1.924323  1.1225070000000001  0.11454147628076701
-1.924323  1.20285  0.12303026437639261
-1.924323  1.283241  0.13363506038580877
-1.924323  1.3635540000000002  0.14121722738891174
-1.924323  1.443901  0.1497923269079612
-1.924323  1.524189  0.15746136615412562
-1.924323  1.604571  0.16517395179486996
-1.924323  1.683897  0.17080145399715768
-1.924323  1.764193  0.17505886592328257
-1.924323  1.844714  0.18080010060417803
-1.924323  1.924923  0.1846486720692938
-1.924323  2.0050060000000003  0.1884036000229592
-2.004627  -2.004627  -0.1830124
-2.004627  -1.924323  -0.18050465240272373
-2.004627  -1.844039  -0.177467234800259
-2.004627  -1.763682  -0.17435560714392467
-2.004627  -1.683436  -0.16993993026885118
-2.004627  -1.604151  -0.16660042956690996
-2.004627  -1.5238340000000001  -0.16315911488572424
-2.004627  -1.4435440000000002  -0.15834682790199692
-2.004627  -1.363244  -0.15376960780315915
-2.004627  -1.282989  -0.14876180077971252
-2.004627  -1.202635  -0.14320884776542564
-2.004627  -1.122295  -0.13775641151010876
-2.004627  -1.042077  -0.13139137439617138
-2.004627  -0.9627045000000001  -0.12435602878102517
-2.004627  -0.8821705  -0.11689708076749536
-2.004627  -0.8020818000000001  -0.11016576192848984
-2.004627  -0.721855  -0.10229122194439876
-2.004627  -0.6415540999999999  -0.09508647049195432
-2.004627  -0.5611408  -0.08716253772725507
-2.004627  -0.4808456  -0.08019569938727933
-2.004627  -0.400543  -0.0719782967059011
-2.004627  -0.3212411  -0.06401727894846446
-2.004627  -0.24092509999999998  -0.05660227376484904
-2.004627  -0.1606638  -0.04808298149283276
-2.004627  -0.08036938  -0.03900872715644822
-2.004627  -2.3563540000000002e-5  -0.029262061078284357
-2.004627  0.08031898999999999  -0.019245638777095894
-2.004627  0.1606068  -0.006992124573825587
-2.004627  0.2409745  0.005625107548362516
-2.004627  0.3211813  0.017181480460864304
-2.004627  0.4005058  0.026777401769317415
-2.004627  0.4808344  0.03624483742342503
-2.004627  0.5611337  0.04691575125978585
-2.004627  0.641568  0.057261636674872794
-2.004627  0.7218692999999999  0.06662066267621763
-2.004627  0.8021436  0.07595815304521802
-2.004627  0.88247  0.08674064086458583
-2.004627  0.9628468  0.09455977565734171
-2.004627  1.042177  0.10516507866072317
-2.004627  1.1225070000000001  0.11459940193284873
-2.004627  1.20285  0.12305184737535091
-2.004627  1.283241  0.1324921103503185
-2.004627  1.3635540000000002  0.141486068092553
-2.004627  1.443901  0.15084537967325792
-2.004627  1.524189  0.1588096628148959
-2.004627  1.604571  0.16426215720260676
-2.004627  1.683897  0.1707868121355685
-2.004627  1.764193  0.17546949216121233
-2.004627  1.844714  0.17870273683609364
-2.004627  1.924923  0.18430927135208802
-2.004627  2.0050060000000003  0.18742131772315995
