1.4441359999999999  1.4441359999999999  0.2008043
1.4441359999999999  1.4742650000000002  0.2015212
1.4441359999999999  1.504507  0.20210979999999998
1.384431  1.384431  0.2006885
1.384431  1.4314079999999998  0.2013135
1.384431  1.477886  0.2022164
1.384431  1.510427  0.20184660000000001
1.323888  1.323888  0.20013809999999999
1.323888  1.370876  0.2006756
1.323888  1.4181199999999998  0.2008491
1.323888  1.464607  0.2027238
1.323888  1.510359  0.20127799999999998
1.264142  1.264142  0.1999424
1.264142  1.310406  0.19991130000000001
1.264142  1.357583  0.20071419999999998
1.264142  1.404852  0.2009763
1.264142  1.452033  0.20172199999999998
1.264142  1.498578  0.2017219
1.264142  1.510484  0.2023487
1.20352  1.20352  0.1982628
1.20352  1.250657  0.1990941
1.20352  1.297893  0.19992839999999998
1.20352  1.344332  0.2002932
1.20352  1.3915730000000002  0.2014664
1.20352  1.43875  0.20017369999999998
1.20352  1.485963  0.2026574
1.20352  1.510427  0.2024205
1.1437490000000001  1.1437490000000001  0.1969021
1.1437490000000001  1.190024  0.1979241
1.1437490000000001  1.237387  0.1990611
1.1437490000000001  1.2845920000000002  0.19982419999999998
1.1437490000000001  1.331772  0.1998796
1.1437490000000001  1.3782809999999999  0.20116409999999998
1.1437490000000001  1.42547  0.2011589
1.1437490000000001  1.4726780000000002  0.2015574
1.1437490000000001  1.5103520000000001  0.20213140000000002
1.083231  1.083231  0.1954341
1.083231  1.130219  0.1965727
1.083231  1.177453  0.1981635
1.083231  1.223948  0.1986198
1.083231  1.271287  0.1994633
1.083231  1.318519  0.19988499999999998
1.083231  1.364943  0.2007852
1.083231  1.4122059999999999  0.2001676
1.083231  1.4593779999999998  0.2027323
1.083231  1.506585  0.2008824
1.023462  1.023462  0.1940623
1.023462  1.069698  0.194983
1.023462  1.1169570000000002  0.1966012
1.023462  1.164174  0.1965886
1.023462  1.210618  0.1987287
1.023462  1.258009  0.1984957
1.023462  1.305235  0.1999839
1.023462  1.3523830000000001  0.19981379999999999
1.023462  1.398888  0.200907
1.023462  1.446087  0.2021212
1.023462  1.4932919999999998  0.20118919999999998
1.023462  1.510404  0.2021916
0.9629333  0.9629333  0.1919288
0.9629333  1.0099529999999999  0.19325799999999999
0.9629333  1.056416  0.1947208
0.9629333  1.103669  0.1953718
0.9629333  1.150896  0.1973628
0.9629333  1.198107  0.19681279999999998
0.9629333  1.244728  0.19920300000000002
0.9629333  1.2919880000000001  0.1991527
0.9629333  1.3391030000000002  0.2005633
0.9629333  1.385648  0.20031279999999999
0.9629333  1.432793  0.2005419
0.9629333  1.480021  0.2030675
0.9629333  1.510334  0.2016448
0.9024137  0.9024137  0.1891924
0.9024137  0.9494321  0.19058540000000002
0.9024137  0.9966767999999999  0.191911
0.9024137  1.0438699999999999  0.193988
0.9024137  1.090419  0.1945363
0.9024137  1.1375899999999999  0.1967189
0.9024137  1.1848230000000002  0.1965163
0.9024137  1.231452  0.1987763
0.9024137  1.2786440000000001  0.1979939
0.9024137  1.325855  0.2006373
0.9024137  1.373027  0.1999271
0.9024137  1.41951  0.2009403
0.9024137  1.466711  0.2021308
0.9024137  1.510258  0.2011063
0.8426201  0.8426201  0.18622239999999998
0.8426201  0.8896249  0.1878936
0.8426201  0.9361774  0.18972309999999998
0.8426201  0.9833478  0.1919818
0.8426201  1.030583  0.1926403
0.8426201  1.0771099999999998  0.1948125
0.8426201  1.1243040000000002  0.1950684
0.8426201  1.171513  0.19758509999999999
0.8426201  1.218752  0.19692489999999999
0.8426201  1.265337  0.1986596
0.8426201  1.3125550000000001  0.1999987
0.8426201  1.359724  0.1992063
0.8426201  1.40621  0.2019139
0.8426201  1.45341  0.2010187
0.8426201  1.500627  0.2017401
0.8426201  1.510353  0.20193329999999998
0.7821372  0.7821372  0.18213649999999998
0.7821372  0.8291229  0.1841862
0.7821372  0.8763324  0.18650909999999998
0.7821372  0.9229312  0.1876784
0.7821372  0.970066  0.1903945
0.7821372  1.017291  0.19137669999999998
0.7821372  1.064504  0.1939697
0.7821372  1.1110039999999999  0.1943538
0.7821372  1.1582249999999998  0.1957816
0.7821372  1.205465  0.1976581
0.7821372  1.252052  0.19762659999999999
0.7821372  1.299276  0.19995899999999997
0.7821372  1.346431  0.19892959999999998
0.7821372  1.3936659999999998  0.2001802
0.7821372  1.440113  0.2017892
0.7821372  1.487314  0.2005722
0.7821372  1.510289  0.2016845
0.7223049  0.7223049  0.1772745
0.7223049  0.7689314  0.1793841
0.7223049  0.8158494  0.18261159999999999
0.7223049  0.863058  0.1839883
0.7223049  0.9103056  0.1875125
0.7223049  0.9567883  0.1881849
0.7223049  1.0040449999999999  0.1914769
0.7223049  1.051198  0.191715
0.7223049  1.097728  0.1943989
0.7223049  1.144934  0.1952786
0.7223049  1.192164  0.195973
0.7223049  1.239522  0.19817049999999997
0.7223049  1.28599  0.1978545
0.7223049  1.333137  0.1994116
0.7223049  1.380345  0.2005233
0.7223049  1.427577  0.20033710000000002
0.7223049  1.4740309999999999  0.202179
0.7223049  1.510211  0.2009065
0.6617877999999999  0.6617877999999999  0.1715628
0.6617877999999999  0.70882  0.1742133
0.6617877999999999  0.7560483  0.1776917
0.6617877999999999  0.8025846  0.1792162
0.6617877999999999  0.8497737  0.1827577
0.6617877999999999  0.8969764  0.18458409999999997
0.6617877999999999  0.9435283  0.18751790000000002
0.6617877999999999  0.9907211  0.18884230000000002
0.6617877999999999  1.037949  0.19130699999999998
0.6617877999999999  1.0851520000000001  0.1932668
0.6617877999999999  1.131627  0.19347299999999998
0.6617877999999999  1.178843  0.19621929999999999
0.6617877999999999  1.2260820000000001  0.19684079999999998
0.6617877999999999  1.273411  0.19786
0.6617877999999999  1.319876  0.1999097
0.6617877999999999  1.3670440000000001  0.1990221
0.6617877999999999  1.414288  0.20067939999999998
0.6617877999999999  1.46075  0.20124119999999998
0.6617877999999999  1.50798  0.2006373
0.6019167  0.6019167  0.1655808
0.6019167  0.6482972  0.1680095
0.6019167  0.6955349  0.1710919
0.6019167  0.7427236  0.1742406
0.6019167  0.7892821  0.1764541
0.6019167  0.8364978999999999  0.1792915
0.6019167  0.8837493  0.1830394
0.6019167  0.9309797999999999  0.1845282
0.6019167  0.9774077999999999  0.1881239
0.6019167  1.024626  0.1896888
0.6019167  1.071844  0.192026
0.6019167  1.119098  0.19440200000000002
0.6019167  1.165551  0.1942027
0.6019167  1.212795  0.19778069999999998
0.6019167  1.260108  0.1977496
0.6019167  1.306668  0.19802599999999998
0.6019167  1.353747  0.2004502
0.6019167  1.400973  0.19922299999999998
0.6019167  1.448174  0.20068470000000002
0.6019167  1.494641  0.2021754
0.6019167  1.5102449999999998  0.2014158
0.541467  0.541467  0.15832110000000002
0.541467  0.5884262  0.1611137
0.541467  0.6350447  0.1645201
0.541467  0.6822852  0.1672147
0.541467  0.7294551  0.1710429
0.541467  0.7767187  0.1732407
0.541467  0.8231857  0.177229
0.541467  0.8704111  0.1791518
0.541467  0.9176642  0.1825734
0.541467  0.9648628  0.1851341
0.541467  1.011353  0.1872
0.541467  1.058564  0.1910976
0.541467  1.1057919999999999  0.1916063
0.541467  1.152271  0.1946476
0.541467  1.19949  0.1961378
0.541467  1.2468219999999999  0.1960518
0.541467  1.2940260000000001  0.1987495
0.541467  1.340466  0.19864949999999998
0.541467  1.387699  0.199145
0.541467  1.434874  0.201515
0.541467  1.4813479999999999  0.20039379999999998
0.541467  1.5101769999999999  0.20177599999999998
0.48096530000000004  0.48096530000000004  0.1500255
0.48096530000000004  0.5279509  0.1529863
0.48096530000000004  0.5751476  0.1567254
0.48096530000000004  0.6225032  0.1599338
0.48096530000000004  0.6689439  0.1630295
0.48096530000000004  0.716194  0.1668265
0.48096530000000004  0.7634198999999999  0.1700409
0.48096530000000004  0.810658  0.1727069
0.48096530000000004  0.8571215999999999  0.1773268
0.48096530000000004  0.9043736  0.1791256
0.48096530000000004  0.95159  0.183638
0.48096530000000004  0.9980692  0.1856951
0.48096530000000004  1.045258  0.187745
0.48096530000000004  1.0925  0.19174280000000002
0.48096530000000004  1.1397149999999998  0.1926699
0.48096530000000004  1.186197  0.19443570000000002
0.48096530000000004  1.233537  0.1970699
0.48096530000000004  1.28073  0.19732840000000001
0.48096530000000004  1.327174  0.19828780000000001
0.48096530000000004  1.374387  0.2004273
0.48096530000000004  1.421756  0.1995893
0.48096530000000004  1.4687999999999999  0.200631
0.48096530000000004  1.510116  0.2012782
0.4211397  0.4211397  0.14151149999999998
0.4211397  0.4681872  0.1443832
0.4211397  0.5146375000000001  0.148389
0.4211397  0.5618804000000001  0.1513026
0.4211397  0.6090799  0.1556611
0.4211397  0.6563939000000001  0.1585163
0.4211397  0.7028721  0.1624959
0.4211397  0.7500912  0.16684459999999998
0.4211397  0.7973524999999999  0.1691941
0.4211397  0.8438329  0.1742728
0.4211397  0.8910325  0.1765547
0.4211397  0.9383072  0.179996
0.4211397  0.9854828  0.1842895
0.4211397  1.031963  0.1859107
0.4211397  1.079212  0.18952049999999998
0.4211397  1.12643  0.19281769999999998
0.4211397  1.172901  0.1928667
0.4211397  1.2201140000000001  0.19634559999999998
0.4211397  1.267478  0.1974153
0.4211397  1.314643  0.1972601
0.4211397  1.3610630000000001  0.2001444
0.4211397  1.408309  0.1994425
0.4211397  1.455504  0.1999179
0.4211397  1.501981  0.20158120000000002
0.4211397  1.510219  0.2010294
0.3606818  0.3606818  0.13229349999999998
0.3606818  0.40767380000000003  0.1350118
0.3606818  0.4548901  0.1393885
0.3606818  0.5021215  0.14274019999999998
0.3606818  0.5486149  0.1465627
0.3606818  0.5957897000000001  0.14990989999999998
0.3606818  0.6431077000000001  0.1547175
0.3606818  0.6896155  0.1579865
0.3606818  0.7367870000000001  0.16239309999999998
0.3606818  0.7840684  0.16692949999999998
0.3606818  0.8313084000000001  0.1692136
0.3606818  0.8777455  0.17396299999999998
0.3606818  0.9250538  0.1782784
0.3606818  0.9722017  0.18015269999999997
0.3606818  1.018699  0.1847552
0.3606818  1.065884  0.1876978
0.3606818  1.113135  0.18988570000000002
0.3606818  1.160329  0.1934248
0.3606818  1.206826  0.1946802
0.3606818  1.2541579999999999  0.19510919999999998
0.3606818  1.301353  0.1986006
0.3606818  1.347789  0.1983466
0.3606818  1.395012  0.1990682
0.3606818  1.442201  0.2012615
0.3606818  1.4894159999999999  0.20025079999999998
0.3606818  1.510158  0.2009054
0.3009207  0.3009207  0.1224586
0.3009207  0.3479539  0.12539319999999998
0.3009207  0.3944837  0.12906079999999998
0.3009207  0.44163979999999997  0.133522
0.3009207  0.4888434  0.13678980000000002
0.3009207  0.5353353  0.1420692
0.3009207  0.5825162  0.1446379
0.3009207  0.6298667  0.1496136
0.3009207  0.6770383000000001  0.15372660000000002
0.3009207  0.7235181  0.1572022
0.3009207  0.7708010000000001  0.1629643
0.3009207  0.8180159  0.166264
0.3009207  0.8644691  0.16998
0.3009207  0.9116887  0.1752463
0.3009207  0.9589257999999999  0.1781842
0.3009207  1.006127  0.1819122
0.3009207  1.052612  0.18637579999999998
0.3009207  1.099856  0.1884563
0.3009207  1.1470509999999998  0.1906583
0.3009207  1.193557  0.1941413
0.3009207  1.2408599999999999  0.1941582
0.3009207  1.288075  0.1965745
0.3009207  1.3353030000000001  0.199145
0.3009207  1.381703  0.1980979
0.3009207  1.428921  0.2000588
0.3009207  1.476113  0.2005837
0.3009207  1.510086  0.2002928
0.240404  0.240404  0.11125929999999999
0.240404  0.2873966  0.11469599999999999
0.240404  0.33467939999999996  0.1189567
0.240404  0.3811694  0.12318529999999998
0.240404  0.4283736  0.1274323
0.240404  0.4755988  0.1321686
0.240404  0.5227939  0.1353089
0.240404  0.5692256  0.14058479999999998
0.240404  0.6165765  0.1441922
0.240404  0.6637635000000001  0.1489057
0.240404  0.7102353  0.15444929999999998
0.240404  0.75747  0.1571186
0.240404  0.8047396  0.1623551
0.240404  0.8519196  0.16761109999999999
0.240404  0.898435  0.1704962
0.240404  0.9456257  0.1758725
0.240404  0.9928446  0.1802136
0.240404  1.03932  0.1817433
0.240404  1.086549  0.1867517
0.240404  1.133739  0.18954439999999997
0.240404  1.180972  0.1912761
0.240404  1.227431  0.1947981
0.240404  1.274753  0.1964735
0.240404  1.321947  0.19631189999999998
0.240404  1.368395  0.1994396
0.240404  1.415632  0.199962
0.240404  1.462827  0.1991145
0.240404  1.510016  0.20087939999999999
0.18065710000000001  0.18065710000000001  0.10000759999999999
0.18065710000000001  0.2269106  0.1039218
0.18065710000000001  0.2741128  0.10862649999999999
0.18065710000000001  0.32138350000000004  0.11237169999999999
0.18065710000000001  0.3685981  0.11723399999999999
0.18065710000000001  0.41507310000000003  0.1220212
0.18065710000000001  0.4623371  0.12532639999999998
0.18065710000000001  0.5095596  0.1306626
0.18065710000000001  0.5559723  0.1351408
0.18065710000000001  0.6031495  0.1390294
0.18065710000000001  0.6504899000000001  0.144943
0.18065710000000001  0.6976663999999999  0.1483677
0.18065710000000001  0.7441374  0.1535274
0.18065710000000001  0.7914011000000001  0.1589
0.18065710000000001  0.8386217  0.1626447
0.18065710000000001  0.8851104000000001  0.1682002
0.18065710000000001  0.9323758  0.1737974
0.18065710000000001  0.9795269  0.17591199999999999
0.18065710000000001  1.026758  0.18068669999999998
0.18065710000000001  1.0732249999999999  0.1856651
0.18065710000000001  1.120459  0.18664340000000001
0.18065710000000001  1.167676  0.19102219999999998
0.18065710000000001  1.21415  0.1941116
0.18065710000000001  1.2614649999999998  0.1943282
0.18065710000000001  1.308719  0.1964627
0.18065710000000001  1.355846  0.1993076
0.18065710000000001  1.402436  0.19852720000000001
0.18065710000000001  1.449514  0.1996078
0.18065710000000001  1.496717  0.2007865
0.18065710000000001  1.510116  0.20050189999999998
0.1201394  0.1201394  0.08777941
0.1201394  0.1671752  0.09195015
0.1201394  0.2143812  0.09700783
0.1201394  0.2608433  0.1010093
0.1201394  0.3082285  0.1067548
0.1201394  0.3553138  0.1106213
0.1201394  0.4017886  0.1164977
0.1201394  0.4490071  0.1199876
0.1201394  0.4962345  0.12460819999999999
0.1201394  0.5434665  0.1301939
0.1201394  0.5898814  0.1339507
0.1201394  0.6371801  0.1387658
0.1201394  0.6843771000000001  0.1450446
0.1201394  0.7308887  0.14877759999999998
0.1201394  0.7781399999999999  0.1543192
0.1201394  0.8253442  0.1602962
0.1201394  0.8725539999999999  0.1640804
0.1201394  0.9190367  0.168949
0.1201394  0.966259  0.175275
0.1201394  1.013489  0.17781789999999997
0.1201394  1.059937  0.1826459
0.1201394  1.107193  0.1867207
0.1201394  1.154388  0.1885721
0.1201394  1.201602  0.1914538
0.1201394  1.248192  0.1951511
0.1201394  1.29537  0.1949077
0.1201394  1.34257  0.1971086
0.1201394  1.3897819999999999  0.1994142
0.1201394  1.436248  0.1990749
0.1201394  1.4834280000000002  0.1995242
0.1201394  1.510051  0.200765
0.0604143  0.0604143  0.07457435
0.0604143  0.10669029999999999  0.07931951
0.0604143  0.15396610000000002  0.08520402999999999
0.0604143  0.2010915  0.0890433
0.0604143  0.2475579  0.09512458
0.0604143  0.2947851  0.09887511
0.0604143  0.3420448  0.10433999999999999
0.0604143  0.3892547  0.11053299999999999
0.0604143  0.4357461  0.1138497
0.0604143  0.4829666  0.1190551
0.0604143  0.5301855000000001  0.12537289999999998
0.0604143  0.5766619  0.1290067
0.0604143  0.6239272  0.134496
0.0604143  0.6710957  0.1409222
0.0604143  0.7183287  0.1443759
0.0604143  0.76483  0.15021779999999998
0.0604143  0.8120881000000001  0.1565658
0.0604143  0.8592510999999999  0.1607642
0.0604143  0.9057466  0.166116
0.0604143  0.9529731  0.1722319
0.0604143  1.000197  0.1758623
0.0604143  1.047395  0.1794449
0.0604143  1.093899  0.18505459999999999
0.0604143  1.1410879999999999  0.1881814
0.0604143  1.18831  0.18984040000000002
0.0604143  1.235657  0.1936835
0.0604143  1.282108  0.1952496
0.0604143  1.329277  0.196119
0.0604143  1.376473  0.1990265
0.0604143  1.422961  0.19902219999999998
0.0604143  1.4701659999999999  0.19884659999999998
0.0604143  1.509988  0.20109960000000002
-4.703754e-5  -4.703754e-5  0.05958459
-4.703754e-5  0.04695303  0.06537612
-4.703754e-5  0.09339158  0.07086158
-4.703754e-5  0.1406055  0.07765697
-4.703754e-5  0.18784510000000001  0.08198380000000001
-4.703754e-5  0.235017  0.08769222
-4.703754e-5  0.2815011  0.09369475
-4.703754e-5  0.328752  0.09775157000000001
-4.703754e-5  0.37596749999999995  0.10435269999999999
-4.703754e-5  0.42243509999999995  0.10925019999999999
-4.703754e-5  0.46967169999999997  0.11296740000000001
-4.703754e-5  0.5168831  0.1193103
-4.703754e-5  0.5640988  0.12495289999999999
-4.703754e-5  0.6105472  0.12915100000000002
-4.703754e-5  0.657824  0.1358851
-4.703754e-5  0.7050039  0.141675
-4.703754e-5  0.7522283  0.1450764
-4.703754e-5  0.7987739  0.15214119999999998
-4.703754e-5  0.8459919  0.15853319999999999
-4.703754e-5  0.8931642000000001  0.16192969999999998
-4.703754e-5  0.9397042999999999  0.16786099999999998
-4.703754e-5  0.9868635  0.1743003
-4.703754e-5  1.034088  0.1770058
-4.703754e-5  1.081327  0.1824246
-4.703754e-5  1.127779  0.187463
-4.703754e-5  1.1750019999999999  0.18975609999999998
-4.703754e-5  1.222214  0.1909657
-4.703754e-5  1.2688009999999998  0.1958093
-4.703754e-5  1.316079  0.1965439
-4.703754e-5  1.3631469999999999  0.1965585
-4.703754e-5  1.4103720000000002  0.1992792
-4.703754e-5  1.4568320000000001  0.2000066
-4.703754e-5  1.504033  0.19915309999999997
-0.060572650000000006  -0.060572650000000006  0.03745357
-0.060572650000000006  -0.01354383  0.04390769
-0.060572650000000006  0.03367889  0.05545741
-0.060572650000000006  0.08089437  0.06336003
-0.060572650000000006  0.1273232  0.06974611
-0.060572650000000006  0.1745555  0.07584416
-0.060572650000000006  0.2217395  0.080684
-0.060572650000000006  0.2682014  0.0871173
-0.060572650000000006  0.3154742  0.09361677
-0.060572650000000006  0.3626665  0.09702037
-0.060572650000000006  0.4098889  0.1029375
-0.060572650000000006  0.4563687  0.1092297
-0.060572650000000006  0.5036078  0.11385479999999999
-0.060572650000000006  0.5508113  0.1195106
-0.060572650000000006  0.5979990000000001  0.1257267
-0.060572650000000006  0.6445891  0.1301708
-0.060572650000000006  0.6919358999999999  0.1365471
-0.060572650000000006  0.7389289  0.1428398
-0.060572650000000006  0.7854724  0.1479396
-0.060572650000000006  0.8326714  0.15293859999999998
-0.060572650000000006  0.8798825  0.1596165
-0.060572650000000006  0.9272121  0.1657353
-0.060572650000000006  0.9735834999999999  0.1690278
-0.060572650000000006  1.02082  0.17537830000000001
-0.060572650000000006  1.067999  0.180132
-0.060572650000000006  1.114578  0.1831024
-0.060572650000000006  1.161716  0.1872657
-0.060572650000000006  1.2089210000000001  0.1919121
-0.060572650000000006  1.2562639999999998  0.1922603
-0.060572650000000006  1.3027270000000002  0.1952968
-0.060572650000000006  1.3498979999999998  0.19745769999999999
-0.060572650000000006  1.3970909999999999  0.1977864
-0.060572650000000006  1.443554  0.19830309999999998
-0.060572650000000006  1.4907460000000001  0.2000691
-0.060572650000000006  1.5100250000000002  0.20006839999999998
-0.1203049  -0.1203049  0.02206068
-0.1203049  -0.07330933  0.026531719999999998
-0.1203049  -0.02682166  0.03273757
-0.1203049  0.02041946  0.04438197
-0.1203049  0.0676152  0.05475256
-0.1203049  0.1140919  0.06249401
-0.1203049  0.1612933  0.06796847
-0.1203049  0.20845590000000003  0.07393461
-0.1203049  0.2556768  0.08112023
-0.1203049  0.3021447  0.08511873
-0.1203049  0.3494151  0.09133245
-0.1203049  0.3966119  0.09781864
-0.1203049  0.4438314  0.1032675
-0.1203049  0.490349  0.1078701
-0.1203049  0.5375353  0.1150583
-0.1203049  0.5847125999999999  0.1207102
-0.1203049  0.6312916000000001  0.12555650000000002
-0.1203049  0.6784799  0.1323008
-0.1203049  0.7256787  0.1384724
-0.1203049  0.7729349  0.1434798
-0.1203049  0.8193995  0.15090549999999997
-0.1203049  0.8666091  0.15681799999999999
-0.1203049  0.9138211  0.1610871
-0.1203049  0.9603088000000001  0.1672779
-0.1203049  1.007526  0.1738268
-0.1203049  1.054713  0.1776421
-0.1203049  1.101943  0.1811277
-0.1203049  1.148425  0.1859797
-0.1203049  1.19564  0.190779
-0.1203049  1.242964  0.1912583
-0.1203049  1.289428  0.1943795
-0.1203049  1.3365909999999999  0.1975739
-0.1203049  1.3838409999999999  0.1974013
-0.1203049  1.4310340000000001  0.1977256
-0.1203049  1.477459  0.20017179999999998
-0.1203049  1.509949  0.20052509999999998
-0.18081039999999998  -0.18081039999999998  0.007120789000000001
-0.18081039999999998  -0.1337883  0.010841139999999999
-0.18081039999999998  -0.08659645  0.017134299999999998
-0.18081039999999998  -0.0400984  0.02282249
-0.18081039999999998  0.007129677  0.03315939
-0.18081039999999998  0.054337649999999994  0.044773349999999996
-0.18081039999999998  0.101603  0.05445928
-0.18081039999999998  0.14802869999999999  0.06181774
-0.18081039999999998  0.1952279  0.06643135
-0.18081039999999998  0.2423894  0.0741984
-0.18081039999999998  0.28960759999999997  0.08106274
-0.18081039999999998  0.3361321  0.08561465
-0.18081039999999998  0.3833291  0.09110446
-0.18081039999999998  0.43054289999999995  0.09885152
-0.18081039999999998  0.4770441  0.1039027
-0.18081039999999998  0.5242534000000001  0.1086278
-0.18081039999999998  0.5714375  0.11570839999999999
-0.18081039999999998  0.6187919000000001  0.12254449999999999
-0.18081039999999998  0.6652100000000001  0.12704390000000002
-0.18081039999999998  0.7124266  0.13364369999999998
-0.18081039999999998  0.7596317  0.14141659999999998
-0.18081039999999998  0.8061222  0.1456762
-0.18081039999999998  0.8533227000000001  0.1517319
-0.18081039999999998  0.9005236  0.1601834
-0.18081039999999998  0.9477591999999999  0.1646549
-0.18081039999999998  0.9942365999999999  0.1684389
-0.18081039999999998  1.04143  0.1756581
-0.18081039999999998  1.088663  0.1815945
-0.18081039999999998  1.135135  0.1830915
-0.18081039999999998  1.1823540000000001  0.1870683
-0.18081039999999998  1.2296969999999998  0.1918602
-0.18081039999999998  1.276863  0.19379839999999998
-0.18081039999999998  1.323315  0.1944762
-0.18081039999999998  1.370497  0.19726950000000001
-0.18081039999999998  1.4177039999999999  0.1991056
-0.18081039999999998  1.464183  0.19877450000000002
-0.18081039999999998  1.509894  0.1988979
-0.2405165  -0.2405165  -0.007140424
-0.2405165  -0.19424080000000002  -0.003126312
-0.2405165  -0.147072  0.001350599
-0.2405165  -0.09988425  0.006807523
-0.2405165  -0.05265925  0.01277652
-0.2405165  -0.0061926740000000004  0.021548559999999998
-0.2405165  0.041048520000000005  0.03360473
-0.2405165  0.08826782  0.04421498
-0.2405165  0.135495  0.05343593
-0.2405165  0.1819837  0.06027809
-0.2405165  0.22911320000000002  0.06676863
-0.2405165  0.2763029  0.07469809
-0.2405165  0.3228423  0.08075513000000001
-0.2405165  0.3700372  0.08541673999999999
-0.2405165  0.4172509  0.09270712
-0.2405165  0.46450369999999996  0.09993355
-0.2405165  0.5109544  0.10485749999999999
-0.2405165  0.5581882  0.11032539999999999
-0.2405165  0.6053496  0.1181024
-0.2405165  0.6519140999999999  0.12413269999999998
-0.2405165  0.6991537  0.1292637
-0.2405165  0.7462799999999999  0.13634580000000002
-0.2405165  0.793543  0.14426599999999998
-0.2405165  0.8400193  0.1490423
-0.2405165  0.8872224999999999  0.1545714
-0.2405165  0.9345060999999999  0.1625124
-0.2405165  0.9809323000000001  0.16707709999999998
-0.2405165  1.028147  0.17142439999999998
-0.2405165  1.075355  0.17868420000000002
-0.2405165  1.12256  0.1837307
-0.2405165  1.169038  0.1852186
-0.2405165  1.2162570000000001  0.1887085
-0.2405165  1.263568  0.19314040000000002
-0.2405165  1.310052  0.1951737
-0.2405165  1.357184  0.1951656
-0.2405165  1.404424  0.1975946
-0.2405165  1.451624  0.20019199999999998
-0.2405165  1.498132  0.200162
-0.2405165  1.5099939999999998  0.20006670000000001
-0.30096910000000004  -0.30096910000000004  -0.01998202
-0.30096910000000004  -0.2539997  -0.01599485
-0.30096910000000004  -0.20677600000000002  -0.012507510000000001
-0.30096910000000004  -0.1603359  -0.006373299
-0.30096910000000004  -0.1130945  -0.001591557
-0.30096910000000004  -0.06592524  0.004814899
-0.30096910000000004  -0.01872021  0.01300425
-0.30096910000000004  0.02777909  0.02413935
-0.30096910000000004  0.07497787  0.03613273
-0.30096910000000004  0.1221891  0.045691430000000005
-0.30096910000000004  0.1687343  0.05216634
-0.30096910000000004  0.2158611  0.06005812
-0.30096910000000004  0.2630426  0.06855541
-0.30096910000000004  0.3103242  0.07505125
-0.30096910000000004  0.3567645  0.08013618
-0.30096910000000004  0.4040027  0.08651921
-0.30096910000000004  0.45117619999999997  0.09426311999999999
-0.30096910000000004  0.4976817  0.09982312
-0.30096910000000004  0.5448936  0.1055988
-0.30096910000000004  0.5920679  0.1133979
-0.30096910000000004  0.6394248  0.1201389
-0.30096910000000004  0.6858375  0.12492309999999998
-0.30096910000000004  0.7330549  0.1321037
-0.30096910000000004  0.7802669  0.1403075
-0.30096910000000004  0.8267502  0.14550079999999999
-0.30096910000000004  0.8739345  0.1510119
-0.30096910000000004  0.9211763  0.15922209999999998
-0.30096910000000004  0.9683748000000001  0.164846
-0.30096910000000004  1.014858  0.16935250000000002
-0.30096910000000004  1.0620560000000001  0.1755043
-0.30096910000000004  1.109277  0.1810015
-0.30096910000000004  1.15578  0.18391849999999998
-0.30096910000000004  1.202971  0.1871725
-0.30096910000000004  1.250305  0.1917642
-0.30096910000000004  1.2974949999999998  0.1948172
-0.30096910000000004  1.343925  0.1950592
-0.30096910000000004  1.391139  0.1967669
-0.30096910000000004  1.438355  0.1993164
-0.30096910000000004  1.485522  0.1990622
-0.30096910000000004  1.5099390000000001  0.2000335
-0.3607777  -0.3607777  -0.03191222
-0.3607777  -0.3145057  -0.028625730000000002
-0.3607777  -0.2672399  -0.0245201
-0.3607777  -0.219985  -0.01972798
-0.3607777  -0.1728721  -0.01489386
-0.3607777  -0.12635169999999998  -0.008842045000000002
-0.3607777  -0.07917194000000001  -0.002208279
-0.3607777  -0.03198757  0.003529651
-0.3607777  0.014509679999999999  0.01522919
-0.3607777  0.06170708  0.029324180000000002
-0.3607777  0.10892589999999999  0.03726981
-0.3607777  0.156172  0.04450183
-0.3607777  0.2026306  0.05486815
-0.3607777  0.24980609999999998  0.062158120000000004
-0.3607777  0.296969  0.06755564
-0.3607777  0.3434896  0.07446691999999999
-0.3607777  0.3907056  0.08287420999999999
-0.3607777  0.43790320000000005  0.08900614
-0.3607777  0.4851363  0.0940875
-0.3607777  0.5316177  0.1018312
-0.3607777  0.5787977  0.1092781
-0.3607777  0.6261158  0.1149064
-0.3607777  0.672615  0.12044369999999999
-0.3607777  0.719764  0.12894819999999999
-0.3607777  0.7669879  0.13566789999999998
-0.3607777  0.8141879  0.1410195
-0.3607777  0.8606694  0.14884239999999999
-0.3607777  0.9079017  0.1567254
-0.3607777  0.9551069999999999  0.1615974
-0.3607777  1.001617  0.16634780000000002
-0.3607777  1.048775  0.17272099999999999
-0.3607777  1.09602  0.17897069999999998
-0.3607777  1.1432419999999999  0.18323189999999998
-0.3607777  1.189688  0.1855907
-0.3607777  1.237037  0.190682
-0.3607777  1.284206  0.193898
-0.3607777  1.331359  0.1934983
-0.3607777  1.377836  0.1958328
-0.3607777  1.425041  0.1986479
-0.3607777  1.472251  0.1993257
-0.3607777  1.5098779999999998  0.1987193
-0.4211755  -0.4211755  -0.043414890000000005
-0.4211755  -0.3742595  -0.040426119999999996
-0.4211755  -0.3270595  -0.037194599999999994
-0.4211755  -0.2805376  -0.03198106
-0.4211755  -0.2333115  -0.02808049
-0.4211755  -0.18614150000000002  -0.02268495
-0.4211755  -0.1396289  -0.015846139999999998
-0.4211755  -0.09244492  -0.01075276
-0.4211755  -0.04522838  -0.004176447
-0.4211755  0.001998476  0.006437881
-0.4211755  0.04843351  0.01972126
-0.4211755  0.09564529000000001  0.029128179999999997
-0.4211755  0.1428444  0.03833939
-0.4211755  0.1893083  0.04843989
-0.4211755  0.2365325  0.05525566
-0.4211755  0.2837142  0.06180955
-0.4211755  0.3309516  0.07010684
-0.4211755  0.37740809999999997  0.07793434
-0.4211755  0.4246277  0.08322082
-0.4211755  0.4718578  0.08882817999999999
-0.4211755  0.5183165000000001  0.09749471999999999
-0.4211755  0.5655338000000001  0.1045096
-0.4211755  0.6127342  0.11048630000000001
-0.4211755  0.6600037  0.1170684
-0.4211755  0.7065253  0.1259313
-0.4211755  0.7536721  0.1318944
-0.4211755  0.8009004  0.1373162
-0.4211755  0.8473944999999999  0.1460966
-0.4211755  0.8945778  0.1531435
-0.4211755  0.9418745000000001  0.1580769
-0.4211755  0.9890164  0.1642268
-0.4211755  1.035479  0.1717621
-0.4211755  1.082706  0.1765844
-0.4211755  1.129923  0.1800249
-0.4211755  1.17712  0.1842971
-0.4211755  1.223616  0.1903898
-0.4211755  1.27092  0.1918549
-0.4211755  1.318107  0.1931132
-0.4211755  1.364561  0.1961548
-0.4211755  1.4117709999999999  0.19807329999999998
-0.4211755  1.458953  0.19888429999999999
-0.4211755  1.506154  0.1982377
-0.4810313  -0.4810313  -0.05504244999999999
-0.4810313  -0.43474169999999995  -0.05196299
-0.4810313  -0.3875338  -0.049106330000000004
-0.4810313  -0.3403352  -0.04441063
-0.4810313  -0.29379489999999997  -0.04088869
-0.4810313  -0.2466034  -0.034757159999999995
-0.4810313  -0.19939410000000002  -0.0304418
-0.4810313  -0.15216960000000002  -0.02541399
-0.4810313  -0.10572799999999999  -0.01754556
-0.4810313  -0.05852006  -0.01052474
-0.4810313  -0.01129359  -0.003310444
-0.4810313  0.03514774  0.01025396
-0.4810313  0.08241189  0.02351732
-0.4810313  0.129546  0.03148926
-0.4810313  0.17678639999999998  0.03967293
-0.4810313  0.2232265  0.04903681
-0.4810313  0.2704551  0.05820923
-0.4810313  0.317758  0.06424144
-0.4810313  0.3641241  0.07016915
-0.4810313  0.4113293  0.07837619
-0.4810313  0.45855579999999996  0.08648178
-0.4810313  0.5057702  0.09227531
-0.4810313  0.5522498  0.09915428
-0.4810313  0.5994326999999999  0.1069561
-0.4810313  0.6467383999999999  0.11458259999999999
-0.4810313  0.6932295  0.1197101
-0.4810313  0.7403986  0.1275779
-0.4810313  0.7876357  0.1370187
-0.4810313  0.8348348  0.1426729
-0.4810313  0.8812938  0.1468581
-0.4810313  0.9285703  0.15499059999999998
-0.4810313  0.975737  0.1631276
-0.4810313  1.022932  0.1679017
-0.4810313  1.0694110000000001  0.17211780000000002
-0.4810313  1.116635  0.17848119999999998
-0.4810313  1.163838  0.18492719999999999
-0.4810313  1.2103140000000001  0.1866611
-0.4810313  1.257615  0.1889247
-0.4810313  1.304829  0.1939737
-0.4810313  1.3520219999999998  0.1961834
-0.4810313  1.398478  0.1956528
-0.4810313  1.445703  0.1969832
-0.4810313  1.492855  0.20036110000000001
-0.4810313  1.509941  0.19920849999999998
-0.54142  -0.54142  -0.06634156000000001
-0.54142  -0.4945039  -0.06373697
-0.54142  -0.44799239999999996  -0.06022858
-0.54142  -0.40082  -0.05730953
-0.54142  -0.353608  -0.05245514
-0.54142  -0.3062032  -0.04772618
-0.54142  -0.2598898  -0.044063069999999996
-0.54142  -0.2126723  -0.03818876
-0.54142  -0.1655  -0.031842419999999996
-0.54142  -0.1189876  -0.02673587
-0.54142  -0.07177561  -0.01980621
-0.54142  -0.024572769999999997  -0.009715185999999999
-0.54142  0.022627829999999998  0.003180517
-0.54142  0.06910429000000001  0.013724289999999998
-0.54142  0.116327  0.02408379
-0.54142  0.1635199  0.034514880000000005
-0.54142  0.2099528  0.04312385
-0.54142  0.25716520000000004  0.04972579
-0.54142  0.304394  0.058028729999999994
-0.54142  0.35162720000000003  0.06695242
-0.54142  0.39806349999999996  0.07295218
-0.54142  0.44527839999999996  0.07926794
-0.54142  0.4924963  0.08727432
-0.54142  0.5390083  0.09555716
-0.54142  0.5861574  0.10275279999999999
-0.54142  0.6334772000000001  0.10871549999999999
-0.54142  0.6806553  0.1171694
-0.54142  0.7271274  0.1249453
-0.54142  0.7743956  0.13057739999999998
-0.54142  0.8215852  0.13736569999999998
-0.54142  0.8687465999999999  0.14677369999999998
-0.54142  0.9152517  0.15322290000000002
-0.54142  0.96246  0.1575529
-0.54142  1.009663  0.164709
-0.54142  1.05613  0.172591
-0.54142  1.103348  0.1765201
-0.54142  1.150557  0.1796662
-0.54142  1.197773  0.1853269
-0.54142  1.244361  0.190184
-0.54142  1.291549  0.19225789999999998
-0.54142  1.33873  0.193482
-0.54142  1.385221  0.1950664
-0.54142  1.4324100000000002  0.1983856
-0.54142  1.4796010000000002  0.1985236
-0.54142  1.509881  0.1988968
-0.6018928  -0.6018928  -0.07738224
-0.6018928  -0.554914  -0.07529264
-0.6018928  -0.5077018  -0.07180526
-0.6018928  -0.4602816  -0.06915548
-0.6018928  -0.4140692  -0.06406901
-0.6018928  -0.3668763  -0.060475249999999994
-0.6018928  -0.31964580000000004  -0.056547469999999996
-0.6018928  -0.2731402  -0.05058611
-0.6018928  -0.2259245  -0.04554086
-0.6018928  -0.1787632  -0.040806619999999995
-0.6018928  -0.13152709999999998  -0.03310249999999999
-0.6018928  -0.08504555999999999  -0.025189629999999998
-0.6018928  -0.03784079  -0.0188051
-0.6018928  0.009391921  -0.007828096
-0.6018928  0.05580346  0.007789754
-0.6018928  0.10300530000000001  0.018304369999999997
-0.6018928  0.1502278  0.02608262
-0.6018928  0.1974214  0.03487866
-0.6018928  0.24388880000000002  0.04525177
-0.6018928  0.29111770000000003  0.05383221
-0.6018928  0.338356  0.060531800000000004
-0.6018928  0.3849047  0.06651306
-0.6018928  0.4319889  0.07510649
-0.6018928  0.4792217  0.08383359
-0.6018928  0.526439  0.08987687999999999
-0.6018928  0.5728734  0.0970032
-0.6018928  0.6202362  0.10609869999999999
-0.6018928  0.6673808999999999  0.1135899
-0.6018928  0.7145765000000001  0.1191235
-0.6018928  0.7610800000000001  0.12663259999999998
-0.6018928  0.8083030999999999  0.135993
-0.6018928  0.8554772  0.1426099
-0.6018928  0.901965  0.14747
-0.6018928  0.9491722  0.154602
-0.6018928  0.9963806  0.1634331
-0.6018928  1.043588  0.1690921
-0.6018928  1.090073  0.17337139999999998
-0.6018928  1.137278  0.1785134
-0.6018928  1.184493  0.1848258
-0.6018928  1.231092  0.1878487
-0.6018928  1.2782660000000001  0.18971
-0.6018928  1.325526  0.1925733
-0.6018928  1.372635  0.1968845
-0.6018928  1.419122  0.1973992
-0.6018928  1.466297  0.1973921
-0.6018928  1.509814  0.197717
-0.6617613999999999  -0.6617613999999999  -0.088408
-0.6617613999999999  -0.6147524  -0.08653032
-0.6617613999999999  -0.5681622  -0.08349172
-0.6617613999999999  -0.5210071000000001  -0.08067055999999999
-0.6617613999999999  -0.4737986  -0.07630763
-0.6617613999999999  -0.4273166  -0.07321803
-0.6617613999999999  -0.3801164  -0.06851995999999999
-0.6617613999999999  -0.332949  -0.06321523
-0.6617613999999999  -0.2856819  -0.05928625
-0.6617613999999999  -0.2391914  -0.05435755
-0.6617613999999999  -0.19201769999999999  -0.04695387
-0.6617613999999999  -0.1448218  -0.04065459
-0.6617613999999999  -0.0983508  -0.03428522999999999
-0.6617613999999999  -0.051141030000000004  -0.026588650000000002
-0.6617613999999999  -0.0039098250000000005  -0.01467271
-0.6617613999999999  0.04328322  -0.0007333085
-0.6617613999999999  0.0897368  0.009575085999999998
-0.6617613999999999  0.1369346  0.01948749
-0.6617613999999999  0.1841555  0.030671109999999998
-0.6617613999999999  0.2306071  0.039917760000000004
-0.6617613999999999  0.2777932  0.04617395
-0.6617613999999999  0.3250669  0.05403374
-0.6617613999999999  0.3722592  0.06392987
-0.6617613999999999  0.4186838  0.07123053
-0.6617613999999999  0.4659374  0.07758682
-0.6617613999999999  0.513137  0.08526366
-0.6617613999999999  0.5603439  0.0948807
-0.6617613999999999  0.6068144999999999  0.1012085
-0.6617613999999999  0.6541209  0.1072635
-0.6617613999999999  0.701299  0.11613299999999999
-0.6617613999999999  0.7477648  0.1251289
-0.6617613999999999  0.7950193000000001  0.1312242
-0.6617613999999999  0.8421875  0.1374376
-0.6617613999999999  0.8893920000000001  0.1455319
-0.6617613999999999  0.9359152000000001  0.1536671
-0.6617613999999999  0.9830803  0.1599572
-0.6617613999999999  1.0302950000000002  0.1645411
-0.6617613999999999  1.076796  0.1719523
-0.6617613999999999  1.1240139999999998  0.1786228
-0.6617613999999999  1.17118  0.1821737
-0.6617613999999999  1.2183989999999998  0.18487009999999998
-0.6617613999999999  1.264982  0.189564
-0.6617613999999999  1.312166  0.19308329999999999
-0.6617613999999999  1.3593620000000002  0.1940947
-0.6617613999999999  1.405804  0.1946158
-0.6617613999999999  1.4530139999999998  0.1971132
-0.6617613999999999  1.5002090000000001  0.2001258
-0.6617613999999999  1.5099280000000002  0.1989623
-0.7222599000000001  -0.7222599000000001  -0.09955568
-0.7222599000000001  -0.6752534  -0.09832812999999999
-0.7222599000000001  -0.6280293  -0.09493255
-0.7222599000000001  -0.5814568  -0.09196911999999999
-0.7222599000000001  -0.5342551  -0.08854055
-0.7222599000000001  -0.487075  -0.08477827
-0.7222599000000001  -0.43985789999999997  -0.08166886999999999
-0.7222599000000001  -0.3933866  -0.07624995000000001
-0.7222599000000001  -0.34618849999999995  -0.07149987999999999
-0.7222599000000001  -0.29893169999999997  -0.06719942
-0.7222599000000001  -0.2524955  -0.061760340000000004
-0.7222599000000001  -0.2052946  -0.05458984
-0.7222599000000001  -0.15811920000000002  -0.047811059999999996
-0.7222599000000001  -0.11087730000000001  -0.042402920000000004
-0.7222599000000001  -0.06441814  -0.03391236
-0.7222599000000001  -0.01718461  -0.02314388
-0.7222599000000001  0.03002028  -0.00938639
-0.7222599000000001  0.07646599999999999  0.001870528
-0.7222599000000001  0.1236403  0.01287436
-0.7222599000000001  0.1708742  0.02425962
-0.7222599000000001  0.21805750000000002  0.03375375
-0.7222599000000001  0.2645328  0.04017566
-0.7222599000000001  0.3118069  0.0485573
-0.7222599000000001  0.3590013  0.05856255
-0.7222599000000001  0.4061939  0.06650034
-0.7222599000000001  0.4526501  0.07248558
-0.7222599000000001  0.499905  0.08012993
-0.7222599000000001  0.5470613  0.08976334
-0.7222599000000001  0.5935154  0.0977024
-0.7222599000000001  0.6408015  0.1033317
-0.7222599000000001  0.6880096  0.11093479999999999
-0.7222599000000001  0.7352657  0.1208133
-0.7222599000000001  0.7817322  0.1277766
-0.7222599000000001  0.8289217999999999  0.1339205
-0.7222599000000001  0.8761038999999999  0.14241969999999998
-0.7222599000000001  0.9227061  0.1506658
-0.7222599000000001  0.9698017999999999  0.1568746
-0.7222599000000001  1.017003  0.1620703
-0.7222599000000001  1.0641990000000001  0.1696027
-0.7222599000000001  1.1107090000000002  0.1767026
-0.7222599000000001  1.157907  0.18078650000000002
-0.7222599000000001  1.205106  0.1827337
-0.7222599000000001  1.2516990000000001  0.187181
-0.7222599000000001  1.298884  0.191967
-0.7222599000000001  1.346065  0.19365
-0.7222599000000001  1.393278  0.19469769999999997
-0.7222599000000001  1.439718  0.1967206
-0.7222599000000001  1.4869169999999998  0.1986868
-0.7222599000000001  1.509877  0.1982949
-0.7820459  -0.7820459  -0.1107691
-0.7820459  -0.7357358  -0.10928249999999999
-0.7820459  -0.6885106  -0.1065782
-0.7820459  -0.6413021999999999  -0.1032959
-0.7820459  -0.5939564  -0.1000654
-0.7820459  -0.5475386999999999  -0.09807474
-0.7820459  -0.5003423  -0.09287318
-0.7820459  -0.4531257  -0.08855795999999999
-0.7820459  -0.4066524  -0.0849651
-0.7820459  -0.3594603  -0.080518
-0.7820459  -0.3122433  -0.07405367
-0.7820459  -0.26498700000000003  -0.06857168999999999
-0.7820459  -0.2185626  -0.06392331
-0.7820459  -0.1713752  -0.05679616
-0.7820459  -0.1241526  -0.04784431
-0.7820459  -0.07695795  -0.039581
-0.7820459  -0.03045811  -0.03278188
-0.7820459  0.01674669  -0.019260330000000003
-0.7820459  0.06395445999999999  -0.003642602
-0.7820459  0.1103737  0.007272964999999999
-0.7820459  0.157625  0.01548775
-0.7820459  0.20480690000000001  0.02576725
-0.7820459  0.2519931  0.03600466
-0.7820459  0.2984975  0.04615181
-0.7820459  0.34573149999999997  0.0526473
-0.7820459  0.3929207  0.05959622
-0.7820459  0.4393677  0.06846197999999999
-0.7820459  0.486579  0.07836135
-0.7820459  0.5337759  0.08466541
-0.7820459  0.5809768000000001  0.09172578999999999
-0.7820459  0.6275492  0.1008954
-0.7820459  0.6747328  0.10953109999999999
-0.7820459  0.7219683  0.1154421
-0.7820459  0.7687944  0.1226601
-0.7820459  0.8156741  0.1323553
-0.7820459  0.8628267  0.14029139999999998
-0.7820459  0.9100391  0.1457478
-0.7820459  0.9565408  0.15197170000000002
-0.7820459  1.003735  0.1600433
-0.7820459  1.050928  0.16764669999999998
-0.7820459  1.097428  0.1723239
-0.7820459  1.144625  0.1755271
-0.7820459  1.191853  0.1815687
-0.7820459  1.2392560000000001  0.18791270000000002
-0.7820459  1.285618  0.1903
-0.7820459  1.332809  0.1912293
-0.7820459  1.379975  0.1938628
-0.7820459  1.427185  0.1979932
-0.7820459  1.473643  0.1980191
-0.7820459  1.509824  0.19725959999999998
-0.8425082  -0.8425082  -0.1210384
-0.8425082  -0.7955167  -0.1199337
-0.8425082  -0.7482634  -0.1174424
-0.8425082  -0.7017876  -0.1149726
-0.8425082  -0.6545896999999999  -0.1118343
-0.8425082  -0.6072474999999999  -0.10796499999999999
-0.8425082  -0.5607729  -0.1047438
-0.8425082  -0.5136241  -0.1019549
-0.8425082  -0.4664219  -0.09664176
-0.8425082  -0.419162  -0.09234608
-0.8425082  -0.3727166  -0.08842456
-0.8425082  -0.3254701  -0.08254181
-0.8425082  -0.27825310000000003  -0.07556668
-0.8425082  -0.23105199999999998  -0.06983085
-0.8425082  -0.1846564  -0.06415622
-0.8425082  -0.137427  -0.056336080000000004
-0.8425082  -0.09023677000000001  -0.046634329999999995
-0.8425082  -0.043744729999999996  -0.03919377
-0.8425082  0.003501218  -0.02822794
-0.8425082  0.05067481  -0.01255618
-0.8425082  0.09788019  0.001269327
-0.8425082  0.1443111  0.01100446
-0.8425082  0.1915144  0.018995699999999997
-0.8425082  0.2387169  0.0293334
-0.8425082  0.2851983  0.04023445
-0.8425082  0.3324548  0.04853966999999999
-0.8425082  0.3796463  0.05533957
-0.8425082  0.4268661  0.06283996
-0.8425082  0.47330279999999997  0.07228272000000001
-0.8425082  0.5205222  0.08142063999999999
-0.8425082  0.567699  0.08797124
-0.8425082  0.6141741  0.09453745999999999
-0.8425082  0.6614498  0.10430279999999999
-0.8425082  0.7086657000000001  0.1135883
-0.8425082  0.7558926  0.11969729999999999
-0.8425082  0.8024393  0.1268912
-0.8425082  0.849543  0.13559480000000002
-0.8425082  0.8967419  0.14464839999999998
-0.8425082  0.9432803  0.1495803
-0.8425082  0.9904385  0.1564491
-0.8425082  1.0377239999999999  0.1641211
-0.8425082  1.0848710000000001  0.1716501
-0.8425082  1.1313330000000001  0.17510830000000002
-0.8425082  1.17854  0.1790794
-0.8425082  1.225754  0.1841744
-0.8425082  1.273087  0.18967459999999997
-0.8425082  1.3195329999999998  0.1919068
-0.8425082  1.36669  0.1926788
-0.8425082  1.4138879999999998  0.1950151
-0.8425082  1.460374  0.1977246
-0.8425082  1.507541  0.1997895
-0.9022633  -0.9022633  -0.1317844
-0.9022633  -0.856004  -0.1307394
-0.9022633  -0.8088252  -0.12827229999999998
-0.9022633  -0.7615852999999999  -0.1259094
-0.9022633  -0.7150738999999999  -0.12309349999999998
-0.9022633  -0.6678634  -0.12071359999999999
-0.9022633  -0.6206602  -0.11736609999999999
-0.9022633  -0.5733262  -0.1127225
-0.9022633  -0.5268726  -0.1095031
-0.9022633  -0.4797014  -0.10607520000000001
-0.9022633  -0.43246660000000003  -0.1002829
-0.9022633  -0.3852722  -0.09475737
-0.9022633  -0.3387921  -0.09025238000000001
-0.9022633  -0.2915341  -0.08502896
-0.9022633  -0.24434989999999998  -0.07725036
-0.9022633  -0.1978683  -0.07003216
-0.9022633  -0.1507133  -0.0636527
-0.9022633  -0.1035103  -0.05577976
-0.9022633  -0.05629229  -0.04580319
-0.9022633  -0.009827843  -0.034596089999999996
-0.9022633  0.03739761  -0.020577759999999997
-0.9022633  0.08459499  -0.00823985
-0.9022633  0.13102729999999999  0.003568937
-0.9022633  0.1782653  0.01507331
-0.9022633  0.225419  0.02512156
-0.9022633  0.27263869999999996  0.032749139999999996
-0.9022633  0.3191577  0.04114945
-0.9022633  0.3663666  0.05108645
-0.9022633  0.4136168  0.060074829999999996
-0.9022633  0.46001960000000003  0.06747851
-0.9022633  0.5072255  0.07449618
-0.9022633  0.5544272  0.08360837
-0.9022633  0.6016118  0.0938146
-0.9022633  0.6481821  0.09983131999999999
-0.9022633  0.6953665  0.1066183
-0.9022633  0.7425886  0.1166257
-0.9022633  0.7891277999999999  0.12588439999999998
-0.9022633  0.836315  0.1323784
-0.9022633  0.883467  0.1384728
-0.9022633  0.930748  0.1478936
-0.9022633  0.9771515000000001  0.1561752
-0.9022633  1.024375  0.1612528
-0.9022633  1.071566  0.1645962
-0.9022633  1.11879  0.1729764
-0.9022633  1.165259  0.1802231
-0.9022633  1.212475  0.1840751
-0.9022633  1.259788  0.18626569999999998
-0.9022633  1.306562  0.18895209999999998
-0.9022633  1.3534059999999999  0.1934533
-0.9022633  1.400626  0.19637939999999998
-0.9022633  1.447804  0.1957395
-0.9022633  1.4942739999999999  0.1965594
-0.9022633  1.509876  0.1983846
-0.9626994999999999  -0.9626994999999999  -0.142041
-0.9626994999999999  -0.9156812999999999  -0.1404799
-0.9626994999999999  -0.8692259  -0.1388914
-0.9626994999999999  -0.8220449999999999  -0.1369417
-0.9626994999999999  -0.7748512  -0.1342442
-0.9626994999999999  -0.7275874  -0.13099960000000002
-0.9626994999999999  -0.6811304  -0.1288603
-0.9626994999999999  -0.6339261  -0.1254513
-0.9626994999999999  -0.5865974  -0.1209836
-0.9626994999999999  -0.539437  -0.1183442
-0.9626994999999999  -0.492962  -0.1140164
-0.9626994999999999  -0.4457271  -0.1086554
-0.9626994999999999  -0.39854700000000004  -0.102336
-0.9626994999999999  -0.3520521  -0.09808063
-0.9626994999999999  -0.3047998  -0.09283831000000001
-0.9626994999999999  -0.2576108  -0.08436861
-0.9626994999999999  -0.2103385  -0.07694108
-0.9626994999999999  -0.1639716  -0.07086706
-0.9626994999999999  -0.11676940000000001  -0.06329762
-0.9626994999999999  -0.0695776  -0.05260118
-0.9626994999999999  -0.02310192  -0.04169013
-0.9626994999999999  0.02412214  -0.02787149
-0.9626994999999999  0.07132037  -0.01527448
-0.9626994999999999  0.1185439  -0.002452526
-0.9626994999999999  0.16498179999999998  0.009440639
-0.9626994999999999  0.21216220000000002  0.019432170000000002
-0.9626994999999999  0.25936149999999997  0.027283329999999998
-0.9626994999999999  0.3058402  0.036165409999999995
-0.9626994999999999  0.35308730000000005  0.04634173
-0.9626994999999999  0.4003058  0.056197899999999995
-0.9626994999999999  0.4475163  0.06275177
-0.9626994999999999  0.493967  0.06930772
-0.9626994999999999  0.5411776  0.07965097
-0.9626994999999999  0.5883441  0.08944018999999999
-0.9626994999999999  0.6349353999999999  0.09595875
-0.9626994999999999  0.6821011  0.1029751
-0.9626994999999999  0.7293118  0.11340489999999999
-0.9626994999999999  0.7765803  0.1219565
-0.9626994999999999  0.8230394999999999  0.1288348
-0.9626994999999999  0.8702048  0.13470959999999998
-0.9626994999999999  0.917402  0.144483
-0.9626994999999999  0.964625  0.1535141
-0.9626994999999999  1.011114  0.159003
-0.9626994999999999  1.058297  0.1636841
-0.9626994999999999  1.105526  0.1699654
-0.9626994999999999  1.151987  0.17721220000000001
-0.9626994999999999  1.199195  0.18270299999999998
-0.9626994999999999  1.24653  0.1848414
-0.9626994999999999  1.293698  0.1876515
-0.9626994999999999  1.3401669999999999  0.1917048
-0.9626994999999999  1.387362  0.1956021
-0.9626994999999999  1.434528  0.196471
-0.9626994999999999  1.481006  0.1969912
-0.9626994999999999  1.509824  0.199204
-1.023188  -1.023188  -0.1508463
-1.023188  -0.9761851  -0.1501897
-1.023188  -0.9290143000000001  -0.1484947
-1.023188  -0.8817484  -0.14655669999999998
-1.023188  -0.8353096000000001  -0.1437622
-1.023188  -0.7881083  -0.1421695
-1.023188  -0.7408157  -0.1396877
-1.023188  -0.6936327999999999  -0.13603679999999999
-1.023188  -0.6471681  -0.1325009
-1.023188  -0.5998542  -0.1294919
-1.023188  -0.5527039  -0.1257036
-1.023188  -0.5062259  -0.1206242
-1.023188  -0.45899860000000003  -0.1156736
-1.023188  -0.4117869  -0.1114522
-1.023188  -0.3646098  -0.10552679999999999
-1.023188  -0.31813810000000003  -0.09807928
-1.023188  -0.270891  -0.09089399
-1.023188  -0.2236617  -0.08483863
-1.023188  -0.1772558  -0.07815676
-1.023188  -0.1300061  -0.06806469999999999
-1.023188  -0.08286432  -0.058320170000000005
-1.023188  -0.03563491  -0.04977503
-1.023188  0.01086763  -0.03740146
-1.023188  0.05806584  -0.02116354
-1.023188  0.1052635  -0.007342891
-1.023188  0.1516985  0.002619968
-1.023188  0.1988831  0.01171324
-1.023188  0.2460976  0.02210504
-1.023188  0.2932897  0.03291947
-1.023188  0.3398245  0.04298998
-1.023188  0.3870281  0.04956968
-1.023188  0.4342276  0.056551439999999994
-1.023188  0.4807218  0.06713084
-1.023188  0.5278726  0.07660402
-1.023188  0.5750589  0.08475567
-1.023188  0.6224050999999999  0.09163674
-1.023188  0.6688271  0.09966752
-1.023188  0.7160797999999999  0.10970819999999999
-1.023188  0.7632693  0.1189906
-1.023188  0.8104965  0.12512459999999997
-1.023188  0.8569475999999999  0.1318161
-1.023188  0.9041312  0.140729
-1.023188  0.9513596  0.1503285
-1.023188  0.9978211  0.15622149999999999
-1.023188  1.045002  0.1611685
-1.023188  1.09224  0.16753539999999997
-1.023188  1.1394369999999998  0.1757349
-1.023188  1.1859110000000002  0.1814741
-1.023188  1.23325  0.18420019999999998
-1.023188  1.280408  0.1872972
-1.023188  1.32687  0.1900763
-1.023188  1.3740599999999998  0.1944837
-1.023188  1.4213989999999999  0.1966261
-1.023188  1.468469  0.1958979
-1.023188  1.509774  0.1973198
-1.0829300000000002  -1.0829300000000002  -0.1598334
-1.0829300000000002  -1.035807  -0.15918590000000002
-1.0829300000000002  -0.9894669  -0.15745900000000002
-1.0829300000000002  -0.9422948999999999  -0.1555224
-1.0829300000000002  -0.8950335  -0.15400519999999998
-1.0829300000000002  -0.8478456999999999  -0.1517933
-1.0829300000000002  -0.8013693  -0.1492116
-1.0829300000000002  -0.7541011  -0.1469832
-1.0829300000000002  -0.706901  -0.1438884
-1.0829300000000002  -0.6604216  -0.13964390000000002
-1.0829300000000002  -0.6130682000000001  -0.136603
-1.0829300000000002  -0.5659623  -0.133674
-1.0829300000000002  -0.5187642  -0.12792279999999998
-1.0829300000000002  -0.4723216  -0.12210399999999999
-1.0829300000000002  -0.42509070000000004  -0.1172846
-1.0829300000000002  -0.3778843  -0.1121355
-1.0829300000000002  -0.3314242  -0.1054669
-1.0829300000000002  -0.2841538  -0.09774207
-1.0829300000000002  -0.2369591  -0.09043174
-1.0829300000000002  -0.1897444  -0.08420218
-1.0829300000000002  -0.1432392  -0.07446684999999999
-1.0829300000000002  -0.09613223000000001  -0.06412226
-1.0829300000000002  -0.048927109999999996  -0.05487399999999999
-1.0829300000000002  -0.002448395  -0.04515254
-1.0829300000000002  0.04475999  -0.02804671
-1.0829300000000002  0.0920276  -0.01362354
-1.0829300000000002  0.1391618  -0.0024049699999999998
-1.0829300000000002  0.1856446  0.007845366999999999
-1.0829300000000002  0.23280199999999998  0.01717519
-1.0829300000000002  0.2800067  0.02651007
-1.0829300000000002  0.3265326  0.03672978
-1.0829300000000002  0.373722  0.04727186
-1.0829300000000002  0.42093630000000004  0.05418899
-1.0829300000000002  0.4681749  0.0614782
-1.0829300000000002  0.5145666999999999  0.07103365
-1.0829300000000002  0.5618024  0.08149204
-1.0829300000000002  0.6089767  0.08927328
-1.0829300000000002  0.6562878  0.09543505
-1.0829300000000002  0.7027513  0.1043779
-1.0829300000000002  0.7499529  0.1142388
-1.0829300000000002  0.7971946000000001  0.1237658
-1.0829300000000002  0.8436652  0.129884
-1.0829300000000002  0.890816  0.1362793
-1.0829300000000002  0.9380854000000001  0.1457779
-1.0829300000000002  0.9852493  0.1549535
-1.0829300000000002  1.0317239999999999  0.161451
-1.0829300000000002  1.078965  0.1651536
-1.0829300000000002  1.126141  0.17184129999999997
-1.0829300000000002  1.172635  0.17898299999999998
-1.0829300000000002  1.219832  0.1842641
-1.0829300000000002  1.267133  0.18619639999999998
-1.0829300000000002  1.3143209999999999  0.18884279999999998
-1.0829300000000002  1.360749  0.19319730000000002
-1.0829300000000002  1.407972  0.19623190000000001
-1.0829300000000002  1.4552170000000002  0.19705720000000002
-1.0829300000000002  1.501624  0.1967285
-1.0829300000000002  1.5098779999999998  0.1984077
-1.1434259999999998  -1.1434259999999998  -0.1673608
-1.1434259999999998  -1.096445  -0.1666808
-1.1434259999999998  -1.0492029999999999  -0.1655502
-1.1434259999999998  -1.002012  -0.164387
-1.1434259999999998  -0.9555359  -0.1625171
-1.1434259999999998  -0.908313  -0.1607109
-1.1434259999999998  -0.8611213  -0.1580443
-1.1434259999999998  -0.814644  -0.15677280000000002
-1.1434259999999998  -0.7674243000000001  -0.1538517
-1.1434259999999998  -0.7201942  -0.1497089
-1.1434259999999998  -0.6729788999999999  -0.1469444
-1.1434259999999998  -0.6265095  -0.14366859999999998
-1.1434259999999998  -0.579178  -0.1398934
-1.1434259999999998  -0.5319623  -0.1338504
-1.1434259999999998  -0.4855898  -0.1290895
-1.1434259999999998  -0.4383447  -0.1242399
-1.1434259999999998  -0.3911689  -0.1179307
-1.1434259999999998  -0.3439531  -0.1102544
-1.1434259999999998  -0.2974266  -0.10342
-1.1434259999999998  -0.2502507  -0.09673194
-1.1434259999999998  -0.20303380000000001  -0.08967916000000001
-1.1434259999999998  -0.1566001  -0.08005620999999999
-1.1434259999999998  -0.10936119999999999  -0.07027014
-1.1434259999999998  -0.06220436  -0.06064732
-1.1434259999999998  -0.01499282  -0.051916580000000004
-1.1434259999999998  0.031486969999999996  -0.035124859999999994
-1.1434259999999998  0.07873433  -0.01961884
-1.1434259999999998  0.1259207  -0.006771373999999999
-1.1434259999999998  0.1723723  0.001778119
-1.1434259999999998  0.2195118  0.01157195
-1.1434259999999998  0.2667231  0.02207197
-1.1434259999999998  0.31401060000000003  0.03354593
-1.1434259999999998  0.3604527  0.042889039999999996
-1.1434259999999998  0.4076639  0.05062274
-1.1434259999999998  0.4548696  0.05761313
-1.1434259999999998  0.5020634  0.06754228
-1.1434259999999998  0.5485403999999999  0.07761822
-1.1434259999999998  0.5956979  0.08547452
-1.1434259999999998  0.6430018  0.09222061999999999
-1.1434259999999998  0.6894747999999999  0.10091679999999999
-1.1434259999999998  0.7366652  0.1106939
-1.1434259999999998  0.7839210000000001  0.12048149999999999
-1.1434259999999998  0.8311855  0.1272382
-1.1434259999999998  0.8775636  0.1333755
-1.1434259999999998  0.9248508000000001  0.1427455
-1.1434259999999998  0.9719747  0.1517473
-1.1434259999999998  1.018481  0.1581688
-1.1434259999999998  1.065641  0.1639721
-1.1434259999999998  1.1128689999999999  0.1698251
-1.1434259999999998  1.160083  0.17707599999999998
-1.1434259999999998  1.206547  0.18277859999999999
-1.1434259999999998  1.2538900000000002  0.1867201
-1.1434259999999998  1.301051  0.1882179
-1.1434259999999998  1.3475  0.19177619999999998
-1.1434259999999998  1.3946969999999999  0.194398
-1.1434259999999998  1.441906  0.19765280000000002
-1.1434259999999998  1.4891050000000001  0.19731269999999998
-1.1434259999999998  1.509833  0.1983292
-1.2031489999999998  -1.2031489999999998  -0.1742704
-1.2031489999999998  -1.1561320000000002  -0.1737166
-1.2031489999999998  -1.10971  -0.1725329
-1.2031489999999998  -1.062452  -0.1714039
-1.2031489999999998  -1.01529  -0.1695797
-1.2031489999999998  -0.9687603  -0.16761289999999998
-1.2031489999999998  -0.9216398  -0.1663654
-1.2031489999999998  -0.8743881  -0.1649722
-1.2031489999999998  -0.8271725  -0.1614739
-1.2031489999999998  -0.7807202999999999  -0.1589477
-1.2031489999999998  -0.7334525  -0.1572836
-1.2031489999999998  -0.6862324  -0.1535506
-1.2031489999999998  -0.6397830999999999  -0.1485426
-1.2031489999999998  -0.5924491000000001  -0.1443267
-1.2031489999999998  -0.5452627999999999  -0.14038479999999998
-1.2031489999999998  -0.498061  -0.1356246
-1.2031489999999998  -0.45162610000000003  -0.1289036
-1.2031489999999998  -0.4044486  -0.1223954
-1.2031489999999998  -0.3572525  -0.11652819999999998
-1.2031489999999998  -0.3107556  -0.11050589999999999
-1.2031489999999998  -0.2635133  -0.10185469999999999
-1.2031489999999998  -0.216304  -0.09288057
-1.2031489999999998  -0.1691326  -0.08427673
-1.2031489999999998  -0.1226362  -0.07733204
-1.2031489999999998  -0.07543438999999999  -0.06755975
-1.2031489999999998  -0.02826689  -0.0555065
-1.2031489999999998  0.01822323  -0.03869805
-1.2031489999999998  0.06542149  -0.024741739999999998
-1.2031489999999998  0.1126279  -0.014306049999999999
-1.2031489999999998  0.1598558  -0.0035300419999999997
-1.2031489999999998  0.206237  0.009069932
-1.2031489999999998  0.25345439999999997  0.02045199
-1.2031489999999998  0.3006573  0.02939672
-1.2031489999999998  0.3479202  0.03682151
-1.2031489999999998  0.3944456  0.044393379999999996
-1.2031489999999998  0.44159190000000004  0.055626669999999996
-1.2031489999999998  0.4888145  0.06578981
-1.2031489999999998  0.5352582  0.07277725
-1.2031489999999998  0.5824299  0.08038772999999999
-1.2031489999999998  0.6297679  0.08959986
-1.2031489999999998  0.6769267  0.10006240000000001
-1.2031489999999998  0.723403  0.10788569999999999
-1.2031489999999998  0.7706618999999999  0.11457329999999999
-1.2031489999999998  0.8178605  0.1231631
-1.2031489999999998  0.8643066  0.1329972
-1.2031489999999998  0.9114846999999999  0.1420298
-1.2031489999999998  0.9587032000000001  0.1480026
-1.2031489999999998  1.005908  0.1540965
-1.2031489999999998  1.052374  0.1607909
-1.2031489999999998  1.099604  0.1695313
-1.2031489999999998  1.1468099999999999  0.17636459999999998
-1.2031489999999998  1.193278  0.1793133
-1.2031489999999998  1.240597  0.1827754
-1.2031489999999998  1.287797  0.186994
-1.2031489999999998  1.3349449999999998  0.1924815
-1.2031489999999998  1.381412  0.1950874
-1.2031489999999998  1.428599  0.1954688
-1.2031489999999998  1.475806  0.1960444
-1.2031489999999998  1.509771  0.19838589999999998
-1.263706  -1.263706  -0.1796189
-1.263706  -1.2166130000000002  -0.17939360000000001
-1.263706  -1.169419  -0.1784287
-1.263706  -1.122971  -0.17764819999999998
-1.263706  -1.075751  -0.1764344
-1.263706  -1.028547  -0.1747422
-1.263706  -0.9813448  -0.17265239999999998
-1.263706  -0.9349027999999999  -0.1715908
-1.263706  -0.8876553  -0.1697206
-1.263706  -0.8404384  -0.16672900000000002
-1.263706  -0.7939958  -0.1638714
-1.263706  -0.7467187  -0.1618599
-1.263706  -0.6995075000000001  -0.1590196
-1.263706  -0.6523148  -0.15423889999999998
-1.263706  -0.6057101  -0.1488478
-1.263706  -0.5585446  -0.1453901
-1.263706  -0.5112979  -0.1406084
-1.263706  -0.4648625  -0.1332189
-1.263706  -0.41770440000000003  -0.12610860000000002
-1.263706  -0.3705097  -0.1215196
-1.263706  -0.3232721  -0.1148458
-1.263706  -0.2767718  -0.1056357
-1.263706  -0.229453  -0.09655988
-1.263706  -0.1824156  -0.08891353
-1.263706  -0.135902  -0.08184116
-1.263706  -0.08871863999999999  -0.07138767
-1.263706  -0.0415421  -0.06021331
-1.263706  0.005729669000000001  -0.045896929999999996
-1.263706  0.052149209999999994  -0.03088276
-1.263706  0.09937238000000001  -0.01986689
-1.263706  0.1465738  -0.007808833
-1.263706  0.1937236  0.004997031
-1.263706  0.2401958  0.01633326
-1.263706  0.2873756  0.02479987
-1.263706  0.334649  0.03213916
-1.263706  0.38112169999999995  0.042345839999999996
-1.263706  0.42832709999999996  0.052866369999999996
-1.263706  0.4755401  0.06206418999999999
-1.263706  0.5227261  0.06849348
-1.263706  0.5691465  0.07743749
-1.263706  0.6164850000000001  0.08682822
-1.263706  0.6636466000000001  0.09755831999999999
-1.263706  0.7101189000000001  0.1039726
-1.263706  0.7573568  0.1115361
-1.263706  0.8045715999999999  0.1208125
-1.263706  0.8517809  0.12965369999999998
-1.263706  0.8982003  0.1387627
-1.263706  0.9454216  0.145008
-1.263706  0.9926303000000001  0.1513033
-1.263706  1.039087  0.159959
-1.263706  1.08632  0.1681986
-1.263706  1.133515  0.1743116
-1.263706  1.180721  0.1766026
-1.263706  1.2272049999999999  0.18173009999999998
-1.263706  1.274486  0.1879323
-1.263706  1.321647  0.1913649
-1.263706  1.36811  0.1928331
-1.263706  1.415326  0.1943003
-1.263706  1.4625489999999999  0.1965608
-1.263706  1.50972  0.19893809999999998
-1.323432  -1.323432  -0.1845018
-1.323432  -1.2772029999999999  -0.18398009999999998
-1.323432  -1.230002  -0.18293469999999998
-1.323432  -1.18272  -0.1821893
-1.323432  -1.135511  -0.1812976
-1.323432  -1.089057  -0.17982489999999998
-1.323432  -1.04183  -0.1784421
-1.323432  -0.9946185000000001  -0.1772673
-1.323432  -0.9481597  -0.1758996
-1.323432  -0.9009267999999999  -0.17409239999999998
-1.323432  -0.8537224999999999  -0.1710245
-1.323432  -0.8065454999999999  -0.1686565
-1.323432  -0.7600284  -0.1664803
-1.323432  -0.7128194999999999  -0.16289679999999998
-1.323432  -0.6655992  -0.157577
-1.323432  -0.6191234  -0.1536524
-1.323432  -0.5718148  -0.1496059
-1.323432  -0.5246238  -0.144536
-1.323432  -0.4774318  -0.1375026
-1.323432  -0.4309774  -0.1305811
-1.323432  -0.3837898  -0.1248172
-1.323432  -0.3366028  -0.1188314
-1.323432  -0.2900632  -0.1105666
-1.323432  -0.2428534  -0.10094979999999999
-1.323432  -0.1956522  -0.09263239
-1.323432  -0.1484608  -0.08551246
-1.323432  -0.1019983  -0.07670703999999999
-1.323432  -0.05482347  -0.06458121
-1.323432  -0.00759976  -0.051998050000000004
-1.323432  0.039613930000000006  -0.035836320000000005
-1.323432  0.08607607  -0.02365509
-1.323432  0.1332583  -0.01247652
-1.323432  0.1804671  0.0005398122
-1.323432  0.22689869999999998  0.01294891
-1.323432  0.274097  0.02238995
-1.323432  0.3213547  0.03006231
-1.323432  0.3685641  0.03854351
-1.323432  0.4150299  0.0493614
-1.323432  0.4622801  0.05859258
-1.323432  0.5094589  0.06694479
-1.323432  0.5558905  0.07415672999999999
-1.323432  0.6030678  0.08234354
-1.323432  0.6503552  0.09292143
-1.323432  0.6975562  0.10277389999999999
-1.323432  0.7440093000000001  0.1100654
-1.323432  0.7912876999999999  0.1166059
-1.323432  0.8385096999999999  0.1255306
-1.323432  0.8849404  0.1351318
-1.323432  0.9321932  0.1437788
-1.323432  0.9793519  0.1498951
-1.323432  1.026533  0.1557879
-1.323432  1.073021  0.1640641
-1.323432  1.120236  0.172509
-1.323432  1.167429  0.1772847
-1.323432  1.213929  0.18021099999999998
-1.323432  1.26121  0.1839419
-1.323432  1.308422  0.1893875
-1.323432  1.3555899999999999  0.193872
-1.323432  1.402064  0.195066
-1.323432  1.449253  0.1956542
-1.323432  1.4964410000000001  0.19668919999999998
-1.323432  1.509838  0.1985495
-1.3839190000000001  -1.3839190000000001  -0.1876456
-1.3839190000000001  -1.3369300000000002  -0.1873019
-1.3839190000000001  -1.289753  -0.18647539999999999
-1.3839190000000001  -1.243277  -0.18567050000000002
-1.3839190000000001  -1.1959790000000001  -0.1852481
-1.3839190000000001  -1.148749  -0.1844529
-1.3839190000000001  -1.102316  -0.1828076
-1.3839190000000001  -1.055047  -0.18171779999999998
-1.3839190000000001  -1.007906  -0.1812793
-1.3839190000000001  -0.9606996  -0.1789956
-1.3839190000000001  -0.9142002  -0.1764185
-1.3839190000000001  -0.8670180000000001  -0.1748891
-1.3839190000000001  -0.8198118  -0.1732722
-1.3839190000000001  -0.7733435  -0.1693792
-1.3839190000000001  -0.7260816999999999  -0.1650972
-1.3839190000000001  -0.6788753000000001  -0.1616973
-1.3839190000000001  -0.6316494  -0.15787569999999998
-1.3839190000000001  -0.5850419  -0.15338179999999998
-1.3839190000000001  -0.5378968  -0.1469454
-1.3839190000000001  -0.49071  -0.1403468
-1.3839190000000001  -0.4442284  -0.135489
-1.3839190000000001  -0.3970572  -0.1297369
-1.3839190000000001  -0.3498689  -0.1215683
-1.3839190000000001  -0.3025876  -0.1128488
-1.3839190000000001  -0.2561356  -0.1047665
-1.3839190000000001  -0.2089314  -0.09724268999999999
-1.3839190000000001  -0.1617525  -0.08929626
-1.3839190000000001  -0.11439490000000001  -0.07916503
-1.3839190000000001  -0.06807472  -0.06734665999999999
-1.3839190000000001  -0.020894279999999998  -0.056627779999999996
-1.3839190000000001  0.02631951  -0.0418222
-1.3839190000000001  0.07285483999999999  -0.02781511
-1.3839190000000001  0.119985  -0.015509079999999998
-1.3839190000000001  0.16722399999999998  -0.002685812
-1.3839190000000001  0.2143788  0.00904945
-1.3839190000000001  0.26083120000000004  0.01772257
-1.3839190000000001  0.3082246  0.02607747
-1.3839190000000001  0.3552843  0.03593639999999999
-1.3839190000000001  0.40175310000000003  0.04687284
-1.3839190000000001  0.4489625  0.056258670000000004
-1.3839190000000001  0.4961793  0.06297684
-1.3839190000000001  0.5433484  0.07047925000000001
-1.3839190000000001  0.5897862  0.08047675
-1.3839190000000001  0.6371053000000001  0.09036095
-1.3839190000000001  0.6842761  0.09941613999999999
-1.3839190000000001  0.7307821999999999  0.1060287
-1.3839190000000001  0.7780256000000001  0.11433149999999999
-1.3839190000000001  0.8252386  0.1231472
-1.3839190000000001  0.8724048  0.13435270000000002
-1.3839190000000001  0.9188647999999999  0.1406976
-1.3839190000000001  0.966083  0.1471308
-1.3839190000000001  1.0132759999999998  0.15408770000000002
-1.3839190000000001  1.059753  0.1622872
-1.3839190000000001  1.106962  0.16898139999999998
-1.3839190000000001  1.154182  0.1754944
-1.3839190000000001  1.201393  0.17873239999999999
-1.3839190000000001  1.247946  0.18373489999999998
-1.3839190000000001  1.2951320000000002  0.1884211
-1.3839190000000001  1.3423289999999999  0.1927315
-1.3839190000000001  1.389521  0.1950081
-1.3839190000000001  1.436025  0.194727
-1.3839190000000001  1.483165  0.1960773
-1.3839190000000001  1.509793  0.1988454
-1.443657  -1.443657  -0.1905028
-1.443657  -1.397411  -0.1899815
-1.443657  -1.3501969999999999  -0.1890882
-1.443657  -1.303003  -0.1885076
-1.443657  -1.256583  -0.1879351
-1.443657  -1.209247  -0.1877353
-1.443657  -1.162034  -0.18622039999999998
-1.443657  -1.114856  -0.18500529999999998
-1.443657  -1.068349  -0.1840438
-1.443657  -1.021176  -0.1836082
-1.443657  -0.9739731  -0.1815125
-1.443657  -0.9275225  -0.1790531
-1.443657  -0.8802700999999999  -0.17724299999999998
-1.443657  -0.8330756  -0.1751035
-1.443657  -0.7858536  -0.1723975
-1.443657  -0.7393535000000001  -0.1684298
-1.443657  -0.6921328999999999  -0.1644269
-1.443657  -0.6449338  -0.1605857
-1.443657  -0.5983350000000001  -0.1565689
-1.443657  -0.5511239  -0.1510841
-1.443657  -0.5039864000000001  -0.1440585
-1.443657  -0.45674549999999997  -0.1369028
-1.443657  -0.410331  -0.1311313
-1.443657  -0.36312479999999997  -0.1249504
-1.443657  -0.3159008  -0.1176247
-1.443657  -0.26866199999999996  -0.107774
-1.443657  -0.2221925  -0.09898215
-1.443657  -0.17502520000000002  -0.09088736
-1.443657  -0.1278013  -0.08322331
-1.443657  -0.08133330999999999  -0.07305463
-1.443657  -0.03415313  -0.06118116999999999
-1.443657  0.01307206  -0.04515033
-1.443657  0.06026617  -0.030411880000000002
-1.443657  0.10674209999999999  -0.020861280000000003
-1.443657  0.1542358  -0.008176966
-1.443657  0.2010875  0.004530569999999999
-1.443657  0.2475504  0.016429799999999998
-1.443657  0.2947665  0.02591203
-1.443657  0.34202109999999997  0.03408924
-1.443657  0.3892215  0.041267979999999996
-1.443657  0.4357028  0.05060036
-1.443657  0.4829216  0.06159400999999999
-1.443657  0.5300991  0.07077510000000001
-1.443657  0.5765342000000001  0.07773184
-1.443657  0.6238478  0.085623
-1.443657  0.6710242  0.0953284
-1.443657  0.7182238  0.1054458
-1.443657  0.7647293  0.11353279999999999
-1.443657  0.8120121  0.1210776
-1.443657  0.8591428  0.1273184
-1.443657  0.9056052  0.13734249999999998
-1.443657  0.9528008  0.1464595
-1.443657  1.0000259999999999  0.1544155
-1.443657  1.0472329999999999  0.158825
-1.443657  1.093698  0.1653265
-1.443657  1.140903  0.1725672
-1.443657  1.1881110000000001  0.179655
-1.443657  1.2354280000000002  0.183581
-1.443657  1.2818699999999998  0.1868641
-1.443657  1.329036  0.1885283
-1.443657  1.3762539999999999  0.192775
-1.443657  1.4227349999999999  0.1958557
-1.443657  1.469923  0.1984406
-1.443657  1.509745  0.1978259
-1.504132  -1.504132  -0.1922151
-1.504132  -1.457122  -0.1918588
-1.504132  -1.4106910000000001  -0.1914921
-1.504132  -1.363462  -0.19103579999999998
-1.504132  -1.31629  -0.18998600000000002
-1.504132  -1.269081  -0.1899602
-1.504132  -1.2224929999999998  -0.1894111
-1.504132  -1.1752660000000001  -0.1877942
-1.504132  -1.128117  -0.1870022
-1.504132  -1.081616  -0.1858621
-1.504132  -1.034435  -0.1844437
-1.504132  -0.9872252  -0.1829857
-1.504132  -0.9400331  -0.1810252
-1.504132  -0.8935449999999999  -0.1797656
-1.504132  -0.8463372  -0.1776615
-1.504132  -0.7991535  -0.1740819
-1.504132  -0.7526221000000001  -0.1698529
-1.504132  -0.7054085  -0.1667686
-1.504132  -0.6582164  -0.1631686
-1.504132  -0.6108581000000001  -0.1586973
-1.504132  -0.5644207  -0.1522159
-1.504132  -0.5172269  -0.1457924
-1.504132  -0.4700551  -0.14053629999999998
-1.504132  -0.4228152  -0.13553489999999999
-1.504132  -0.3764083  -0.1270909
-1.504132  -0.3291866  -0.1185493
-1.504132  -0.2819373  -0.110184
-1.504132  -0.2354726  -0.1031053
-1.504132  -0.1883025  -0.09589391
-1.504132  -0.1410769  -0.08509677
-1.504132  -0.09386913  -0.07467542
-1.504132  -0.047438299999999996  -0.06362609999999999
-1.504132  -0.0002178247  -0.05195163
-1.504132  0.046989220000000005  -0.036452580000000005
-1.504132  0.09345612  -0.022801219999999997
-1.504132  0.1406538  -0.010033499999999999
-1.504132  0.18787389999999998  0.002611422
-1.504132  0.2350147  0.01299613
-1.504132  0.2814892  0.02133057
-1.504132  0.3287401  0.02933984
-1.504132  0.3759407  0.039554559999999996
-1.504132  0.4224015  0.050258620000000004
-1.504132  0.4696371  0.05915592
-1.504132  0.5168292999999999  0.06597101
-1.504132  0.5640065  0.07368123
-1.504132  0.6104523000000001  0.08417459
-1.504132  0.6577437  0.09426446999999999
-1.504132  0.7049251000000001  0.1029838
-1.504132  0.7521494  0.1097836
-1.504132  0.7986656000000001  0.1170591
-1.504132  0.8459163999999999  0.12599519999999997
-1.504132  0.8930344  0.1364186
-1.504132  0.9395474  0.1438042
-1.504132  0.9867038  0.1507347
-1.504132  1.033924  0.1565715
-1.504132  1.081148  0.1640024
-1.504132  1.127613  0.1716771
-1.504132  1.174809  0.17804910000000002
-1.504132  1.222019  0.18197349999999998
-1.504132  1.2686099999999998  0.1844409
-1.504132  1.315826  0.18745559999999997
-1.504132  1.3629390000000001  0.192662
-1.504132  1.410164  0.1963783
-1.504132  1.456626  0.1967467
-1.504132  1.503824  0.1976451
