1.504507  1.504507  0.20210979999999998
1.4441359999999999  1.4441359999999999  0.2008043
1.4441359999999999  1.504507  0.20210979999999998
1.384431  1.384431  0.2006885
1.384431  1.4441359999999999  0.2015941561302473
1.384431  1.504507  0.20202450211596704
1.323888  1.323888  0.20013809999999999
1.323888  1.384431  0.20074725795877632
1.323888  1.4441359999999999  0.20196512919961845
1.323888  1.504507  0.20169194752507263
1.264142  1.264142  0.1999424
1.264142  1.323888  0.2001005357628449
1.264142  1.384431  0.2008586402824109
1.264142  1.4441359999999999  0.20159482371497195
1.264142  1.504507  0.20198485550402948
1.20352  1.20352  0.1982628
1.20352  1.264142  0.1993369043823816
1.20352  1.323888  0.2001241115299477
1.20352  1.384431  0.20138418027128666
1.20352  1.4441359999999999  0.20027440532974428
1.20352  1.504507  0.2025719835027015
1.1437490000000001  1.1437490000000001  0.1969021
1.1437490000000001  1.20352  0.19825936108860828
1.1437490000000001  1.264142  0.19952288181361538
1.1437490000000001  1.323888  0.19981523051254155
1.1437490000000001  1.384431  0.20121123676805489
1.1437490000000001  1.4441359999999999  0.20129802432630328
1.1437490000000001  1.504507  0.20213502685445137
1.083231  1.083231  0.1954341
1.083231  1.1437490000000001  0.19698304230670663
1.083231  1.20352  0.1984442831755837
1.083231  1.264142  0.1993534139471884
1.083231  1.323888  0.19995337713330993
1.083231  1.384431  0.20059690991283455
1.083231  1.4441359999999999  0.20208302346166812
1.083231  1.504507  0.2010073812518009
1.023462  1.023462  0.1940623
1.023462  1.083231  0.1954048960684786
1.023462  1.1437490000000001  0.1965697449658406
1.023462  1.20352  0.19851703229305334
1.023462  1.264142  0.19862741738228434
1.023462  1.323888  0.19997799339835606
1.023462  1.384431  0.20056456535936643
1.023462  1.4441359999999999  0.2020846519434353
1.023462  1.504507  0.20173541947619625
0.9629333  0.9629333  0.1919288
0.9629333  1.023462  0.19367645839602446
0.9629333  1.083231  0.19506538743105611
0.9629333  1.1437490000000001  0.1971770110606195
0.9629333  1.20352  0.19697099361768114
0.9629333  1.264142  0.19921724124187853
0.9629333  1.323888  0.20023609596407643
0.9629333  1.384431  0.20030253824457134
0.9629333  1.4441359999999999  0.20104134380309835
0.9629333  1.504507  0.2020833713612384
0.9024137  0.9024137  0.1891924
0.9024137  0.9629333  0.19099973014046348
0.9024137  1.023462  0.19313982212000572
0.9024137  1.083231  0.19439032159869196
0.9024137  1.1437490000000001  0.19681448482467753
0.9024137  1.20352  0.19730572777782363
0.9024137  1.264142  0.1980892012063498
0.9024137  1.323888  0.20060155188089784
0.9024137  1.384431  0.2001305521593148
0.9024137  1.4441359999999999  0.20157356043876998
0.9024137  1.504507  0.2014443139272289
0.8426201  0.8426201  0.18622239999999998
0.8426201  0.9024137  0.1883707917011282
0.8426201  0.9629333  0.19103893460343932
0.8426201  1.023462  0.1924622673515102
0.8426201  1.083231  0.1949327973312327
0.8426201  1.1437490000000001  0.19607741517742544
0.8426201  1.20352  0.1970134566560221
0.8426201  1.264142  0.19863175505053116
0.8426201  1.323888  0.19995754352416348
0.8426201  1.384431  0.20061990452625228
0.8426201  1.4441359999999999  0.20109980978185374
0.8426201  1.504507  0.2018046718968483
0.7821372  0.7821372  0.18213649999999998
0.7821372  0.8426201  0.1848338036399036
0.7821372  0.9024137  0.1871605395500706
0.7821372  0.9629333  0.1900691158931349
0.7821372  1.023462  0.19164013468905783
0.7821372  1.083231  0.19421578170012385
0.7821372  1.1437490000000001  0.19535346632819653
0.7821372  1.20352  0.19761149672237896
0.7821372  1.264142  0.1980970788096708
0.7821372  1.323888  0.19942851812142567
0.7821372  1.384431  0.19995178194587857
0.7821372  1.4441359999999999  0.2018186251896891
0.7821372  1.504507  0.20129682922739975
0.7223049  0.7223049  0.1772745
0.7223049  0.7821372  0.1802171690756705
0.7223049  0.8426201  0.18337257848690808
0.7223049  0.9024137  0.18706702163296451
0.7223049  0.9629333  0.1884997081829625
0.7223049  1.023462  0.19164906723287906
0.7223049  1.083231  0.19372241394554227
0.7223049  1.1437490000000001  0.19524710696325445
0.7223049  1.20352  0.19642290555109565
0.7223049  1.264142  0.19797831668488453
0.7223049  1.323888  0.19921834233983443
0.7223049  1.384431  0.20057027193332505
0.7223049  1.4441359999999999  0.20098576542861818
0.7223049  1.504507  0.20121475971746855
0.6617877999999999  0.6617877999999999  0.1715628
0.6617877999999999  0.7223049  0.17516063570569862
0.6617877999999999  0.7821372  0.1784816438599516
0.6617877999999999  0.8426201  0.18230202049842548
0.6617877999999999  0.9024137  0.18488734278629387
0.6617877999999999  0.9629333  0.1881138246073385
0.6617877999999999  1.023462  0.19062752101125768
0.6617877999999999  1.083231  0.19320615766727103
0.6617877999999999  1.1437490000000001  0.1940276572617449
0.6617877999999999  1.20352  0.19660853527956676
0.6617877999999999  1.264142  0.19766940266773916
0.6617877999999999  1.323888  0.19995116541279143
0.6617877999999999  1.384431  0.1995204793603404
0.6617877999999999  1.4441359999999999  0.2010571503113778
0.6617877999999999  1.504507  0.2008069790468952
0.6019167  0.6019167  0.1655808
0.6019167  0.6617877999999999  0.16885030134121717
0.6019167  0.7223049  0.17293657083291206
0.6019167  0.7821372  0.17606744183597764
0.6019167  0.8426201  0.1797095585953542
0.6019167  0.9024137  0.18371047923458275
0.6019167  0.9629333  0.187125027314179
0.6019167  1.023462  0.18963308942892065
0.6019167  1.083231  0.19255703470359498
0.6019167  1.1437490000000001  0.19422780089859892
0.6019167  1.20352  0.19732224097705192
0.6019167  1.264142  0.19780950799028937
0.6019167  1.323888  0.1988531246161117
0.6019167  1.384431  0.19950047101910418
0.6019167  1.4441359999999999  0.20059895581306714
0.6019167  1.504507  0.20177121006450793
0.541467  0.541467  0.15832110000000002
0.541467  0.6019167  0.16205630408978874
0.541467  0.6617877999999999  0.1659914128435873
0.541467  0.7223049  0.17053710369367234
0.541467  0.7821372  0.17361582460623465
0.541467  0.8426201  0.17810261832397675
0.541467  0.9024137  0.18152395596023835
0.541467  0.9629333  0.18502845241420096
0.541467  1.023462  0.18806631363386034
0.541467  1.083231  0.19144543209874992
0.541467  1.1437490000000001  0.19422508177982103
0.541467  1.20352  0.19623988594796685
0.541467  1.264142  0.19692942251870504
0.541467  1.323888  0.1986226199564307
0.541467  1.384431  0.1991049607729165
0.541467  1.4441359999999999  0.20150296655646663
0.541467  1.504507  0.20139135589940424
0.48096530000000004  0.48096530000000004  0.1500255
0.48096530000000004  0.541467  0.15400487399246604
0.48096530000000004  0.6019167  0.1585554223709584
0.48096530000000004  0.6617877999999999  0.1625170513758835
0.48096530000000004  0.7223049  0.16727161159779497
0.48096530000000004  0.7821372  0.1710908359095526
0.48096530000000004  0.8426201  0.17604507350809934
0.48096530000000004  0.9024137  0.1790006412801952
0.48096530000000004  0.9629333  0.18425731182912317
0.48096530000000004  1.023462  0.18673786749471566
0.48096530000000004  1.083231  0.19114119022398965
0.48096530000000004  1.1437490000000001  0.19281699399527433
0.48096530000000004  1.20352  0.1954149245801694
0.48096530000000004  1.264142  0.19721038754700101
0.48096530000000004  1.323888  0.19820722652875047
0.48096530000000004  1.384431  0.20041614243412967
0.48096530000000004  1.4441359999999999  0.20004039190878425
0.48096530000000004  1.504507  0.20119848335517407
0.4211397  0.4211397  0.14151149999999998
0.4211397  0.48096530000000004  0.14541369929329462
0.4211397  0.541467  0.14999734546019994
0.4211397  0.6019167  0.15507036286217066
0.4211397  0.6617877999999999  0.15894152992149801
0.4211397  0.7223049  0.1643014165121269
0.4211397  0.7821372  0.16835649321002033
0.4211397  0.8426201  0.17417593291292316
0.4211397  0.9024137  0.17737766719130496
0.4211397  0.9629333  0.18228376425767628
0.4211397  1.023462  0.18549503070780496
0.4211397  1.083231  0.1897811270656932
0.4211397  1.1437490000000001  0.193002273686269
0.4211397  1.20352  0.19525463912143748
0.4211397  1.264142  0.19733704109188943
0.4211397  1.323888  0.19765392628231637
0.4211397  1.384431  0.19987891400549643
0.4211397  1.4441359999999999  0.1998140018754252
0.4211397  1.504507  0.20145530909727383
0.3606818  0.3606818  0.13229349999999998
0.3606818  0.4211397  0.1361537719256754
0.3606818  0.48096530000000004  0.14120914598048506
0.3606818  0.541467  0.14600305556486173
0.3606818  0.6019167  0.15046269735623286
0.3606818  0.6617877999999999  0.15604251814451514
0.3606818  0.7223049  0.16103018071395944
0.3606818  0.7821372  0.1667789604853646
0.3606818  0.8426201  0.170263233092863
0.3606818  0.9024137  0.17628870591352555
0.3606818  0.9629333  0.17962949854848617
0.3606818  1.023462  0.1850926667277252
0.3606818  1.083231  0.1885879127253316
0.3606818  1.1437490000000001  0.19233713761403795
0.3606818  1.20352  0.19458260149829215
0.3606818  1.264142  0.1956697882461298
0.3606818  1.323888  0.1985629976515393
0.3606818  1.384431  0.19889989642333564
0.3606818  1.4441359999999999  0.2012917425911943
0.3606818  1.504507  0.20065516670273414
0.3009207  0.3009207  0.1224586
0.3009207  0.3606818  0.12635082241406098
0.3009207  0.4211397  0.13158349274878708
0.3009207  0.48096530000000004  0.13616511182284388
0.3009207  0.541467  0.142520938996019
0.3009207  0.6019167  0.1465911018917771
0.3009207  0.6617877999999999  0.15240813177259918
0.3009207  0.7223049  0.15709057504056645
0.3009207  0.7821372  0.16387894569769682
0.3009207  0.8426201  0.16818595711603582
0.3009207  0.9024137  0.17433228518119248
0.3009207  0.9629333  0.17848723609108083
0.3009207  1.023462  0.1835313247363834
0.3009207  1.083231  0.18772889619878855
0.3009207  1.1437490000000001  0.19048237796962525
0.3009207  1.20352  0.19436084708163087
0.3009207  1.264142  0.19532022772251537
0.3009207  1.323888  0.1986961500984214
0.3009207  1.384431  0.19814460904294118
0.3009207  1.4441359999999999  0.200292903517206
0.3009207  1.504507  0.20032189443713372
0.240404  0.240404  0.11125929999999999
0.240404  0.3009207  0.1158516729896321
0.240404  0.3606818  0.12130198419917484
0.240404  0.4211397  0.1267884474222645
0.240404  0.48096530000000004  0.13260845297610205
0.240404  0.541467  0.13740991644333753
0.240404  0.6019167  0.14295085229663998
0.240404  0.6617877999999999  0.1487104640016826
0.240404  0.7223049  0.15527294221573032
0.240404  0.7821372  0.15989370216990473
0.240404  0.8426201  0.16665491687699785
0.240404  0.9024137  0.17089961297281317
0.240404  0.9629333  0.17745731455844505
0.240404  1.023462  0.18106227051459825
0.240404  1.083231  0.1865113021550477
0.240404  1.1437490000000001  0.190017815427458
0.240404  1.20352  0.19313140062982778
0.240404  1.264142  0.1961167028754387
0.240404  1.323888  0.19638965943825462
0.240404  1.384431  0.19966929427426405
0.240404  1.4441359999999999  0.1994034810848117
0.240404  1.504507  0.20064403040906884
0.18065710000000001  0.18065710000000001  0.10000759999999999
0.18065710000000001  0.240404  0.10520993211829312
0.18065710000000001  0.3009207  0.11069512173288937
0.18065710000000001  0.3606818  0.11643507537220148
0.18065710000000001  0.4211397  0.12252796575835075
0.18065710000000001  0.48096530000000004  0.12736437898843447
0.18065710000000001  0.541467  0.1337608151821041
0.18065710000000001  0.6019167  0.13890841243851285
0.18065710000000001  0.6617877999999999  0.14592490280820933
0.18065710000000001  0.7223049  0.1511030690865168
0.18065710000000001  0.7821372  0.1578905334337935
0.18065710000000001  0.8426201  0.16306280318800417
0.18065710000000001  0.9024137  0.17021859362634995
0.18065710000000001  0.9629333  0.17513333398343545
0.18065710000000001  1.023462  0.18038788825689203
0.18065710000000001  1.083231  0.18616573359466812
0.18065710000000001  1.1437490000000001  0.18875730765622178
0.18065710000000001  1.20352  0.19350618974444386
0.18065710000000001  1.264142  0.19440685561321952
0.18065710000000001  1.323888  0.19729178257321137
0.18065710000000001  1.384431  0.19890442911701606
0.18065710000000001  1.4441359999999999  0.1995318776102543
0.18065710000000001  1.504507  0.20067177112782147
0.1201394  0.1201394  0.08777941
0.1201394  0.18065710000000001  0.09332757904104663
0.1201394  0.240404  0.09923348233524905
0.1201394  0.3009207  0.10594873512453593
0.1201394  0.3606818  0.11123503181950645
0.1201394  0.4211397  0.1179681467016924
0.1201394  0.48096530000000004  0.12302592265281051
0.1201394  0.541467  0.12999365886886335
0.1201394  0.6019167  0.13513615065969187
0.1201394  0.6617877999999999  0.14216400858583828
0.1201394  0.7223049  0.1479587707576134
0.1201394  0.7821372  0.15480211048884607
0.1201394  0.8426201  0.1617270979324661
0.1201394  0.9024137  0.16716789907049823
0.1201394  0.9629333  0.17495620230572978
0.1201394  1.023462  0.1787413184010052
0.1201394  1.083231  0.18485138271395707
0.1201394  1.1437490000000001  0.18808732831270794
0.1201394  1.20352  0.19158065536548066
0.1201394  1.264142  0.1952563201110869
0.1201394  1.323888  0.19619483595543624
0.1201394  1.384431  0.1992781952209793
0.1201394  1.4441359999999999  0.19907184477335524
0.1201394  1.504507  0.20044048512627902
0.0604143  0.0604143  0.07457435
0.0604143  0.1201394  0.08093511270341061
0.0604143  0.18065710000000001  0.08730793378910516
0.0604143  0.240404  0.09429931532970222
0.0604143  0.3009207  0.09953761926397375
0.0604143  0.3606818  0.10679196832434654
0.0604143  0.4211397  0.11277903044610822
0.0604143  0.48096530000000004  0.11882838320573502
0.0604143  0.541467  0.12642800274745994
0.0604143  0.6019167  0.13182088449674018
0.0604143  0.6617877999999999  0.1397859591580891
0.0604143  0.7223049  0.14479167030744144
0.0604143  0.7821372  0.1525272303869406
0.0604143  0.8426201  0.15932762005727485
0.0604143  0.9024137  0.16572216355862637
0.0604143  0.9629333  0.17319501654969924
0.0604143  1.023462  0.17752989532709584
0.0604143  1.083231  0.183937258343589
0.0604143  1.1437490000000001  0.18831998930541569
0.0604143  1.20352  0.1909552518996356
0.0604143  1.264142  0.19480592477143382
0.0604143  1.323888  0.19596259671123423
0.0604143  1.384431  0.19920233076567742
0.0604143  1.4441359999999999  0.19894075725852922
0.0604143  1.504507  0.20058958319756567
-4.703754e-5  -4.703754e-5  0.05958459
-4.703754e-5  0.0604143  0.06709523056022625
-4.703754e-5  0.1201394  0.07483933017587034
-4.703754e-5  0.18065710000000001  0.0812491590539406
-4.703754e-5  0.240404  0.08835367701037576
-4.703754e-5  0.3009207  0.09544137518286609
-4.703754e-5  0.3606818  0.10228111093977685
-4.703754e-5  0.4211397  0.10911918820911892
-4.703754e-5  0.48096530000000004  0.11433311561805777
-4.703754e-5  0.541467  0.12233796932814353
-4.703754e-5  0.6019167  0.128245332390848
-4.703754e-5  0.6617877999999999  0.13638488052327707
-4.703754e-5  0.7223049  0.14300077166604044
-4.703754e-5  0.7821372  0.1496379164121287
-4.703754e-5  0.8426201  0.15814581656822035
-4.703754e-5  0.9024137  0.16301715735525663
-4.703754e-5  0.9629333  0.17113155231378843
-4.703754e-5  1.023462  0.17624780222448536
-4.703754e-5  1.083231  0.18261973812307122
-4.703754e-5  1.1437490000000001  0.18842501654838703
-4.703754e-5  1.20352  0.19038853649098142
-4.703754e-5  1.264142  0.19550879314355946
-4.703754e-5  1.323888  0.1966544498033465
-4.703754e-5  1.384431  0.19775529103926429
-4.703754e-5  1.4441359999999999  0.19984242606920388
-4.703754e-5  1.504507  0.19915762721154082
-0.060572650000000006  -0.060572650000000006  0.03745357
-0.060572650000000006  -4.703754e-5  0.04691181429292367
-0.060572650000000006  0.0604143  0.060201860764817226
-0.060572650000000006  0.1201394  0.0688359995235059
-0.060572650000000006  0.18065710000000001  0.07651085100545049
-0.060572650000000006  0.240404  0.0832487625928539
-0.060572650000000006  0.3009207  0.09174997443874813
-0.060572650000000006  0.3606818  0.0968044617663726
-0.060572650000000006  0.4211397  0.1044034084720832
-0.060572650000000006  0.48096530000000004  0.11152787160246845
-0.060572650000000006  0.541467  0.11838626944181371
-0.060572650000000006  0.6019167  0.12614934136050884
-0.060572650000000006  0.6617877999999999  0.13245397999068326
-0.060572650000000006  0.7223049  0.14072780313412708
-0.060572650000000006  0.7821372  0.14754177517077777
-0.060572650000000006  0.8426201  0.15431339640355463
-0.060572650000000006  0.9024137  0.1625085478564132
-0.060572650000000006  0.9629333  0.16808099142899302
-0.060572650000000006  1.023462  0.17565222720687912
-0.060572650000000006  1.083231  0.18119325889312685
-0.060572650000000006  1.1437490000000001  0.18580075155585782
-0.060572650000000006  1.20352  0.19158092371791297
-0.060572650000000006  1.264142  0.19271055216079036
-0.060572650000000006  1.323888  0.19643529170634877
-0.060572650000000006  1.384431  0.19766639601128888
-0.060572650000000006  1.4441359999999999  0.19831432884727934
-0.060572650000000006  1.504507  0.20012191627493534
-0.1203049  -0.1203049  0.02206068
-0.1203049  -0.060572650000000006  0.027995666183051653
-0.1203049  -4.703754e-5  0.03910479317064053
-0.1203049  0.0604143  0.0533095213644401
-0.1203049  0.1201394  0.06332245102885517
-0.1203049  0.18065710000000001  0.07036335349235606
-0.1203049  0.240404  0.07889849809674947
-0.1203049  0.3009207  0.0849840133985495
-0.1203049  0.3606818  0.09277739683700029
-0.1203049  0.4211397  0.10074862005370949
-0.1203049  0.48096530000000004  0.10686022555718527
-0.1203049  0.541467  0.1155679914767884
-0.1203049  0.6019167  0.12259733630118047
-0.1203049  0.6617877999999999  0.12987925634577202
-0.1203049  0.7223049  0.1380376929761156
-0.1203049  0.7821372  0.14477443823082728
-0.1203049  0.8426201  0.1537881348931878
-0.1203049  0.9024137  0.15999351918448543
-0.1203049  0.9629333  0.16759578305971612
-0.1203049  1.023462  0.17533391160930134
-0.1203049  1.083231  0.17982624235718103
-0.1203049  1.1437490000000001  0.18552887351426486
-0.1203049  1.20352  0.19115594935259464
-0.1203049  1.264142  0.1926151414645366
-0.1203049  1.323888  0.19686957090261686
-0.1203049  1.384431  0.19740868101452458
-0.1203049  1.4441359999999999  0.19822122913694348
-0.1203049  1.504507  0.20047920967603255
-0.18081039999999998  -0.18081039999999998  0.007120789000000001
-0.18081039999999998  -0.1203049  0.012409507431596502
-0.18081039999999998  -0.060572650000000006  0.019919602461771286
-0.18081039999999998  -4.703754e-5  0.03144794727196653
-0.18081039999999998  0.0604143  0.04617185476714454
-0.18081039999999998  0.1201394  0.05766323957015499
-0.18081039999999998  0.18065710000000001  0.06484258893142529
-0.18081039999999998  0.240404  0.07389977230268362
-0.18081039999999998  0.3009207  0.08229518761990526
-0.18081039999999998  0.3606818  0.0882923287411926
-0.18081039999999998  0.4211397  0.09746376809678364
-0.18081039999999998  0.48096530000000004  0.10432230835712264
-0.18081039999999998  0.541467  0.11107801893907544
-0.18081039999999998  0.6019167  0.12026924525342764
-0.18081039999999998  0.6617877999999999  0.1266410287787528
-0.18081039999999998  0.7223049  0.13518618768247342
-0.18081039999999998  0.7821372  0.14358061784566678
-0.18081039999999998  0.8426201  0.15029636529032775
-0.18081039999999998  0.9024137  0.16042729840867134
-0.18081039999999998  0.9629333  0.1659513840793643
-0.18081039999999998  1.023462  0.17296221042714174
-0.18081039999999998  1.083231  0.18108551526747416
-0.18081039999999998  1.1437490000000001  0.183718367938994
-0.18081039999999998  1.20352  0.18928541527502227
-0.18081039999999998  1.264142  0.19335017252156764
-0.18081039999999998  1.323888  0.19449717100083247
-0.18081039999999998  1.384431  0.19782749386116005
-0.18081039999999998  1.4441359999999999  0.19896793324505946
-0.18081039999999998  1.504507  0.19912276774819704
-0.2405165  -0.2405165  -0.007140424
-0.2405165  -0.18081039999999998  -0.0018829711731366055
-0.2405165  -0.1203049  0.00437052831991805
-0.2405165  -0.060572650000000006  0.01158144770661734
-0.2405165  -4.703754e-5  0.022983023154272503
-0.2405165  0.0604143  0.03825110710696411
-0.2405165  0.1201394  0.05078021824195302
-0.2405165  0.18065710000000001  0.060087839005717486
-0.2405165  0.240404  0.06864550757142843
-0.2405165  0.3009207  0.07808794901015238
-0.2405165  0.3606818  0.08431646835478683
-0.2405165  0.4211397  0.0932985403869973
-0.2405165  0.48096530000000004  0.10176921229376998
-0.2405165  0.541467  0.10816672576082953
-0.2405165  0.6019167  0.11760490262307835
-0.2405165  0.6617877999999999  0.1252144758082497
-0.2405165  0.7223049  0.13263573187065847
-0.2405165  0.7821372  0.14260961781957446
-0.2405165  0.8426201  0.14935479973469054
-0.2405165  0.9024137  0.15713627948717424
-0.2405165  0.9629333  0.1653949428243561
-0.2405165  1.023462  0.17086161722461746
-0.2405165  1.083231  0.17964899220483188
-0.2405165  1.1437490000000001  0.1844447381092945
-0.2405165  1.20352  0.18765984225526036
-0.2405165  1.264142  0.19317538881394772
-0.2405165  1.323888  0.19524157654642113
-0.2405165  1.384431  0.1965279279627537
-0.2405165  1.4441359999999999  0.19993176204810253
-0.2405165  1.504507  0.200110581332824
-0.30096910000000004  -0.30096910000000004  -0.01998202
-0.30096910000000004  -0.2405165  -0.01498985187865785
-0.30096910000000004  -0.18081039999999998  -0.009108517225569117
-0.30096910000000004  -0.1203049  -0.002407827597114542
-0.30096910000000004  -0.060572650000000006  0.005606190523101607
-0.30096910000000004  -4.703754e-5  0.017200663715626476
-0.30096910000000004  0.0604143  0.03270256447059179
-0.30096910000000004  0.1201394  0.04533000414520555
-0.30096910000000004  0.18065710000000001  0.05415413647134464
-0.30096910000000004  0.240404  0.06456399170064547
-0.30096910000000004  0.3009207  0.07381714865616423
-0.30096910000000004  0.3606818  0.08064446352631298
-0.30096910000000004  0.4211397  0.08930602238846737
-0.30096910000000004  0.48096530000000004  0.09783398040610597
-0.30096910000000004  0.541467  0.10512510025706169
-0.30096910000000004  0.6019167  0.11484072561488881
-0.30096910000000004  0.6617877999999999  0.12240270072760313
-0.30096910000000004  0.7223049  0.13042587763625782
-0.30096910000000004  0.7821372  0.14056733343308433
-0.30096910000000004  0.8426201  0.1473536826345369
-0.30096910000000004  0.9024137  0.15609939631925254
-0.30096910000000004  0.9629333  0.16424903210978237
-0.30096910000000004  1.023462  0.17038574535546944
-0.30096910000000004  1.083231  0.17820768550181326
-0.30096910000000004  1.1437490000000001  0.18324012386356198
-0.30096910000000004  1.20352  0.18721817780640487
-0.30096910000000004  1.264142  0.19284472759300225
-0.30096910000000004  1.323888  0.1949304221082842
-0.30096910000000004  1.384431  0.1964651000436432
-0.30096910000000004  1.4441359999999999  0.1994709391726987
-0.30096910000000004  1.504507  0.199710526556031
-0.3607777  -0.3607777  -0.03191222
-0.3607777  -0.30096910000000004  -0.027504893052877896
-0.3607777  -0.2405165  -0.021871448273723997
-0.3607777  -0.18081039999999998  -0.0158163770418598
-0.3607777  -0.1203049  -0.008068346460173709
-0.3607777  -0.060572650000000006  -0.00024437713487115737
-0.3607777  -4.703754e-5  0.011289084627348582
-0.3607777  0.0604143  0.02901384492754366
-0.3607777  0.1201394  0.039128416442821605
-0.3607777  0.18065710000000001  0.0500455559139394
-0.3607777  0.240404  0.060780299900340805
-0.3607777  0.3009207  0.06811477592412048
-0.3607777  0.3606818  0.07749472041392223
-0.3607777  0.4211397  0.08685312164688935
-0.3607777  0.48096530000000004  0.09353073242149726
-0.3607777  0.541467  0.10337766501741354
-0.3607777  0.6019167  0.1120929596453049
-0.3607777  0.6617877999999999  0.11901041928719538
-0.3607777  0.7223049  0.12933600394290803
-0.3607777  0.7821372  0.13748093595882416
-0.3607777  0.8426201  0.14581964584488674
-0.3607777  0.9024137  0.15592984986070413
-0.3607777  0.9629333  0.16244888370831317
-0.3607777  1.023462  0.1692840814968198
-0.3607777  1.083231  0.17747135468877476
-0.3607777  1.1437490000000001  0.18327035208701262
-0.3607777  1.20352  0.18699607843164695
-0.3607777  1.264142  0.19277270204710326
-0.3607777  1.323888  0.19341972967227036
-0.3607777  1.384431  0.1961719584388958
-0.3607777  1.4441359999999999  0.19917763015631884
-0.3607777  1.504507  0.198862278314251
-0.4211755  -0.4211755  -0.043414890000000005
-0.4211755  -0.3607777  -0.039538464303472375
-0.4211755  -0.30096910000000004  -0.03430930589992612
-0.4211755  -0.2405165  -0.028766459180733284
-0.4211755  -0.18081039999999998  -0.02201217661590235
-0.4211755  -0.1203049  -0.013701752760093907
-0.4211755  -0.060572650000000006  -0.006599154979807993
-0.4211755  -4.703754e-5  0.005913931369609102
-0.4211755  0.0604143  0.02255319131413042
-0.4211755  0.1201394  0.034003391845267426
-0.4211755  0.18065710000000001  0.04669713583429879
-0.4211755  0.240404  0.055849886294358504
-0.4211755  0.3009207  0.06468866073280417
-0.4211755  0.3606818  0.07516102554080396
-0.4211755  0.4211397  0.0827842873694022
-0.4211755  0.48096530000000004  0.09029735370996284
-0.4211755  0.541467  0.10099272420904958
-0.4211755  0.6019167  0.10910608242430173
-0.4211755  0.6617877999999999  0.11734515660332157
-0.4211755  0.7223049  0.12808298312081884
-0.4211755  0.7821372  0.13515014625122246
-0.4211755  0.8426201  0.14531192590016634
-0.4211755  0.9024137  0.15413910432537362
-0.4211755  0.9629333  0.16084548141751295
-0.4211755  1.023462  0.16997127219294714
-0.4211755  1.083231  0.17663797969056358
-0.4211755  1.1437490000000001  0.18133937294890484
-0.4211755  1.20352  0.1878746487067218
-0.4211755  1.264142  0.1915845348124821
-0.4211755  1.323888  0.1933800034621328
-0.4211755  1.384431  0.19692167918850176
-0.4211755  1.4441359999999999  0.1986943481405538
-0.4211755  1.504507  0.1983278914261395
-0.4810313  -0.4810313  -0.05504244999999999
-0.4810313  -0.4211755  -0.051159225338188216
-0.4810313  -0.3607777  -0.046475098745129347
-0.4810313  -0.30096910000000004  -0.0415513813098045
-0.4810313  -0.2405165  -0.034153693023515314
-0.4810313  -0.18081039999999998  -0.028528515414543213
-0.4810313  -0.1203049  -0.019945644514716334
-0.4810313  -0.060572650000000006  -0.01085999283323599
-0.4810313  -4.703754e-5  -0.0003583128612287222
-0.4810313  0.0604143  0.01766507342592698
-0.4810313  0.1201394  0.029873262604533025
-0.4810313  0.18065710000000001  0.0404189115904722
-0.4810313  0.240404  0.05238992733221139
-0.4810313  0.3009207  0.062036625976095536
-0.4810313  0.3606818  0.06966746201024304
-0.4810313  0.4211397  0.07997101215811013
-0.4810313  0.48096530000000004  0.08917183013829903
-0.4810313  0.541467  0.09752337316509806
-0.4810313  0.6019167  0.10733581663469371
-0.4810313  0.6617877999999999  0.1163369330884908
-0.4810313  0.7223049  0.12459210231413509
-0.4810313  0.7821372  0.136104203847595
-0.4810313  0.8426201  0.14358418136320608
-0.4810313  0.9024137  0.1504880845309008
-0.4810313  0.9629333  0.1610624019540751
-0.4810313  1.023462  0.16796316140228293
-0.4810313  1.083231  0.17389961552105473
-0.4810313  1.1437490000000001  0.182276253498641
-0.4810313  1.20352  0.18629010584784733
-0.4810313  1.264142  0.18945759518076438
-0.4810313  1.323888  0.1949398883359263
-0.4810313  1.384431  0.19568759438970834
-0.4810313  1.4441359999999999  0.19693890256756094
-0.4810313  1.504507  0.1997214611676758
-0.54142  -0.54142  -0.06634156000000001
-0.54142  -0.4810313  -0.06280872555968056
-0.54142  -0.4211755  -0.05864359573805935
-0.54142  -0.3607777  -0.053159120261266825
-0.54142  -0.30096910000000004  -0.047251890719960804
-0.54142  -0.2405165  -0.04171851261617705
-0.54142  -0.18081039999999998  -0.03392633408595988
-0.54142  -0.1203049  -0.02691427055564703
-0.54142  -0.060572650000000006  -0.017755831690884294
-0.54142  -4.703754e-5  -0.003338921416532155
-0.54142  0.0604143  0.011755934453494819
-0.54142  0.1201394  0.024877159193092163
-0.54142  0.18065710000000001  0.03771313756420874
-0.54142  0.240404  0.0473586661246268
-0.54142  0.3009207  0.05745723332443686
-0.54142  0.3606818  0.06820554282037075
-0.54142  0.4211397  0.07600727099636041
-0.54142  0.48096530000000004  0.08538592650398097
-0.54142  0.541467  0.095945519649177
-0.54142  0.6019167  0.10486552212423651
-0.54142  0.6617877999999999  0.11388607968884375
-0.54142  0.7223049  0.12418736622102643
-0.54142  0.7821372  0.13175397900336464
-0.54142  0.8426201  0.14159135099713147
-0.54142  0.9024137  0.1514293475591465
-0.54142  0.9629333  0.15761911097975492
-0.54142  1.023462  0.16701806686653148
-0.54142  1.083231  0.1748489404840506
-0.54142  1.1437490000000001  0.17906047699465802
-0.54142  1.20352  0.1859012120980956
-0.54142  1.264142  0.19110545234392948
-0.54142  1.323888  0.1930674059643984
-0.54142  1.384431  0.19503837245342995
-0.54142  1.4441359999999999  0.19857625105643542
-0.54142  1.504507  0.19886561569413558
-0.6018928  -0.6018928  -0.07738224
-0.6018928  -0.54142  -0.07440682909883709
-0.6018928  -0.4810313  -0.07041560716484097
-0.6018928  -0.4211755  -0.06476093527523077
-0.6018928  -0.3607777  -0.059941394419579914
-0.6018928  -0.30096910000000004  -0.0542741013355486
-0.6018928  -0.2405165  -0.04720113946632588
-0.6018928  -0.18081039999999998  -0.041068362455936425
-0.6018928  -0.1203049  -0.03135147131643409
-0.6018928  -0.060572650000000006  -0.022286701304524408
-0.6018928  -4.703754e-5  -0.010325757862957247
-0.6018928  0.0604143  0.008983685757868173
-0.6018928  0.1201394  0.021309079815821728
-0.6018928  0.18065710000000001  0.031786414795333645
-0.6018928  0.240404  0.04459397311854764
-0.6018928  0.3009207  0.055328962052555455
-0.6018928  0.3606818  0.06349277539281095
-0.6018928  0.4211397  0.07321886736724953
-0.6018928  0.48096530000000004  0.08410870789804056
-0.6018928  0.541467  0.0922433517200764
-0.6018928  0.6019167  0.10269083130757131
-0.6018928  0.6617877999999999  0.11271579316515239
-0.6018928  0.7223049  0.12035183347090611
-0.6018928  0.7821372  0.13074601728861
-0.6018928  0.8426201  0.1407835639071218
-0.6018928  0.9024137  0.14753267668935952
-0.6018928  0.9629333  0.15701923226175546
-0.6018928  1.023462  0.16671155238216026
-0.6018928  1.083231  0.1726998688167111
-0.6018928  1.1437490000000001  0.17926074442555187
-0.6018928  1.20352  0.18619116738466024
-0.6018928  1.264142  0.1891526872155946
-0.6018928  1.323888  0.19248199460696097
-0.6018928  1.384431  0.19714519843861336
-0.6018928  1.4441359999999999  0.19744126841423773
-0.6018928  1.504507  0.198007275265123
-0.6617613999999999  -0.6617613999999999  -0.088408
-0.6617613999999999  -0.6018928  -0.08577734176337397
-0.6617613999999999  -0.54142  -0.08196357937597551
-0.6617613999999999  -0.4810313  -0.07691254628856052
-0.6617613999999999  -0.4211755  -0.07264599869695547
-0.6617613999999999  -0.3607777  -0.06636203528612765
-0.6617613999999999  -0.30096910000000004  -0.06068771708536497
-0.6617613999999999  -0.2405165  -0.05452539848385032
-0.6617613999999999  -0.18081039999999998  -0.045444370130629026
-0.6617613999999999  -0.1203049  -0.03741073823130327
-0.6617613999999999  -0.060572650000000006  -0.028399935119382953
-0.6617613999999999  -4.703754e-5  -0.013612694507303113
-0.6617613999999999  0.0604143  0.003409166735602977
-0.6617613999999999  0.1201394  0.016019281665227682
-0.6617613999999999  0.18065710000000001  0.029928872821188796
-0.6617613999999999  0.240404  0.04141501593693036
-0.6617613999999999  0.3009207  0.04994516377365911
-0.6617613999999999  0.3606818  0.06170467604374255
-0.6617613999999999  0.4211397  0.07159267642247258
-0.6617613999999999  0.48096530000000004  0.07995325127616351
-0.6617613999999999  0.541467  0.09116002704642905
-0.6617613999999999  0.6019167  0.10052348587707559
-0.6617613999999999  0.6617877999999999  0.10854950881505797
-0.6617613999999999  0.7223049  0.12023639558814624
-0.6617613999999999  0.7821372  0.12952569314515994
-0.6617613999999999  0.8426201  0.13750406722604006
-0.6617613999999999  0.9024137  0.14778520174937843
-0.6617613999999999  0.9629333  0.1573445759593358
-0.6617613999999999  1.023462  0.16371494429067668
-0.6617613999999999  1.083231  0.17287050946397634
-0.6617613999999999  1.1437490000000001  0.18029506067492812
-0.6617613999999999  1.20352  0.18392609583103117
-0.6617613999999999  1.264142  0.18949685088068627
-0.6617613999999999  1.323888  0.19351422869405746
-0.6617613999999999  1.384431  0.19441279381897425
-0.6617613999999999  1.4441359999999999  0.1967224617258723
-0.6617613999999999  1.504507  0.1997234710454869
-0.7222599000000001  -0.7222599000000001  -0.09955568
-0.7222599000000001  -0.6617613999999999  -0.09748314363108039
-0.7222599000000001  -0.6018928  -0.09329797778493842
-0.7222599000000001  -0.54142  -0.08909579150767945
-0.7222599000000001  -0.4810313  -0.08432390867695386
-0.7222599000000001  -0.4211755  -0.07964604331273044
-0.7222599000000001  -0.3607777  -0.07300699398310356
-0.7222599000000001  -0.30096910000000004  -0.06740802610969424
-0.7222599000000001  -0.2405165  -0.06013832502334991
-0.7222599000000001  -0.18081039999999998  -0.05109400861758565
-0.7222599000000001  -0.1203049  -0.04364219867222785
-0.7222599000000001  -0.060572650000000006  -0.03316782652826348
-0.7222599000000001  -4.703754e-5  -0.01836878701829928
-0.7222599000000001  0.0604143  -0.0018242420237167352
-0.7222599000000001  0.1201394  0.012097680403352884
-0.7222599000000001  0.18065710000000001  0.026332143214784363
-0.7222599000000001  0.240404  0.03702442142226193
-0.7222599000000001  0.3009207  0.046630766639079425
-0.7222599000000001  0.3606818  0.05886420340952582
-0.7222599000000001  0.4211397  0.06857564446915553
-0.7222599000000001  0.48096530000000004  0.07702353562661984
-0.7222599000000001  0.541467  0.08872716720606219
-0.7222599000000001  0.6019167  0.09888024037589349
-0.7222599000000001  0.6617877999999999  0.10662578400866947
-0.7222599000000001  0.7223049  0.1182647864617969
-0.7222599000000001  0.7821372  0.1278386934097541
-0.7222599000000001  0.8426201  0.1362726144937051
-0.7222599000000001  0.9024137  0.1471367766535264
-0.7222599000000001  0.9629333  0.15596235707137437
-0.7222599000000001  1.023462  0.163007473946353
-0.7222599000000001  1.083231  0.17259041986359247
-0.7222599000000001  1.1437490000000001  0.17964326277411066
-0.7222599000000001  1.20352  0.18261043169269298
-0.7222599000000001  1.264142  0.18845933336784568
-0.7222599000000001  1.323888  0.19297779517389432
-0.7222599000000001  1.384431  0.19443326237740896
-0.7222599000000001  1.4441359999999999  0.19690751625440187
-0.7222599000000001  1.504507  0.19849645914323324
-0.7820459  -0.7820459  -0.1107691
-0.7820459  -0.7222599000000001  -0.10861289614416524
-0.7820459  -0.6617613999999999  -0.10476600319210692
-0.7820459  -0.6018928  -0.10057041708698419
-0.7820459  -0.54142  -0.09755464032014523
-0.7820459  -0.4810313  -0.0910760226007956
-0.7820459  -0.4211755  -0.08616354314078177
-0.7820459  -0.3607777  -0.08066674360657163
-0.7820459  -0.30096910000000004  -0.07270783637849591
-0.7820459  -0.2405165  -0.06622088342778794
-0.7820459  -0.18081039999999998  -0.05831032277015913
-0.7820459  -0.1203049  -0.04719224125965119
-0.7820459  -0.060572650000000006  -0.03736974712059559
-0.7820459  -4.703754e-5  -0.024427748558133386
-0.7820459  0.0604143  -0.004665033959372989
-0.7820459  0.1201394  0.009202342764711836
-0.7820459  0.18065710000000001  0.02045865798152561
-0.7820459  0.240404  0.03357244664852743
-0.7820459  0.3009207  0.04656664762760719
-0.7820459  0.3606818  0.05486946848106337
-0.7820459  0.4211397  0.06493875519903684
-0.7820459  0.48096530000000004  0.07733159406889578
-0.7820459  0.541467  0.08584074692487723
-0.7820459  0.6019167  0.09575098845880145
-0.7820459  0.6617877999999999  0.1072501425601376
-0.7820459  0.7223049  0.11549398852154615
-0.7820459  0.7821372  0.1252313995945437
-0.7820459  0.8426201  0.1369574951913196
-0.7820459  0.9024137  0.144799155378817
-0.7820459  0.9629333  0.15295699632965504
-0.7820459  1.023462  0.16328371034194916
-0.7820459  1.083231  0.1710385924755109
-0.7820459  1.1437490000000001  0.17544755585463687
-0.7820459  1.20352  0.18301527703632609
-0.7820459  1.264142  0.18941695924014465
-0.7820459  1.323888  0.19101336125503643
-0.7820459  1.384431  0.19413532614358678
-0.7820459  1.4441359999999999  0.19831989774561362
-0.7820459  1.504507  0.1975584241136214
-0.8425082  -0.8425082  -0.1210384
-0.8425082  -0.7820459  -0.11932058820550187
-0.8425082  -0.7222599000000001  -0.11612411037426631
-0.8425082  -0.6617613999999999  -0.11236112726025042
-0.8425082  -0.6018928  -0.10757598064755686
-0.8425082  -0.54142  -0.1036959763050591
-0.8425082  -0.4810313  -0.09829427869667215
-0.8425082  -0.4211755  -0.09253247736718026
-0.8425082  -0.3607777  -0.08710760505319336
-0.8425082  -0.30096910000000004  -0.07897989657596473
-0.8425082  -0.2405165  -0.07099663675389363
-0.8425082  -0.18081039999999998  -0.06359249607636497
-0.8425082  -0.1203049  -0.052945474911839006
-0.8425082  -0.060572650000000006  -0.04213643813646283
-0.8425082  -4.703754e-5  -0.029209059330891473
-0.8425082  0.0604143  -0.009551838257522777
-0.8425082  0.1201394  0.0062319140881421315
-0.8425082  0.18065710000000001  0.017025753061342495
-0.8425082  0.240404  0.029696903411027122
-0.8425082  0.3009207  0.043179848308432786
-0.8425082  0.3606818  0.05261346849422524
-0.8425082  0.4211397  0.061849584753559166
-0.8425082  0.48096530000000004  0.07375607124332036
-0.8425082  0.541467  0.08441668489322962
-0.8425082  0.6019167  0.09266855300062969
-0.8425082  0.6617877999999999  0.10436505924920539
-0.8425082  0.7223049  0.1155308531842741
-0.8425082  0.7821372  0.1237041911352003
-0.8425082  0.8426201  0.13437316332443322
-0.8425082  0.9024137  0.14543605411128088
-0.8425082  0.9629333  0.15242600284648178
-0.8425082  1.023462  0.16188477116511266
-0.8425082  1.083231  0.17144586294835562
-0.8425082  1.1437490000000001  0.17621345961279175
-0.8425082  1.20352  0.18181356167527782
-0.8425082  1.264142  0.18888078101531616
-0.8425082  1.323888  0.19206521740750104
-0.8425082  1.384431  0.1935589186092931
-0.8425082  1.4441359999999999  0.19690300060765575
-0.8425082  1.504507  0.1995137190721714
-0.9022633  -0.9022633  -0.1317844
-0.9022633  -0.8425082  -0.1301433026537708
-0.9022633  -0.7820459  -0.12698372600819427
-0.9022633  -0.7222599000000001  -0.12350182391755393
-0.9022633  -0.6617613999999999  -0.12030908188193794
-0.9022633  -0.6018928  -0.11551210372518715
-0.9022633  -0.54142  -0.11055104061815993
-0.9022633  -0.4810313  -0.10620839995842389
-0.9022633  -0.4211755  -0.09894862054208345
-0.9022633  -0.3607777  -0.09247893975666192
-0.9022633  -0.30096910000000004  -0.08628385771456032
-0.9022633  -0.2405165  -0.0766635599716873
-0.9022633  -0.18081039999999998  -0.06780916051466718
-0.9022633  -0.1203049  -0.058817873142163836
-0.9022633  -0.060572650000000006  -0.04675223272447244
-0.9022633  -4.703754e-5  -0.0318937308325747
-0.9022633  0.0604143  -0.014419940425619482
-0.9022633  0.1201394  0.0009510552009664648
-0.9022633  0.18065710000000001  0.015586074273440201
-0.9022633  0.240404  0.027648849480773747
-0.9022633  0.3009207  0.037827049575360615
-0.9022633  0.3606818  0.04999198005946297
-0.9022633  0.4211397  0.0613051771852653
-0.9022633  0.48096530000000004  0.07049388314546667
-0.9022633  0.541467  0.08113975429731764
-0.9022633  0.6019167  0.09386459279522107
-0.9022633  0.6617877999999999  0.101775058708488
-0.9022633  0.7223049  0.11241962665503462
-0.9022633  0.7821372  0.12467977800319502
-0.9022633  0.8426201  0.13325262207174246
-0.9022633  0.9024137  0.14221196934797278
-0.9022633  0.9629333  0.153908962370674
-0.9022633  1.023462  0.161153859801216
-0.9022633  1.083231  0.166453022736049
-0.9022633  1.1437490000000001  0.17707706077436502
-0.9022633  1.20352  0.18342487237582306
-0.9022633  1.264142  0.18653443946840875
-0.9022633  1.323888  0.19059939463931355
-0.9022633  1.384431  0.1955758724883639
-0.9022633  1.4441359999999999  0.19571757853236443
-0.9022633  1.504507  0.19763348543539466
-0.9626994999999999  -0.9626994999999999  -0.142041
-0.9626994999999999  -0.9022633  -0.14004033957509246
-0.9626994999999999  -0.8425082  -0.13781868080779502
-0.9626994999999999  -0.7820459  -0.1346657617784311
-0.9626994999999999  -0.7222599000000001  -0.13070156706849761
-0.9626994999999999  -0.6617613999999999  -0.12752298883426788
-0.9626994999999999  -0.6018928  -0.12239067277268839
-0.9626994999999999  -0.54142  -0.1184978632477854
-0.9626994999999999  -0.4810313  -0.11276523864006764
-0.9626994999999999  -0.4211755  -0.10536281238201324
-0.9626994999999999  -0.3607777  -0.09898397677490844
-0.9626994999999999  -0.30096910000000004  -0.09226911028540843
-0.9626994999999999  -0.2405165  -0.08165935588966887
-0.9626994999999999  -0.18081039999999998  -0.07319426531121993
-0.9626994999999999  -0.1203049  -0.06394912006094655
-0.9626994999999999  -0.060572650000000006  -0.05062612637985652
-0.9626994999999999  -4.703754e-5  -0.0351902575620644
-0.9626994999999999  0.0604143  -0.01820283701921408
-0.9626994999999999  0.1201394  -0.002044648747840367
-0.9626994999999999  0.18065710000000001  0.012900392810962866
-0.9626994999999999  0.240404  0.02413685782848376
-0.9626994999999999  0.3009207  0.035189709972941914
-0.9626994999999999  0.3606818  0.04790284228971387
-0.9626994999999999  0.4211397  0.059161056342739105
-0.9626994999999999  0.48096530000000004  0.0672595184035011
-0.9626994999999999  0.541467  0.0797093328595923
-0.9626994999999999  0.6019167  0.09154557848624136
-0.9626994999999999  0.6617877999999999  0.09973992108184931
-0.9626994999999999  0.7223049  0.11193324765749323
-0.9626994999999999  0.7821372  0.122863014465856
-0.9626994999999999  0.8426201  0.1311652116805768
-0.9626994999999999  0.9024137  0.14133434928855138
-0.9626994999999999  0.9629333  0.15324653835506602
-0.9626994999999999  1.023462  0.1602338162788156
-0.9626994999999999  1.083231  0.1667218846910014
-0.9626994999999999  1.1437490000000001  0.1760433083148356
-0.9626994999999999  1.20352  0.18302452193851196
-0.9626994999999999  1.264142  0.18579356480718912
-0.9626994999999999  1.323888  0.19023365502625575
-0.9626994999999999  1.384431  0.19544433141310696
-0.9626994999999999  1.4441359999999999  0.19651785727221152
-0.9626994999999999  1.504507  0.19853684375096767
-1.023188  -1.023188  -0.1508463
-1.023188  -0.9626994999999999  -0.14977064422121028
-1.023188  -0.9022633  -0.1474533834212153
-1.023188  -0.8425082  -0.14413602492828523
-1.023188  -0.7820459  -0.141872286021618
-1.023188  -0.7222599000000001  -0.13831529075966245
-1.023188  -0.6617613999999999  -0.13357784899126057
-1.023188  -0.6018928  -0.12964199841337268
-1.023188  -0.54142  -0.12457312231395358
-1.023188  -0.4810313  -0.11797962766259167
-1.023188  -0.4211755  -0.1124091318006035
-1.023188  -0.3607777  -0.1049943741195117
-1.023188  -0.30096910000000004  -0.0954997947836717
-1.023188  -0.2405165  -0.08704359180860152
-1.023188  -0.18081039999999998  -0.07876250465817158
-1.023188  -0.1203049  -0.06609743797667823
-1.023188  -0.060572650000000006  -0.05448544029522945
-1.023188  -4.703754e-5  -0.04064336559557716
-1.023188  0.0604143  -0.020426727601172995
-1.023188  0.1201394  -0.0038483876717288253
-1.023188  0.18065710000000001  0.008275113848245955
-1.023188  0.240404  0.020886652021009342
-1.023188  0.3009207  0.034578238116791275
-1.023188  0.3606818  0.04616928197889276
-1.023188  0.4211397  0.05453286994039257
-1.023188  0.48096530000000004  0.06717971277116999
-1.023188  0.541467  0.07914678609063744
-1.023188  0.6019167  0.08876931018849758
-1.023188  0.6617877999999999  0.09837004102717603
-1.023188  0.7223049  0.1109923050166839
-1.023188  0.7821372  0.1217681289582979
-1.023188  0.8426201  0.12966766921606976
-1.023188  0.9024137  0.1403900765012212
-1.023188  0.9629333  0.15217740752537762
-1.023188  1.023462  0.1590497197314901
-1.023188  1.083231  0.16621393619211616
-1.023188  1.1437490000000001  0.17637780404131972
-1.023188  1.20352  0.18285153151142047
-1.023188  1.264142  0.18622874394354355
-1.023188  1.323888  0.18983613893132942
-1.023188  1.384431  0.19517012007097234
-1.023188  1.4441359999999999  0.196410062487013
-1.023188  1.504507  0.19701322888845868
-1.0829300000000002  -1.0829300000000002  -0.1598334
-1.0829300000000002  -1.023188  -0.1587969830082566
-1.0829300000000002  -0.9626994999999999  -0.1563711763646059
-1.0829300000000002  -0.9022633  -0.15429007549182513
-1.0829300000000002  -0.8425082  -0.15152418271270857
-1.0829300000000002  -0.7820459  -0.14834864167119463
-1.0829300000000002  -0.7222599000000001  -0.14496181463483612
-1.0829300000000002  -0.6617613999999999  -0.13974357699794185
-1.0829300000000002  -0.6018928  -0.13591340139745053
-1.0829300000000002  -0.54142  -0.13077496272294006
-1.0829300000000002  -0.4810313  -0.12312152570914278
-1.0829300000000002  -0.4211755  -0.11686314123132151
-1.0829300000000002  -0.3607777  -0.10978438707034441
-1.0829300000000002  -0.30096910000000004  -0.10042086127337899
-1.0829300000000002  -0.2405165  -0.0909543394130175
-1.0829300000000002  -0.18081039999999998  -0.0825546899862122
-1.0829300000000002  -0.1203049  -0.06937919442705284
-1.0829300000000002  -0.060572650000000006  -0.05724455253366354
-1.0829300000000002  -4.703754e-5  -0.04443549246990996
-1.0829300000000002  0.0604143  -0.02294053097890587
-1.0829300000000002  0.1201394  -0.006560043794578937
-1.0829300000000002  0.18065710000000001  0.006814642528846645
-1.0829300000000002  0.240404  0.018707761610158965
-1.0829300000000002  0.3009207  0.031212911927991915
-1.0829300000000002  0.3606818  0.04473240677451758
-1.0829300000000002  0.4211397  0.05422050369182951
-1.0829300000000002  0.48096530000000004  0.06399826534744897
-1.0829300000000002  0.541467  0.07725423703907693
-1.0829300000000002  0.6019167  0.0882029746059842
-1.0829300000000002  0.6617877999999999  0.09637479465491072
-1.0829300000000002  0.7223049  0.10851528889045568
-1.0829300000000002  0.7821372  0.12109544823825286
-1.0829300000000002  0.8426201  0.12973940476006085
-1.0829300000000002  0.9024137  0.13845685541479258
-1.0829300000000002  0.9629333  0.15091626847550124
-1.0829300000000002  1.023462  0.16046901111008316
-1.0829300000000002  1.083231  0.16568143771068533
-1.0829300000000002  1.1437490000000001  0.1746677458576681
-1.0829300000000002  1.20352  0.18282074986528002
-1.0829300000000002  1.264142  0.18605505608634926
-1.0829300000000002  1.323888  0.1896203850312237
-1.0829300000000002  1.384431  0.1949187294702303
-1.0829300000000002  1.4441359999999999  0.19699334182226425
-1.0829300000000002  1.504507  0.1972095831809348
-1.1434259999999998  -1.1434259999999998  -0.1673608
-1.1434259999999998  -1.0829300000000002  -0.16640161547360544
-1.1434259999999998  -1.023188  -0.16495556613379433
-1.1434259999999998  -0.9626994999999999  -0.16278854900049103
-1.1434259999999998  -0.9022633  -0.16043143558852335
-1.1434259999999998  -0.8425082  -0.15748537759426373
-1.1434259999999998  -0.7820459  -0.15476212429493083
-1.1434259999999998  -0.7222599000000001  -0.14986545652528005
-1.1434259999999998  -0.6617613999999999  -0.1461140585793632
-1.1434259999999998  -0.6018928  -0.14176691446949866
-1.1434259999999998  -0.54142  -0.13502256950459743
-1.1434259999999998  -0.4810313  -0.12857774942981243
-1.1434259999999998  -0.4211755  -0.12202350983288135
-1.1434259999999998  -0.3607777  -0.11302917119140539
-1.1434259999999998  -0.30096910000000004  -0.10396509669744725
-1.1434259999999998  -0.2405165  -0.09525564289309968
-1.1434259999999998  -0.18081039999999998  -0.08523490656233508
-1.1434259999999998  -0.1203049  -0.07254920820886528
-1.1434259999999998  -0.060572650000000006  -0.06031050580928035
-1.1434259999999998  -4.703754e-5  -0.04697058018760653
-1.1434259999999998  0.0604143  -0.02530695896046598
-1.1434259999999998  0.1201394  -0.008147159666999332
-1.1434259999999998  0.18065710000000001  0.003519901921770983
-1.1434259999999998  0.240404  0.016268698999361737
-1.1434259999999998  0.3009207  0.03054795137044646
-1.1434259999999998  0.3606818  0.04293114916365239
-1.1434259999999998  0.4211397  0.05267776674825087
-1.1434259999999998  0.48096530000000004  0.06304996306166308
-1.1434259999999998  0.541467  0.07620873962865533
-1.1434259999999998  0.6019167  0.08645067525592118
-1.1434259999999998  0.6617877999999999  0.09562162518396292
-1.1434259999999998  0.7223049  0.10773301853112809
-1.1434259999999998  0.7821372  0.12016154318338045
-1.1434259999999998  0.8426201  0.1288450917122962
-1.1434259999999998  0.9024137  0.13825792758919597
-1.1434259999999998  0.9629333  0.1501711530957084
-1.1434259999999998  1.023462  0.15882459164096646
-1.1434259999999998  1.083231  0.166138749414927
-1.1434259999999998  1.1437490000000001  0.17471156630502466
-1.1434259999999998  1.20352  0.18247818681650838
-1.1434259999999998  1.264142  0.1871837333534784
-1.1434259999999998  1.323888  0.18995538164998202
-1.1434259999999998  1.384431  0.19388156241023646
-1.1434259999999998  1.4441359999999999  0.19771054163351173
-1.1434259999999998  1.504507  0.19792044473897025
-1.2031489999999998  -1.2031489999999998  -0.1742704
-1.2031489999999998  -1.1434259999999998  -0.17344513640996007
-1.2031489999999998  -1.0829300000000002  -0.1719470077111767
-1.2031489999999998  -1.023188  -0.16988381945189335
-1.2031489999999998  -0.9626994999999999  -0.1674306483537096
-1.2031489999999998  -0.9022633  -0.16585669988528515
-1.2031489999999998  -0.8425082  -0.1625333755168013
-1.2031489999999998  -0.7820459  -0.1590128258801421
-1.2031489999999998  -0.7222599000000001  -0.15651488795844026
-1.2031489999999998  -0.6617613999999999  -0.1509240398185535
-1.2031489999999998  -0.6018928  -0.14514097725299335
-1.2031489999999998  -0.54142  -0.1400088856766668
-1.2031489999999998  -0.4810313  -0.13322061370055863
-1.2031489999999998  -0.4211755  -0.12462546551870027
-1.2031489999999998  -0.3607777  -0.11699793500567184
-1.2031489999999998  -0.30096910000000004  -0.10882156685398976
-1.2031489999999998  -0.2405165  -0.09743471264237236
-1.2031489999999998  -0.18081039999999998  -0.08635509981001292
-1.2031489999999998  -0.1203049  -0.07689287846969646
-1.2031489999999998  -0.060572650000000006  -0.06406698290858888
-1.2031489999999998  -4.703754e-5  -0.045433893955492445
-1.2031489999999998  0.0604143  -0.026135478800447177
-1.2031489999999998  0.1201394  -0.012548650816113832
-1.2031489999999998  0.18065710000000001  0.0021003085955810193
-1.2031489999999998  0.240404  0.01749376562995801
-1.2031489999999998  0.3009207  0.0294440571153159
-1.2031489999999998  0.3606818  0.03896299691232207
-1.2031489999999998  0.4211397  0.05084719526972894
-1.2031489999999998  0.48096530000000004  0.064262703605649
-1.2031489999999998  0.541467  0.07380666121574918
-1.2031489999999998  0.6019167  0.08412279548684506
-1.2031489999999998  0.6617877999999999  0.0968898685289145
-1.2031489999999998  0.7223049  0.10770300667900018
-1.2031489999999998  0.7821372  0.1166217866216513
-1.2031489999999998  0.8426201  0.128444705141551
-1.2031489999999998  0.9024137  0.1404424768191855
-1.2031489999999998  0.9629333  0.14858426491011215
-1.2031489999999998  1.023462  0.15662878016888748
-1.2031489999999998  1.083231  0.16671263023061708
-1.2031489999999998  1.1437490000000001  0.1760245268337321
-1.2031489999999998  1.20352  0.18013156639062333
-1.2031489999999998  1.264142  0.18498274543154083
-1.2031489999999998  1.323888  0.1914480911147873
-1.2031489999999998  1.384431  0.1951927107198728
-1.2031489999999998  1.4441359999999999  0.19568633111741082
-1.2031489999999998  1.504507  0.1978711378395911
-1.263706  -1.263706  -0.1796189
-1.263706  -1.2031489999999998  -0.17915844637360898
-1.263706  -1.1434259999999998  -0.17803178384756846
-1.263706  -1.0829300000000002  -0.1766417718090682
-1.263706  -1.023188  -0.17453380570155794
-1.263706  -0.9626994999999999  -0.17219581694738134
-1.263706  -0.9022633  -0.17039347843503327
-1.263706  -0.8425082  -0.1668550850316708
-1.263706  -0.7820459  -0.1633338651384741
-1.263706  -0.7222599000000001  -0.16058107958147336
-1.263706  -0.6617613999999999  -0.15521592747832041
-1.263706  -0.6018928  -0.1485126676223676
-1.263706  -0.54142  -0.14382450827818824
-1.263706  -0.4810313  -0.13582663197877
-1.263706  -0.4211755  -0.12656367929102316
-1.263706  -0.3607777  -0.12028632643543498
-1.263706  -0.30096910000000004  -0.11064379138211813
-1.263706  -0.2405165  -0.0986059606173542
-1.263706  -0.18081039999999998  -0.08865717910547136
-1.263706  -0.1203049  -0.07872292096705126
-1.263706  -0.060572650000000006  -0.06511306270635757
-1.263706  -4.703754e-5  -0.04773708665269306
-1.263706  0.0604143  -0.028642157038232717
-1.263706  0.1201394  -0.014643678112434324
-1.263706  0.18065710000000001  0.0014895249730352573
-1.263706  0.240404  0.01637789875028236
-1.263706  0.3009207  0.026991924657642042
-1.263706  0.3606818  0.03770069545042522
-1.263706  0.4211397  0.051316078923440075
-1.263706  0.48096530000000004  0.06296734481819809
-1.263706  0.541467  0.07193535842424616
-1.263706  0.6019167  0.08377534935152826
-1.263706  0.6617877999999999  0.0971971632883151
-1.263706  0.7223049  0.10593084845608151
-1.263706  0.7821372  0.11620808622679428
-1.263706  0.8426201  0.12785685382897644
-1.263706  0.9024137  0.1394520638571844
-1.263706  0.9629333  0.14733094771058503
-1.263706  1.023462  0.15694685996662028
-1.263706  1.083231  0.16769639901670771
-1.263706  1.1437490000000001  0.17513965022852318
-1.263706  1.20352  0.1789772741008906
-1.263706  1.264142  0.18666283671851272
-1.263706  1.323888  0.19151640611061285
-1.263706  1.384431  0.19345448199525822
-1.263706  1.4441359999999999  0.19564583323954937
-1.263706  1.504507  0.19839347596951673
-1.323432  -1.323432  -0.1845018
-1.323432  -1.263706  -0.18370183162511988
-1.323432  -1.2031489999999998  -0.1825291906418999
-1.323432  -1.1434259999999998  -0.18148452310336155
-1.323432  -1.0829300000000002  -0.17965409710375854
-1.323432  -1.023188  -0.17800745566172355
-1.323432  -0.9626994999999999  -0.17635957703544627
-1.323432  -0.9022633  -0.1741529427846267
-1.323432  -0.8425082  -0.17045546596700806
-1.323432  -0.7820459  -0.16753968079499193
-1.323432  -0.7222599000000001  -0.16366919590309018
-1.323432  -0.6617613999999999  -0.1572220824212476
-1.323432  -0.6018928  -0.15217855358515778
-1.323432  -0.54142  -0.1464891494968672
-1.323432  -0.4810313  -0.13802539832282382
-1.323432  -0.4211755  -0.12932125444374828
-1.323432  -0.3607777  -0.12206673713887334
-1.323432  -0.30096910000000004  -0.1126106699089337
-1.323432  -0.2405165  -0.10051571945410946
-1.323432  -0.18081039999999998  -0.0903880417270232
-1.323432  -0.1203049  -0.08043803148604786
-1.323432  -0.060572650000000006  -0.0661008519183805
-1.323432  -4.703754e-5  -0.04956850569404587
-1.323432  0.0604143  -0.030071626164354714
-1.323432  0.1201394  -0.015670523595104416
-1.323432  0.18065710000000001  0.0005905443637917922
-1.323432  0.240404  0.01590981367443071
-1.323432  0.3009207  0.02669617855682167
-1.323432  0.3606818  0.03695544543240782
-1.323432  0.4211397  0.050664934145454116
-1.323432  0.48096530000000004  0.062013727488992476
-1.323432  0.541467  0.07176277310883496
-1.323432  0.6019167  0.08210989508688313
-1.323432  0.6617877999999999  0.09540900455428414
-1.323432  0.7223049  0.10672636018253882
-1.323432  0.7821372  0.1151317777754003
-1.323432  0.8426201  0.12637349609106435
-1.323432  0.9024137  0.13853664967738952
-1.323432  0.9629333  0.14777491936055126
-1.323432  1.023462  0.15531256730069395
-1.323432  1.083231  0.16595032988695974
-1.323432  1.1437490000000001  0.1752251375375939
-1.323432  1.20352  0.17945309672316298
-1.323432  1.264142  0.18425677093660026
-1.323432  1.323888  0.19103885075502627
-1.323432  1.384431  0.1947739713404712
-1.323432  1.4441359999999999  0.19554852436676196
-1.323432  1.504507  0.19768145647209848
-1.3839190000000001  -1.3839190000000001  -0.1876456
-1.3839190000000001  -1.323432  -0.18708098713267213
-1.3839190000000001  -1.263706  -0.18601532720201056
-1.3839190000000001  -1.2031489999999998  -0.18535054364745845
-1.3839190000000001  -1.1434259999999998  -0.18429886250326927
-1.3839190000000001  -1.0829300000000002  -0.18231582646171451
-1.3839190000000001  -1.023188  -0.18153780483668938
-1.3839190000000001  -0.9626994999999999  -0.17908938500444463
-1.3839190000000001  -0.9022633  -0.17598095426361088
-1.3839190000000001  -0.8425082  -0.17413319815664996
-1.3839190000000001  -0.7820459  -0.17010316016414456
-1.3839190000000001  -0.7222599000000001  -0.1647896354541642
-1.3839190000000001  -0.6617613999999999  -0.16031958053844858
-1.3839190000000001  -0.6018928  -0.15514186533191132
-1.3839190000000001  -0.54142  -0.1474283301322792
-1.3839190000000001  -0.4810313  -0.13918369892998378
-1.3839190000000001  -0.4211755  -0.1326937355274026
-1.3839190000000001  -0.3607777  -0.12347474851363925
-1.3839190000000001  -0.30096910000000004  -0.11255215913641257
-1.3839190000000001  -0.2405165  -0.10213016634723232
-1.3839190000000001  -0.18081039999999998  -0.09255314816194371
-1.3839190000000001  -0.1203049  -0.08047994017054468
-1.3839190000000001  -0.060572650000000006  -0.06559305870278767
-1.3839190000000001  -4.703754e-5  -0.0502112481309838
-1.3839190000000001  0.0604143  -0.031312876537870585
-1.3839190000000001  0.1201394  -0.015468747332485417
-1.3839190000000001  0.18065710000000001  0.0008023236791120774
-1.3839190000000001  0.240404  0.014199209802290946
-1.3839190000000001  0.3009207  0.0248025412237958
-1.3839190000000001  0.3606818  0.03708176049930014
-1.3839190000000001  0.4211397  0.05083214048577634
-1.3839190000000001  0.48096530000000004  0.060841001521782234
-1.3839190000000001  0.541467  0.07015520855552078
-1.3839190000000001  0.6019167  0.08291663844951863
-1.3839190000000001  0.6617877999999999  0.09520405724847952
-1.3839190000000001  0.7223049  0.1047865082519257
-1.3839190000000001  0.7821372  0.1150410315256261
-1.3839190000000001  0.8426201  0.12707130399916094
-1.3839190000000001  0.9024137  0.1384623450607605
-1.3839190000000001  0.9629333  0.14669679448734904
-1.3839190000000001  1.023462  0.15571411669398855
-1.3839190000000001  1.083231  0.16564011595196296
-1.3839190000000001  1.1437490000000001  0.1742723529844646
-1.3839190000000001  1.20352  0.17891999632490174
-1.3839190000000001  1.264142  0.1852831272514841
-1.3839190000000001  1.323888  0.19113490095484678
-1.3839190000000001  1.384431  0.19483326554432315
-1.3839190000000001  1.4441359999999999  0.19485228461658188
-1.3839190000000001  1.504507  0.19812245501687467
-1.443657  -1.443657  -0.1905028
-1.443657  -1.3839190000000001  -0.18974846213110239
-1.443657  -1.323432  -0.1887312766721651
-1.443657  -1.263706  -0.18801283758039575
-1.443657  -1.2031489999999998  -0.18759920243212275
-1.443657  -1.1434259999999998  -0.18574248699025872
-1.443657  -1.0829300000000002  -0.18431214724793768
-1.443657  -1.023188  -0.18365785193996237
-1.443657  -0.9626994999999999  -0.18095568997852274
-1.443657  -0.9022633  -0.1780564153764191
-1.443657  -0.8425082  -0.17559151230990697
-1.443657  -0.7820459  -0.17210417874574374
-1.443657  -0.7222599000000001  -0.1669549629904347
-1.443657  -0.6617613999999999  -0.16198365764701245
-1.443657  -0.6018928  -0.1569382973946041
-1.443657  -0.54142  -0.1496993996649852
-1.443657  -0.4810313  -0.14050641926844162
-1.443657  -0.4211755  -0.1325505273815089
-1.443657  -0.3607777  -0.12458617010116844
-1.443657  -0.30096910000000004  -0.11459713119891281
-1.443657  -0.2405165  -0.1023596546523109
-1.443657  -0.18081039999999998  -0.09190239320140683
-1.443657  -0.1203049  -0.0816959223790266
-1.443657  -0.060572650000000006  -0.06805764582750841
-1.443657  -4.703754e-5  -0.049597228638341234
-1.443657  0.0604143  -0.03037083506884794
-1.443657  0.1201394  -0.017365048058718843
-1.443657  0.18065710000000001  -0.0008606954489345042
-1.443657  0.240404  0.014831160978875688
-1.443657  0.3009207  0.026998034490743297
-1.443657  0.3606818  0.036908438597692175
-1.443657  0.4211397  0.04769002759342851
-1.443657  0.48096530000000004  0.06121493147742049
-1.443657  0.541467  0.0725124886266791
-1.443657  0.6019167  0.08184403444192798
-1.443657  0.6617877999999999  0.09347346101935962
-1.443657  0.7223049  0.1061799965733017
-1.443657  0.7821372  0.11624801595696753
-1.443657  0.8426201  0.12486414469838093
-1.443657  0.9024137  0.13672411701931694
-1.443657  0.9629333  0.14817366008675592
-1.443657  1.023462  0.15657492822534927
-1.443657  1.083231  0.16379861186592967
-1.443657  1.1437490000000001  0.1729882779488986
-1.443657  1.20352  0.18110530140507594
-1.443657  1.264142  0.1856377337836961
-1.443657  1.323888  0.18819766723432635
-1.443657  1.384431  0.19339104833225207
-1.443657  1.4441359999999999  0.19710153713484257
-1.443657  1.504507  0.19791379079916374
-1.504132  -1.504132  -0.1922151
-1.504132  -1.443657  -0.1917524569210226
-1.504132  -1.3839190000000001  -0.19123344401321218
-1.504132  -1.323432  -0.19014494326295261
-1.504132  -1.263706  -0.18989684865415987
-1.504132  -1.2031489999999998  -0.1887488238952294
-1.504132  -1.1434259999999998  -0.18725935769157354
-1.504132  -1.0829300000000002  -0.1858943163265306
-1.504132  -1.023188  -0.18409635419467993
-1.504132  -0.9626994999999999  -0.1819668295778319
-1.504132  -0.9022633  -0.18000182326315767
-1.504132  -0.8425082  -0.1773710122171428
-1.504132  -0.7820459  -0.17252707808619555
-1.504132  -0.7222599000000001  -0.16786944325321518
-1.504132  -0.6617613999999999  -0.16343902661801443
-1.504132  -0.6018928  -0.1574459875789773
-1.504132  -0.54142  -0.14908529817412455
-1.504132  -0.4810313  -0.14175931893970548
-1.504132  -0.4211755  -0.13523654723780296
-1.504132  -0.3607777  -0.12426359109413682
-1.504132  -0.30096910000000004  -0.11355350423688818
-1.504132  -0.2405165  -0.10387371677510022
-1.504132  -0.18081039999999998  -0.09418099893917704
-1.504132  -0.1203049  -0.0805112476972096
-1.504132  -0.060572650000000006  -0.06675173088236847
-1.504132  -4.703754e-5  -0.0518955570399361
-1.504132  0.0604143  -0.03250846924355187
-1.504132  0.1201394  -0.015582970125819745
-1.504132  0.18065710000000001  0.0006788578358072166
-1.504132  0.240404  0.013962612640846056
-1.504132  0.3009207  0.02462430895534265
-1.504132  0.3606818  0.03625236911666377
-1.504132  0.4211397  0.04996791508514706
-1.504132  0.48096530000000004  0.06079184082034744
-1.504132  0.541467  0.06999757552940829
-1.504132  0.6019167  0.08224616754595676
-1.504132  0.6617877999999999  0.09501183744676925
-1.504132  0.7223049  0.10548630748110613
-1.504132  0.7821372  0.1144739280771
-1.504132  0.8426201  0.1253718017415578
-1.504132  0.9024137  0.1379078988644035
-1.504132  0.9629333  0.14724118797936228
-1.504132  1.023462  0.15527831188135588
-1.504132  1.083231  0.1643464525147961
-1.504132  1.1437490000000001  0.17385564462242564
-1.504132  1.20352  0.18043574368565982
-1.504132  1.264142  0.184204280412526
-1.504132  1.323888  0.18834652175832572
-1.504132  1.384431  0.19435328045738484
-1.504132  1.4441359999999999  0.1966476660367612
-1.504132  1.504507  0.1976452980245834
